Date,Open,High,Low,Close,Adj Close,Volume,Symbol,Sector,Industry,Market,QuoteType,Dividend Yield,Debt-to-Equity Ratio,Current Ratio,Earning per Share,Variability Index
2002-07-01,311.79998779296875,317.5,307.0,312.3500061035156,154.8136749267578,113852,HEROMOTOCO,Consumer Cyclical,Auto Manufacturers,N/A,EQUITY,0.0207,3.4,1.464,187.32,0.03420195439739414
2002-07-02,314.79998779296875,323.0,313.5,315.3999938964844,156.3253631591797,166016,HEROMOTOCO,Consumer Cyclical,Auto Manufacturers,N/A,EQUITY,0.0207,3.4,1.464,187.32,0.030303030303030304
2002-07-03,316.25,322.5,312.0,314.3500061035156,155.80496215820312,196486,HEROMOTOCO,Consumer Cyclical,Auto Manufacturers,N/A,EQUITY,0.0207,3.4,1.464,187.32,0.03365384615384615
2002-07-04,316.75,319.8500061035156,316.75,318.1499938964844,157.6884002685547,233997,HEROMOTOCO,Consumer Cyclical,Auto Manufacturers,N/A,EQUITY,0.0207,3.4,1.464,187.32,0.00978691745387727
2002-07-05,319.8999938964844,330.0,319.8999938964844,324.04998779296875,160.6126251220703,472596,HEROMOTOCO,Consumer Cyclical,Auto Manufacturers,N/A,EQUITY,0.0207,3.4,1.464,187.32,0.031572386046321274
2002-07-08,331.0,340.0,328.0,338.8500061035156,167.94818115234375,317179,HEROMOTOCO,Consumer Cyclical,Auto Manufacturers,N/A,EQUITY,0.0207,3.4,1.464,187.32,0.036585365853658534
2002-07-09,339.29998779296875,343.8999938964844,333.0,336.6499938964844,166.85777282714844,456642,HEROMOTOCO,Consumer Cyclical,Auto Manufacturers,N/A,EQUITY,0.0207,3.4,1.464,187.32,0.03273271440385698
2002-07-10,336.6000061035156,338.0,328.0,329.5,163.3139190673828,98892,HEROMOTOCO,Consumer Cyclical,Auto Manufacturers,N/A,EQUITY,0.0207,3.4,1.464,187.32,0.03048780487804878
2002-07-11,330.0,330.0,322.25,323.3999938964844,160.29051208496094,68794,HEROMOTOCO,Consumer Cyclical,Auto Manufacturers,N/A,EQUITY,0.0207,3.4,1.464,187.32,0.02404965089216447
2002-07-12,326.79998779296875,332.0,326.0,327.95001220703125,162.5457305908203,63190,HEROMOTOCO,Consumer Cyclical,Auto Manufacturers,N/A,EQUITY,0.0207,3.4,1.464,187.32,0.018404907975460124
2002-07-15,328.0,328.79998779296875,319.0,320.6499938964844,158.927490234375,87809,HEROMOTOCO,Consumer Cyclical,Auto Manufacturers,N/A,EQUITY,0.0207,3.4,1.464,187.32,0.030720964868240594
2002-07-16,318.5,320.95001220703125,314.0,315.0,156.1271209716797,47189,HEROMOTOCO,Consumer Cyclical,Auto Manufacturers,N/A,EQUITY,0.0207,3.4,1.464,187.32,0.02213379683767914
2002-07-17,314.1000061035156,317.8999938964844,305.0,307.75,152.53375244140625,122953,HEROMOTOCO,Consumer Cyclical,Auto Manufacturers,N/A,EQUITY,0.0207,3.4,1.464,187.32,0.042295061955686476
2002-07-18,308.1000061035156,315.0,307.5,312.25,154.7640838623047,173079,HEROMOTOCO,Consumer Cyclical,Auto Manufacturers,N/A,EQUITY,0.0207,3.4,1.464,187.32,0.024390243902439025
2002-07-19,300.0,314.0,300.0,307.25,152.28585815429688,84246,HEROMOTOCO,Consumer Cyclical,Auto Manufacturers,N/A,EQUITY,0.0207,3.4,1.464,187.32,0.04666666666666667
2002-07-22,302.0,307.70001220703125,299.20001220703125,301.8999938964844,149.63424682617188,103234,HEROMOTOCO,Consumer Cyclical,Auto Manufacturers,N/A,EQUITY,0.0207,3.4,1.464,187.32,0.02840908975003126
2002-07-23,300.0,309.1000061035156,298.04998779296875,306.1000061035156,151.71591186523438,78746,HEROMOTOCO,Consumer Cyclical,Auto Manufacturers,N/A,EQUITY,0.0207,3.4,1.464,187.32,0.037074379342778
2002-07-24,307.0,309.75,295.95001220703125,299.04998779296875,148.2216339111328,189959,HEROMOTOCO,Consumer Cyclical,Auto Manufacturers,N/A,EQUITY,0.0207,3.4,1.464,187.32,0.046629455055791635
2002-07-25,312.0,312.0,284.54998779296875,287.25,142.3730926513672,266291,HEROMOTOCO,Consumer Cyclical,Auto Manufacturers,N/A,EQUITY,0.0207,3.4,1.464,187.32,0.09646815457607108
2002-07-26,285.29998779296875,289.70001220703125,276.1499938964844,278.5,138.0362091064453,178532,HEROMOTOCO,Consumer Cyclical,Auto Manufacturers,N/A,EQUITY,0.0207,3.4,1.464,187.32,0.049067603150576705
2002-07-29,279.8999938964844,281.8999938964844,246.0500030517578,274.0,135.80581665039062,386909,HEROMOTOCO,Consumer Cyclical,Auto Manufacturers,N/A,EQUITY,0.0207,3.4,1.464,187.32,0.14570205405437586
2002-07-30,280.0,289.0,275.1000061035156,276.5,137.04490661621094,254176,HEROMOTOCO,Consumer Cyclical,Auto Manufacturers,N/A,EQUITY,0.0207,3.4,1.464,187.32,0.05052705775387746
2002-07-31,255.0,272.0,255.0,267.1000061035156,132.3859100341797,325601,HEROMOTOCO,Consumer Cyclical,Auto Manufacturers,N/A,EQUITY,0.0207,3.4,1.464,187.32,0.06666666666666667
2002-08-01,269.0,279.8999938964844,255.25,262.79998779296875,130.25462341308594,438415,HEROMOTOCO,Consumer Cyclical,Auto Manufacturers,N/A,EQUITY,0.0207,3.4,1.464,187.32,0.0965719643349045
2002-08-02,260.0,271.95001220703125,255.5,269.0,133.32762145996094,229465,HEROMOTOCO,Consumer Cyclical,Auto Manufacturers,N/A,EQUITY,0.0207,3.4,1.464,187.32,0.06438360942086595
2002-08-05,271.79998779296875,280.1000061035156,271.79998779296875,276.25,136.92098999023438,297447,HEROMOTOCO,Consumer Cyclical,Auto Manufacturers,N/A,EQUITY,0.0207,3.4,1.464,187.32,0.030537228415437
2002-08-06,277.3999938964844,284.8999938964844,272.1000061035156,279.5,138.53184509277344,184716,HEROMOTOCO,Consumer Cyclical,Auto Manufacturers,N/A,EQUITY,0.0207,3.4,1.464,187.32,0.04704148293219523
2002-08-07,282.0,284.8999938964844,272.0,273.3999938964844,135.50843811035156,164013,HEROMOTOCO,Consumer Cyclical,Auto Manufacturers,N/A,EQUITY,0.0207,3.4,1.464,187.32,0.04742644814883962
2002-08-08,275.79998779296875,279.0,272.0,274.20001220703125,135.90496826171875,166449,HEROMOTOCO,Consumer Cyclical,Auto Manufacturers,N/A,EQUITY,0.0207,3.4,1.464,187.32,0.025735294117647058
2002-08-09,278.0,278.0,273.0,275.5,136.5492706298828,94358,HEROMOTOCO,Consumer Cyclical,Auto Manufacturers,N/A,EQUITY,0.0207,3.4,1.464,187.32,0.018315018315018316
2002-08-12,276.70001220703125,287.0,275.0,283.70001220703125,140.61354064941406,182823,HEROMOTOCO,Consumer Cyclical,Auto Manufacturers,N/A,EQUITY,0.0207,3.4,1.464,187.32,0.04363636363636364
2002-08-13,285.8500061035156,288.0,280.6499938964844,285.70001220703125,141.60482788085938,156701,HEROMOTOCO,Consumer Cyclical,Auto Manufacturers,N/A,EQUITY,0.0207,3.4,1.464,187.32,0.02618922595176189
2002-08-14,279.20001220703125,300.5,279.20001220703125,298.70001220703125,148.04820251464844,650771,HEROMOTOCO,Consumer Cyclical,Auto Manufacturers,N/A,EQUITY,0.0207,3.4,1.464,187.32,0.07628935122386195
2002-08-15,298.70001220703125,298.70001220703125,298.70001220703125,298.70001220703125,148.04820251464844,0,HEROMOTOCO,Consumer Cyclical,Auto Manufacturers,N/A,EQUITY,0.0207,3.4,1.464,187.32,0.0
2002-08-16,299.0,306.0,297.04998779296875,300.6000061035156,148.98989868164062,762266,HEROMOTOCO,Consumer Cyclical,Auto Manufacturers,N/A,EQUITY,0.0207,3.4,1.464,187.32,0.030129650142483862
2002-08-19,303.0,308.5,298.0,299.6499938964844,148.51902770996094,487314,HEROMOTOCO,Consumer Cyclical,Auto Manufacturers,N/A,EQUITY,0.0207,3.4,1.464,187.32,0.03523489932885906
2002-08-20,300.1499938964844,303.75,292.0,294.1499938964844,145.79298400878906,259312,HEROMOTOCO,Consumer Cyclical,Auto Manufacturers,N/A,EQUITY,0.0207,3.4,1.464,187.32,0.04023972602739726
2002-08-21,294.8999938964844,295.5,281.54998779296875,282.95001220703125,140.24179077148438,206978,HEROMOTOCO,Consumer Cyclical,Auto Manufacturers,N/A,EQUITY,0.0207,3.4,1.464,187.32,0.04954719521170453
2002-08-22,284.0,286.8500061035156,277.0,278.0,137.78842163085938,203546,HEROMOTOCO,Consumer Cyclical,Auto Manufacturers,N/A,EQUITY,0.0207,3.4,1.464,187.32,0.03555958882135605
2002-08-23,282.5,282.8999938964844,272.0,274.29998779296875,135.95448303222656,194880,HEROMOTOCO,Consumer Cyclical,Auto Manufacturers,N/A,EQUITY,0.0207,3.4,1.464,187.32,0.04007350697236903
2002-08-26,273.8999938964844,281.8999938964844,273.0,277.5,137.54052734375,169296,HEROMOTOCO,Consumer Cyclical,Auto Manufacturers,N/A,EQUITY,0.0207,3.4,1.464,187.32,0.03260071024353251
2002-08-27,282.0,282.0,269.5,270.1000061035156,133.8728485107422,164835,HEROMOTOCO,Consumer Cyclical,Auto Manufacturers,N/A,EQUITY,0.0207,3.4,1.464,187.32,0.04638218923933209
2002-08-28,259.0,275.0,259.0,273.75,135.681884765625,88618,HEROMOTOCO,Consumer Cyclical,Auto Manufacturers,N/A,EQUITY,0.0207,3.4,1.464,187.32,0.06177606177606178
2002-08-29,277.5,278.79998779296875,264.0,265.45001220703125,131.568115234375,404807,HEROMOTOCO,Consumer Cyclical,Auto Manufacturers,N/A,EQUITY,0.0207,3.4,1.464,187.32,0.056060559821851326
2002-08-30,269.0,271.70001220703125,267.5,269.0,133.32762145996094,204888,HEROMOTOCO,Consumer Cyclical,Auto Manufacturers,N/A,EQUITY,0.0207,3.4,1.464,187.32,0.015700980213200936
2002-09-02,275.0,275.0,266.6000061035156,269.29998779296875,133.47625732421875,310499,HEROMOTOCO,Consumer Cyclical,Auto Manufacturers,N/A,EQUITY,0.0207,3.4,1.464,187.32,0.031507853353997375
2002-09-03,274.0,275.0,270.3999938964844,274.0,135.80581665039062,117646,HEROMOTOCO,Consumer Cyclical,Auto Manufacturers,N/A,EQUITY,0.0207,3.4,1.464,187.32,0.017011857275694386
2002-09-04,272.5,274.0,268.0,273.1499938964844,135.38450622558594,125061,HEROMOTOCO,Consumer Cyclical,Auto Manufacturers,N/A,EQUITY,0.0207,3.4,1.464,187.32,0.022388059701492536
2002-09-05,275.0,277.0,273.8500061035156,275.1000061035156,136.3510284423828,245777,HEROMOTOCO,Consumer Cyclical,Auto Manufacturers,N/A,EQUITY,0.0207,3.4,1.464,187.32,0.011502624890552945
2002-09-06,275.79998779296875,282.70001220703125,274.25,279.8999938964844,138.73008728027344,283714,HEROMOTOCO,Consumer Cyclical,Auto Manufacturers,N/A,EQUITY,0.0207,3.4,1.464,187.32,0.030811348065747493
2002-09-09,280.0,280.0,274.1000061035156,276.1499938964844,136.87144470214844,251963,HEROMOTOCO,Consumer Cyclical,Auto Manufacturers,N/A,EQUITY,0.0207,3.4,1.464,187.32,0.021524968132456752
2002-09-10,276.1499938964844,276.1499938964844,276.1499938964844,276.1499938964844,136.87144470214844,0,HEROMOTOCO,Consumer Cyclical,Auto Manufacturers,N/A,EQUITY,0.0207,3.4,1.464,187.32,0.0
2002-09-11,277.79998779296875,285.0,276.0,281.1499938964844,139.34962463378906,295020,HEROMOTOCO,Consumer Cyclical,Auto Manufacturers,N/A,EQUITY,0.0207,3.4,1.464,187.32,0.03260869565217391
2002-09-12,282.6499938964844,283.8999938964844,276.1000061035156,279.1499938964844,138.3583984375,124554,HEROMOTOCO,Consumer Cyclical,Auto Manufacturers,N/A,EQUITY,0.0207,3.4,1.464,187.32,0.02825058899145541
2002-09-13,279.0,280.0,275.5,276.25,136.92098999023438,53643,HEROMOTOCO,Consumer Cyclical,Auto Manufacturers,N/A,EQUITY,0.0207,3.4,1.464,187.32,0.016333938294010888
2002-09-16,278.04998779296875,278.75,274.54998779296875,275.1000061035156,136.3510284423828,28733,HEROMOTOCO,Consumer Cyclical,Auto Manufacturers,N/A,EQUITY,0.0207,3.4,1.464,187.32,0.015297805112992297
2002-09-17,275.0,275.0,273.20001220703125,274.04998779296875,135.83058166503906,50392,HEROMOTOCO,Consumer Cyclical,Auto Manufacturers,N/A,EQUITY,0.0207,3.4,1.464,187.32,0.006588534818968886
2002-09-18,274.79998779296875,275.75,263.3999938964844,266.45001220703125,132.063720703125,142897,HEROMOTOCO,Consumer Cyclical,Auto Manufacturers,N/A,EQUITY,0.0207,3.4,1.464,187.32,0.04688688834354776
2002-09-19,270.1000061035156,271.0,250.5,253.5,125.64517211914062,356542,HEROMOTOCO,Consumer Cyclical,Auto Manufacturers,N/A,EQUITY,0.0207,3.4,1.464,187.32,0.08183632734530938
2002-09-20,252.0,265.0,235.3000030517578,258.5,128.12335205078125,584092,HEROMOTOCO,Consumer Cyclical,Auto Manufacturers,N/A,EQUITY,0.0207,3.4,1.464,187.32,0.1262218298471897
2002-09-23,260.0,267.25,260.0,265.70001220703125,131.69198608398438,406385,HEROMOTOCO,Consumer Cyclical,Auto Manufacturers,N/A,EQUITY,0.0207,3.4,1.464,187.32,0.027884615384615386
2002-09-24,262.6000061035156,275.0,262.0,270.3999938964844,134.02154541015625,405272,HEROMOTOCO,Consumer Cyclical,Auto Manufacturers,N/A,EQUITY,0.0207,3.4,1.464,187.32,0.04961832061068702
2002-09-25,269.0,276.04998779296875,265.0,271.25,134.44277954101562,275355,HEROMOTOCO,Consumer Cyclical,Auto Manufacturers,N/A,EQUITY,0.0207,3.4,1.464,187.32,0.041698067143278304
2002-09-26,273.79998779296875,279.0,265.5,267.1000061035156,132.3859100341797,147471,HEROMOTOCO,Consumer Cyclical,Auto Manufacturers,N/A,EQUITY,0.0207,3.4,1.464,187.32,0.05084745762711865
2002-09-27,269.79998779296875,271.75,266.29998779296875,269.04998779296875,133.3523712158203,142003,HEROMOTOCO,Consumer Cyclical,Auto Manufacturers,N/A,EQUITY,0.0207,3.4,1.464,187.32,0.020465687032882204
2002-09-30,270.0,270.45001220703125,258.25,260.1499938964844,128.94117736816406,290964,HEROMOTOCO,Consumer Cyclical,Auto Manufacturers,N/A,EQUITY,0.0207,3.4,1.464,187.32,0.04724109276681994
2002-10-01,260.04998779296875,263.3999938964844,247.60000610351562,248.60000610351562,123.21651458740234,289011,HEROMOTOCO,Consumer Cyclical,Auto Manufacturers,N/A,EQUITY,0.0207,3.4,1.464,187.32,0.06381255009486209
2002-10-02,248.60000610351562,248.60000610351562,248.60000610351562,248.60000610351562,123.21651458740234,0,HEROMOTOCO,Consumer Cyclical,Auto Manufacturers,N/A,EQUITY,0.0207,3.4,1.464,187.32,0.0
2002-10-03,251.89999389648438,253.5,231.60000610351562,233.39999389648438,115.6827621459961,670186,HEROMOTOCO,Consumer Cyclical,Auto Manufacturers,N/A,EQUITY,0.0207,3.4,1.464,187.32,0.09455955664653991
2002-10-04,236.0,241.9499969482422,234.14999389648438,240.85000610351562,119.37532043457031,554248,HEROMOTOCO,Consumer Cyclical,Auto Manufacturers,N/A,EQUITY,0.0207,3.4,1.464,187.32,0.03331199340199908
2002-10-07,241.25,246.8000030517578,241.25,245.0,121.43222045898438,113959,HEROMOTOCO,Consumer Cyclical,Auto Manufacturers,N/A,EQUITY,0.0207,3.4,1.464,187.32,0.023005193996923575
2002-10-08,245.9499969482422,248.60000610351562,244.10000610351562,247.25,122.54740905761719,88763,HEROMOTOCO,Consumer Cyclical,Auto Manufacturers,N/A,EQUITY,0.0207,3.4,1.464,187.32,0.018435067134294467
2002-10-09,247.9499969482422,265.25,247.9499969482422,261.70001220703125,129.70941162109375,509699,HEROMOTOCO,Consumer Cyclical,Auto Manufacturers,N/A,EQUITY,0.0207,3.4,1.464,187.32,0.0697721446448296
2002-10-10,258.0,273.79998779296875,254.0500030517578,268.8500061035156,133.25323486328125,738387,HEROMOTOCO,Consumer Cyclical,Auto Manufacturers,N/A,EQUITY,0.0207,3.4,1.464,187.32,0.07774054124765059
2002-10-11,263.8999938964844,266.8999938964844,256.6000061035156,258.5,128.12335205078125,360309,HEROMOTOCO,Consumer Cyclical,Auto Manufacturers,N/A,EQUITY,0.0207,3.4,1.464,187.32,0.04014024765382744
2002-10-14,262.79998779296875,265.0,258.3999938964844,259.6499938964844,128.693359375,97833,HEROMOTOCO,Consumer Cyclical,Auto Manufacturers,N/A,EQUITY,0.0207,3.4,1.464,187.32,0.025541819889359604
2002-10-15,259.6499938964844,259.6499938964844,259.6499938964844,259.6499938964844,128.693359375,0,HEROMOTOCO,Consumer Cyclical,Auto Manufacturers,N/A,EQUITY,0.0207,3.4,1.464,187.32,0.0
2002-10-16,260.0,264.95001220703125,247.0,248.14999389648438,122.99349975585938,262570,HEROMOTOCO,Consumer Cyclical,Auto Manufacturers,N/A,EQUITY,0.0207,3.4,1.464,187.32,0.07267211419850708
2002-10-17,249.8000030517578,253.5,235.10000610351562,238.8000030517578,118.35920715332031,512707,HEROMOTOCO,Consumer Cyclical,Auto Manufacturers,N/A,EQUITY,0.0207,3.4,1.464,187.32,0.07826454027560838
2002-10-18,245.10000610351562,257.8999938964844,243.9499969482422,255.8000030517578,126.78514099121094,810791,HEROMOTOCO,Consumer Cyclical,Auto Manufacturers,N/A,EQUITY,0.0207,3.4,1.464,187.32,0.057183837355004756
2002-10-21,257.1000061035156,264.70001220703125,250.9499969482422,252.25,125.02562713623047,478714,HEROMOTOCO,Consumer Cyclical,Auto Manufacturers,N/A,EQUITY,0.0207,3.4,1.464,187.32,0.05479185266387936
2002-10-22,232.0,254.0,232.0,236.35000610351562,117.14491271972656,629830,HEROMOTOCO,Consumer Cyclical,Auto Manufacturers,N/A,EQUITY,0.0207,3.4,1.464,187.32,0.09482758620689655
2002-10-23,238.64999389648438,245.4499969482422,230.6999969482422,232.6999969482422,115.33582305908203,727425,HEROMOTOCO,Consumer Cyclical,Auto Manufacturers,N/A,EQUITY,0.0207,3.4,1.464,187.32,0.06393584826665247
2002-10-24,235.5,239.89999389648438,234.60000610351562,237.6999969482422,117.81401062011719,369214,HEROMOTOCO,Consumer Cyclical,Auto Manufacturers,N/A,EQUITY,0.0207,3.4,1.464,187.32,0.022591592732653924
2002-10-25,239.89999389648438,246.8000030517578,235.75,244.5,121.18437194824219,543559,HEROMOTOCO,Consumer Cyclical,Auto Manufacturers,N/A,EQUITY,0.0207,3.4,1.464,187.32,0.04687169905305541
2002-10-28,244.8000030517578,248.0,241.10000610351562,245.3000030517578,121.58088684082031,233236,HEROMOTOCO,Consumer Cyclical,Auto Manufacturers,N/A,EQUITY,0.0207,3.4,1.464,187.32,0.02861880432106618
2002-10-29,246.8000030517578,246.8000030517578,234.0,239.9499969482422,118.92922973632812,377029,HEROMOTOCO,Consumer Cyclical,Auto Manufacturers,N/A,EQUITY,0.0207,3.4,1.464,187.32,0.054700867742554754
2002-10-30,243.6999969482422,244.8000030517578,238.0,241.10000610351562,119.49918365478516,155257,HEROMOTOCO,Consumer Cyclical,Auto Manufacturers,N/A,EQUITY,0.0207,3.4,1.464,187.32,0.02857144139394039
2002-10-31,242.6999969482422,242.6999969482422,235.0500030517578,236.5,117.21926879882812,253562,HEROMOTOCO,Consumer Cyclical,Auto Manufacturers,N/A,EQUITY,0.0207,3.4,1.464,187.32,0.032546240362310706
2002-11-01,239.3000030517578,244.10000610351562,237.25,240.1999969482422,119.05310821533203,371886,HEROMOTOCO,Consumer Cyclical,Auto Manufacturers,N/A,EQUITY,0.0207,3.4,1.464,187.32,0.028872523091741306
2002-11-04,243.0,243.89999389648438,241.14999389648438,242.89999389648438,120.39134979248047,91077,HEROMOTOCO,Consumer Cyclical,Auto Manufacturers,N/A,EQUITY,0.0207,3.4,1.464,187.32,0.011403690937601517
2002-11-05,243.0,244.0,237.5,240.0,118.9540023803711,222859,HEROMOTOCO,Consumer Cyclical,Auto Manufacturers,N/A,EQUITY,0.0207,3.4,1.464,187.32,0.02736842105263158
2002-11-06,240.0,240.0,240.0,240.0,118.9540023803711,0,HEROMOTOCO,Consumer Cyclical,Auto Manufacturers,N/A,EQUITY,0.0207,3.4,1.464,187.32,0.0
2002-11-07,241.0,247.9499969482422,238.0,240.14999389648438,119.02831268310547,325023,HEROMOTOCO,Consumer Cyclical,Auto Manufacturers,N/A,EQUITY,0.0207,3.4,1.464,187.32,0.04180670986656381
2002-11-08,240.39999389648438,253.89999389648438,240.25,252.89999389648438,125.34774017333984,756762,HEROMOTOCO,Consumer Cyclical,Auto Manufacturers,N/A,EQUITY,0.0207,3.4,1.464,187.32,0.05681579145258845
2002-11-11,255.0,258.0,247.60000610351562,249.5500030517578,123.68737030029297,592658,HEROMOTOCO,Consumer Cyclical,Auto Manufacturers,N/A,EQUITY,0.0207,3.4,1.464,187.32,0.042003205331652485
2002-11-12,249.6999969482422,262.5,249.0,260.54998779296875,129.1394500732422,643406,HEROMOTOCO,Consumer Cyclical,Auto Manufacturers,N/A,EQUITY,0.0207,3.4,1.464,187.32,0.05421686746987952
2002-11-13,262.5,266.79998779296875,258.1000061035156,261.20001220703125,129.46163940429688,547409,HEROMOTOCO,Consumer Cyclical,Auto Manufacturers,N/A,EQUITY,0.0207,3.4,1.464,187.32,0.033707793427807366
2002-11-14,260.0,261.5,253.10000610351562,254.75,126.26472473144531,225844,HEROMOTOCO,Consumer Cyclical,Auto Manufacturers,N/A,EQUITY,0.0207,3.4,1.464,187.32,0.03318843814270338
2002-11-15,255.0,260.0,252.0,252.75,125.27342987060547,413411,HEROMOTOCO,Consumer Cyclical,Auto Manufacturers,N/A,EQUITY,0.0207,3.4,1.464,187.32,0.031746031746031744
2002-11-18,255.0,257.8999938964844,253.0,254.8000030517578,126.28949737548828,322331,HEROMOTOCO,Consumer Cyclical,Auto Manufacturers,N/A,EQUITY,0.0207,3.4,1.464,187.32,0.019367564808238636
2002-11-19,254.8000030517578,254.8000030517578,254.8000030517578,254.8000030517578,126.28949737548828,0,HEROMOTOCO,Consumer Cyclical,Auto Manufacturers,N/A,EQUITY,0.0207,3.4,1.464,187.32,0.0
2002-11-20,256.8999938964844,261.6000061035156,252.5500030517578,260.29998779296875,129.01551818847656,336527,HEROMOTOCO,Consumer Cyclical,Auto Manufacturers,N/A,EQUITY,0.0207,3.4,1.464,187.32,0.035834499870915054
2002-11-21,261.54998779296875,265.0,256.54998779296875,258.25,127.99946594238281,521969,HEROMOTOCO,Consumer Cyclical,Auto Manufacturers,N/A,EQUITY,0.0207,3.4,1.464,187.32,0.03293709845681325
2002-11-22,260.20001220703125,269.0,259.1000061035156,266.25,131.96458435058594,1113901,HEROMOTOCO,Consumer Cyclical,Auto Manufacturers,N/A,EQUITY,0.0207,3.4,1.464,187.32,0.03820916118592884
2002-11-25,267.5,286.3999938964844,265.25,283.04998779296875,140.29135131835938,1636261,HEROMOTOCO,Consumer Cyclical,Auto Manufacturers,N/A,EQUITY,0.0207,3.4,1.464,187.32,0.07973607501030867
2002-11-26,283.70001220703125,299.45001220703125,280.1000061035156,288.1000061035156,142.7943878173828,842073,HEROMOTOCO,Consumer Cyclical,Auto Manufacturers,N/A,EQUITY,0.0207,3.4,1.464,187.32,0.06908249083138009
2002-11-27,287.04998779296875,287.95001220703125,274.5,279.79998779296875,138.68052673339844,455129,HEROMOTOCO,Consumer Cyclical,Auto Manufacturers,N/A,EQUITY,0.0207,3.4,1.464,187.32,0.04899822297643443
2002-11-28,286.0,290.0,281.79998779296875,288.45001220703125,142.96783447265625,350652,HEROMOTOCO,Consumer Cyclical,Auto Manufacturers,N/A,EQUITY,0.0207,3.4,1.464,187.32,0.029098696104471054
2002-11-29,290.0,293.95001220703125,284.0,286.1499938964844,141.827880859375,347933,HEROMOTOCO,Consumer Cyclical,Auto Manufacturers,N/A,EQUITY,0.0207,3.4,1.464,187.32,0.03503525425011004
2002-12-02,289.0,293.0,283.1000061035156,287.0,142.24917602539062,339824,HEROMOTOCO,Consumer Cyclical,Auto Manufacturers,N/A,EQUITY,0.0207,3.4,1.464,187.32,0.034969952960242745
2002-12-03,290.0,292.6499938964844,281.6000061035156,282.45001220703125,139.99400329589844,317099,HEROMOTOCO,Consumer Cyclical,Auto Manufacturers,N/A,EQUITY,0.0207,3.4,1.464,187.32,0.03924001261884488
2002-12-04,279.0,280.8999938964844,267.04998779296875,269.5,133.575439453125,473822,HEROMOTOCO,Consumer Cyclical,Auto Manufacturers,N/A,EQUITY,0.0207,3.4,1.464,187.32,0.051862972239687506
2002-12-05,270.0,277.0,269.0,275.8500061035156,136.72276306152344,203107,HEROMOTOCO,Consumer Cyclical,Auto Manufacturers,N/A,EQUITY,0.0207,3.4,1.464,187.32,0.02973977695167286
2002-12-06,277.0,278.95001220703125,254.64999389648438,265.95001220703125,131.81588745117188,1253372,HEROMOTOCO,Consumer Cyclical,Auto Manufacturers,N/A,EQUITY,0.0207,3.4,1.464,187.32,0.09542516745719959
2002-12-09,258.0,269.45001220703125,258.0,259.45001220703125,128.59426879882812,437418,HEROMOTOCO,Consumer Cyclical,Auto Manufacturers,N/A,EQUITY,0.0207,3.4,1.464,187.32,0.04437989227531492
2002-12-10,260.0,266.25,258.0,263.3999938964844,130.55201721191406,469044,HEROMOTOCO,Consumer Cyclical,Auto Manufacturers,N/A,EQUITY,0.0207,3.4,1.464,187.32,0.03197674418604651
2002-12-11,267.8999938964844,267.8999938964844,259.95001220703125,260.45001220703125,129.08985900878906,233079,HEROMOTOCO,Consumer Cyclical,Auto Manufacturers,N/A,EQUITY,0.0207,3.4,1.464,187.32,0.030582732510593395
2002-12-12,261.0,264.0,260.0,260.3999938964844,129.06509399414062,223280,HEROMOTOCO,Consumer Cyclical,Auto Manufacturers,N/A,EQUITY,0.0207,3.4,1.464,187.32,0.015384615384615385
2002-12-13,262.54998779296875,273.0,261.25,269.79998779296875,133.72410583496094,380073,HEROMOTOCO,Consumer Cyclical,Auto Manufacturers,N/A,EQUITY,0.0207,3.4,1.464,187.32,0.044976076555023926
2002-12-16,271.70001220703125,274.3999938964844,265.0,268.3999938964844,133.03024291992188,477617,HEROMOTOCO,Consumer Cyclical,Auto Manufacturers,N/A,EQUITY,0.0207,3.4,1.464,187.32,0.035471675081073115
2002-12-17,270.1000061035156,271.8999938964844,265.25,267.6000061035156,132.63369750976562,146917,HEROMOTOCO,Consumer Cyclical,Auto Manufacturers,N/A,EQUITY,0.0207,3.4,1.464,187.32,0.02507066501973374
2002-12-18,267.8999938964844,279.95001220703125,264.1000061035156,278.1499938964844,137.8627471923828,509791,HEROMOTOCO,Consumer Cyclical,Auto Manufacturers,N/A,EQUITY,0.0207,3.4,1.464,187.32,0.06001516750174976
2002-12-19,280.0,285.0,274.70001220703125,281.3999938964844,139.47357177734375,782585,HEROMOTOCO,Consumer Cyclical,Auto Manufacturers,N/A,EQUITY,0.0207,3.4,1.464,187.32,0.03749540347747065
2002-12-20,280.0,281.25,275.20001220703125,279.1000061035156,138.3335723876953,164132,HEROMOTOCO,Consumer Cyclical,Auto Manufacturers,N/A,EQUITY,0.0207,3.4,1.464,187.32,0.021983966295820445
2002-12-23,276.5,276.5,272.5,273.8500061035156,135.7314910888672,271619,HEROMOTOCO,Consumer Cyclical,Auto Manufacturers,N/A,EQUITY,0.0207,3.4,1.464,187.32,0.014678899082568808
2002-12-24,273.1000061035156,273.1000061035156,266.79998779296875,268.3999938964844,133.03024291992188,428497,HEROMOTOCO,Consumer Cyclical,Auto Manufacturers,N/A,EQUITY,0.0207,3.4,1.464,187.32,0.023613263113923224
2002-12-25,268.3999938964844,268.3999938964844,268.3999938964844,268.3999938964844,133.03024291992188,0,HEROMOTOCO,Consumer Cyclical,Auto Manufacturers,N/A,EQUITY,0.0207,3.4,1.464,187.32,0.0
2002-12-26,270.0,274.8999938964844,268.0,270.25,133.9471435546875,173992,HEROMOTOCO,Consumer Cyclical,Auto Manufacturers,N/A,EQUITY,0.0207,3.4,1.464,187.32,0.025746245882404383
2002-12-27,270.8999938964844,273.5,266.6499938964844,269.75,133.69935607910156,250539,HEROMOTOCO,Consumer Cyclical,Auto Manufacturers,N/A,EQUITY,0.0207,3.4,1.464,187.32,0.025689129046726517
2002-12-30,272.3500061035156,272.5,267.6499938964844,269.3500061035156,133.50106811523438,109448,HEROMOTOCO,Consumer Cyclical,Auto Manufacturers,N/A,EQUITY,0.0207,3.4,1.464,187.32,0.018120703209847263
2002-12-31,271.3999938964844,271.8500061035156,265.04998779296875,268.20001220703125,132.93112182617188,107848,HEROMOTOCO,Consumer Cyclical,Auto Manufacturers,N/A,EQUITY,0.0207,3.4,1.464,187.32,0.02565560695614288
2003-01-01,265.0,267.8999938964844,260.0,261.6000061035156,129.65988159179688,570776,HEROMOTOCO,Consumer Cyclical,Auto Manufacturers,N/A,EQUITY,0.0207,3.4,1.464,187.32,0.030384591909555288
2003-01-02,260.20001220703125,263.8999938964844,260.0,261.1000061035156,129.4120330810547,263023,HEROMOTOCO,Consumer Cyclical,Auto Manufacturers,N/A,EQUITY,0.0207,3.4,1.464,187.32,0.014999976524939904
2003-01-03,261.1499938964844,263.5,261.0,262.0,129.8581085205078,114923,HEROMOTOCO,Consumer Cyclical,Auto Manufacturers,N/A,EQUITY,0.0207,3.4,1.464,187.32,0.009578544061302681
2003-01-06,261.25,263.3999938964844,257.1499938964844,258.6499938964844,128.19773864746094,143267,HEROMOTOCO,Consumer Cyclical,Auto Manufacturers,N/A,EQUITY,0.0207,3.4,1.464,187.32,0.02430488099687039
2003-01-07,259.25,261.75,250.75,251.75,124.77778625488281,269805,HEROMOTOCO,Consumer Cyclical,Auto Manufacturers,N/A,EQUITY,0.0207,3.4,1.464,187.32,0.04386839481555334
2003-01-08,255.0,256.1499938964844,249.10000610351562,252.85000610351562,125.322998046875,361623,HEROMOTOCO,Consumer Cyclical,Auto Manufacturers,N/A,EQUITY,0.0207,3.4,1.464,187.32,0.02830183709445221
2003-01-09,253.1999969482422,255.0,249.10000610351562,249.6999969482422,123.76175689697266,420255,HEROMOTOCO,Consumer Cyclical,Auto Manufacturers,N/A,EQUITY,0.0207,3.4,1.464,187.32,0.023685241878446932
2003-01-10,254.10000610351562,264.0,249.0,250.25,124.03433990478516,362807,HEROMOTOCO,Consumer Cyclical,Auto Manufacturers,N/A,EQUITY,0.0207,3.4,1.464,187.32,0.060240963855421686
2003-01-13,251.0,254.5,247.10000610351562,248.14999389648438,122.99349975585938,277478,HEROMOTOCO,Consumer Cyclical,Auto Manufacturers,N/A,EQUITY,0.0207,3.4,1.464,187.32,0.029947364280453942
2003-01-14,248.89999389648438,250.1999969482422,243.0,245.64999389648438,121.75438690185547,369889,HEROMOTOCO,Consumer Cyclical,Auto Manufacturers,N/A,EQUITY,0.0207,3.4,1.464,187.32,0.029629617070955506
2003-01-15,246.0,251.85000610351562,244.10000610351562,247.5,122.67132568359375,419788,HEROMOTOCO,Consumer Cyclical,Auto Manufacturers,N/A,EQUITY,0.0207,3.4,1.464,187.32,0.03174928228684047
2003-01-16,247.0,253.8000030517578,246.89999389648438,250.0,123.910400390625,546989,HEROMOTOCO,Consumer Cyclical,Auto Manufacturers,N/A,EQUITY,0.0207,3.4,1.464,187.32,0.027946574831291187
2003-01-17,251.4499969482422,251.4499969482422,245.0,245.9499969482422,121.90308380126953,295456,HEROMOTOCO,Consumer Cyclical,Auto Manufacturers,N/A,EQUITY,0.0207,3.4,1.464,187.32,0.02632651815609056
2003-01-20,246.5,247.39999389648438,239.0,239.85000610351562,118.87964630126953,490397,HEROMOTOCO,Consumer Cyclical,Auto Manufacturers,N/A,EQUITY,0.0207,3.4,1.464,187.32,0.03514641797692207
2003-01-21,240.10000610351562,241.25,235.75,238.1999969482422,118.06183624267578,296871,HEROMOTOCO,Consumer Cyclical,Auto Manufacturers,N/A,EQUITY,0.0207,3.4,1.464,187.32,0.02332979851537646
2003-01-22,237.0,240.25,236.25,238.60000610351562,118.2601318359375,516700,HEROMOTOCO,Consumer Cyclical,Auto Manufacturers,N/A,EQUITY,0.0207,3.4,1.464,187.32,0.016931216931216932
2003-01-23,238.64999389648438,238.89999389648438,237.14999389648438,238.39999389648438,118.16094970703125,415371,HEROMOTOCO,Consumer Cyclical,Auto Manufacturers,N/A,EQUITY,0.0207,3.4,1.464,187.32,0.0073792959942637504
2003-01-24,239.0,239.25,235.5500030517578,236.6999969482422,117.31838989257812,129723,HEROMOTOCO,Consumer Cyclical,Auto Manufacturers,N/A,EQUITY,0.0207,3.4,1.464,187.32,0.015707904480176043
2003-01-27,237.8000030517578,245.0,235.10000610351562,241.3000030517578,119.59835815429688,299079,HEROMOTOCO,Consumer Cyclical,Auto Manufacturers,N/A,EQUITY,0.0207,3.4,1.464,187.32,0.04210971348135721
2003-01-28,242.3000030517578,246.0,241.5,242.85000610351562,120.3665542602539,149465,HEROMOTOCO,Consumer Cyclical,Auto Manufacturers,N/A,EQUITY,0.0207,3.4,1.464,187.32,0.018633540372670808
2003-01-29,243.3000030517578,251.0,242.60000610351562,249.60000610351562,123.71215057373047,254004,HEROMOTOCO,Consumer Cyclical,Auto Manufacturers,N/A,EQUITY,0.0207,3.4,1.464,187.32,0.03462487091983073
2003-01-30,250.1999969482422,258.0,250.1999969482422,255.25,126.51253509521484,345848,HEROMOTOCO,Consumer Cyclical,Auto Manufacturers,N/A,EQUITY,0.0207,3.4,1.464,187.32,0.031175072529562683
2003-01-31,252.89999389648438,256.75,252.0,254.9499969482422,126.36380767822266,378368,HEROMOTOCO,Consumer Cyclical,Auto Manufacturers,N/A,EQUITY,0.0207,3.4,1.464,187.32,0.018849206349206348
2003-02-03,255.0,256.0,250.0,253.0,125.39735412597656,152072,HEROMOTOCO,Consumer Cyclical,Auto Manufacturers,N/A,EQUITY,0.0207,3.4,1.464,187.32,0.024
2003-02-04,252.25,255.0,252.25,254.60000610351562,126.19039154052734,260153,HEROMOTOCO,Consumer Cyclical,Auto Manufacturers,N/A,EQUITY,0.0207,3.4,1.464,187.32,0.010901883052527254
2003-02-05,252.9499969482422,253.89999389648438,242.5,245.60000610351562,121.7295913696289,325368,HEROMOTOCO,Consumer Cyclical,Auto Manufacturers,N/A,EQUITY,0.0207,3.4,1.464,187.32,0.047010284109213915
2003-02-06,245.9499969482422,245.9499969482422,235.0,238.0,117.96270751953125,617600,HEROMOTOCO,Consumer Cyclical,Auto Manufacturers,N/A,EQUITY,0.0207,3.4,1.464,187.32,0.046595731694647605
2003-02-07,240.0,265.0,236.14999389648438,237.5,117.7149429321289,507296,HEROMOTOCO,Consumer Cyclical,Auto Manufacturers,N/A,EQUITY,0.0207,3.4,1.464,187.32,0.12216814249066607
2003-02-10,238.0,238.0,229.35000610351562,231.85000610351562,114.91451263427734,738464,HEROMOTOCO,Consumer Cyclical,Auto Manufacturers,N/A,EQUITY,0.0207,3.4,1.464,187.32,0.03771525470367878
2003-02-11,232.0,233.6999969482422,219.0,220.14999389648438,109.1155014038086,821147,HEROMOTOCO,Consumer Cyclical,Auto Manufacturers,N/A,EQUITY,0.0207,3.4,1.464,187.32,0.0671232737362657
2003-02-12,219.0,222.25,208.0500030517578,218.5,108.2977294921875,2196325,HEROMOTOCO,Consumer Cyclical,Auto Manufacturers,N/A,EQUITY,0.0207,3.4,1.464,187.32,0.0682528081708779
2003-02-13,218.5,218.5,218.5,218.5,108.2977294921875,0,HEROMOTOCO,Consumer Cyclical,Auto Manufacturers,N/A,EQUITY,0.0207,3.4,1.464,187.32,0.0
2003-02-14,221.0,223.8000030517578,205.10000610351562,206.1999969482422,102.20130920410156,3290137,HEROMOTOCO,Consumer Cyclical,Auto Manufacturers,N/A,EQUITY,0.0207,3.4,1.464,187.32,0.09117501897490997
2003-02-17,209.8000030517578,215.0,209.8000030517578,213.3000030517578,105.72036743164062,1340231,HEROMOTOCO,Consumer Cyclical,Auto Manufacturers,N/A,EQUITY,0.0207,3.4,1.464,187.32,0.024785495102968822
2003-02-18,214.89999389648438,219.8000030517578,213.3000030517578,218.14999389648438,108.12422180175781,1402593,HEROMOTOCO,Consumer Cyclical,Auto Manufacturers,N/A,EQUITY,0.0207,3.4,1.464,187.32,0.03047351105017452
2003-02-19,220.0,229.5,219.5,227.0500030517578,112.5354232788086,2232658,HEROMOTOCO,Consumer Cyclical,Auto Manufacturers,N/A,EQUITY,0.0207,3.4,1.464,187.32,0.04555808656036447
2003-02-20,226.0,228.5,221.75,224.9499969482422,111.49459838867188,649271,HEROMOTOCO,Consumer Cyclical,Auto Manufacturers,N/A,EQUITY,0.0207,3.4,1.464,187.32,0.030439684329199548
2003-02-21,224.14999389648438,224.14999389648438,219.10000610351562,220.25,109.16509246826172,410694,HEROMOTOCO,Consumer Cyclical,Auto Manufacturers,N/A,EQUITY,0.0207,3.4,1.464,187.32,0.023048779791374544
2003-02-24,222.0,222.5,216.8000030517578,220.35000610351562,109.21466064453125,681182,HEROMOTOCO,Consumer Cyclical,Auto Manufacturers,N/A,EQUITY,0.0207,3.4,1.464,187.32,0.026291498468666522
2003-02-25,219.0,223.0,218.0500030517578,221.0,109.53682708740234,578495,HEROMOTOCO,Consumer Cyclical,Auto Manufacturers,N/A,EQUITY,0.0207,3.4,1.464,187.32,0.022701201004189955
2003-02-26,222.0,222.0500030517578,218.1999969482422,219.10000610351562,108.59512329101562,310194,HEROMOTOCO,Consumer Cyclical,Auto Manufacturers,N/A,EQUITY,0.0207,3.4,1.464,187.32,0.0176443911886436
2003-02-27,217.5500030517578,221.5,217.5500030517578,220.5,109.28897857666016,459186,HEROMOTOCO,Consumer Cyclical,Auto Manufacturers,N/A,EQUITY,0.0207,3.4,1.464,187.32,0.018156731293184285
2003-02-28,222.14999389648438,227.5,222.10000610351562,223.0,110.52808380126953,566769,HEROMOTOCO,Consumer Cyclical,Auto Manufacturers,N/A,EQUITY,0.0207,3.4,1.464,187.32,0.024313344205706883
2003-03-03,225.0,226.0,224.0500030517578,225.0,111.51937103271484,249520,HEROMOTOCO,Consumer Cyclical,Auto Manufacturers,N/A,EQUITY,0.0207,3.4,1.464,187.32,0.008703400676998511
2003-03-04,224.39999389648438,226.5,221.85000610351562,225.14999389648438,111.59371185302734,428621,HEROMOTOCO,Consumer Cyclical,Auto Manufacturers,N/A,EQUITY,0.0207,3.4,1.464,187.32,0.020960080092649082
2003-03-05,224.0,225.1999969482422,222.60000610351562,224.3000030517578,111.1724624633789,422620,HEROMOTOCO,Consumer Cyclical,Auto Manufacturers,N/A,EQUITY,0.0207,3.4,1.464,187.32,0.011680102306544813
2003-03-06,223.5,224.5,222.5,223.64999389648438,110.85026550292969,150394,HEROMOTOCO,Consumer Cyclical,Auto Manufacturers,N/A,EQUITY,0.0207,3.4,1.464,187.32,0.008988764044943821
2003-03-07,222.10000610351562,225.0,211.60000610351562,212.9499969482422,105.54690551757812,313693,HEROMOTOCO,Consumer Cyclical,Auto Manufacturers,N/A,EQUITY,0.0207,3.4,1.464,187.32,0.06332700146487255
2003-03-10,212.0,214.5,209.8000030517578,212.8000030517578,105.4725112915039,242552,HEROMOTOCO,Consumer Cyclical,Auto Manufacturers,N/A,EQUITY,0.0207,3.4,1.464,187.32,0.02240227302133401
2003-03-11,210.5,233.60000610351562,208.35000610351562,226.60000610351562,112.31241607666016,854129,HEROMOTOCO,Consumer Cyclical,Auto Manufacturers,N/A,EQUITY,0.0207,3.4,1.464,187.32,0.12119030122540486
2003-03-12,232.0,235.0,217.60000610351562,219.5500030517578,108.8181381225586,1510365,HEROMOTOCO,Consumer Cyclical,Auto Manufacturers,N/A,EQUITY,0.0207,3.4,1.464,187.32,0.07996320500196555
2003-03-13,219.5,228.9499969482422,218.10000610351562,225.8000030517578,111.9158706665039,1533774,HEROMOTOCO,Consumer Cyclical,Auto Manufacturers,N/A,EQUITY,0.0207,3.4,1.464,187.32,0.04974777873035405
2003-03-14,225.8000030517578,225.8000030517578,225.8000030517578,225.8000030517578,111.9158706665039,0,HEROMOTOCO,Consumer Cyclical,Auto Manufacturers,N/A,EQUITY,0.0207,3.4,1.464,187.32,0.0
2003-03-17,226.0500030517578,226.0500030517578,220.10000610351562,222.0,110.03247833251953,748340,HEROMOTOCO,Consumer Cyclical,Auto Manufacturers,N/A,EQUITY,0.0207,3.4,1.464,187.32,0.027033152127418997
2003-03-18,222.0,222.0,222.0,222.0,110.03247833251953,0,HEROMOTOCO,Consumer Cyclical,Auto Manufacturers,N/A,EQUITY,0.0207,3.4,1.464,187.32,0.0
2003-03-19,222.0,224.5,213.35000610351562,216.0500030517578,107.0833740234375,940492,HEROMOTOCO,Consumer Cyclical,Auto Manufacturers,N/A,EQUITY,0.0207,3.4,1.464,187.32,0.05226151196393448
2003-03-20,217.0,230.0,214.5,228.64999389648438,113.32848358154297,868968,HEROMOTOCO,Consumer Cyclical,Auto Manufacturers,N/A,EQUITY,0.0207,3.4,1.464,187.32,0.07226107226107226
2003-03-21,227.9499969482422,229.0,222.1999969482422,225.5,111.76717376708984,663731,HEROMOTOCO,Consumer Cyclical,Auto Manufacturers,N/A,EQUITY,0.0207,3.4,1.464,187.32,0.03060307446062549
2003-03-24,225.0,229.0,223.64999389648438,225.3000030517578,111.6680679321289,398105,HEROMOTOCO,Consumer Cyclical,Auto Manufacturers,N/A,EQUITY,0.0207,3.4,1.464,187.32,0.023921333554750093
2003-03-25,221.1999969482422,224.5,220.0,222.89999389648438,110.478515625,293883,HEROMOTOCO,Consumer Cyclical,Auto Manufacturers,N/A,EQUITY,0.0207,3.4,1.464,187.32,0.020454545454545454
2003-03-26,225.0,225.0,213.60000610351562,215.5500030517578,106.83558654785156,979683,HEROMOTOCO,Consumer Cyclical,Auto Manufacturers,N/A,EQUITY,0.0207,3.4,1.464,187.32,0.0533707564172993
2003-03-27,217.0,217.0,202.60000610351562,203.35000610351562,100.78874969482422,1946929,HEROMOTOCO,Consumer Cyclical,Auto Manufacturers,N/A,EQUITY,0.0207,3.4,1.464,187.32,0.07107597957883031
2003-03-28,204.6999969482422,206.4499969482422,195.10000610351562,196.85000610351562,97.56709289550781,1859417,HEROMOTOCO,Consumer Cyclical,Auto Manufacturers,N/A,EQUITY,0.0207,3.4,1.464,187.32,0.05817524597464398
2003-03-31,195.9499969482422,195.9499969482422,187.0,188.1999969482422,93.2797622680664,855611,HEROMOTOCO,Consumer Cyclical,Auto Manufacturers,N/A,EQUITY,0.0207,3.4,1.464,187.32,0.047860946247284424
2003-04-01,189.8000030517578,193.89999389648438,184.14999389648438,185.9499969482422,92.16455841064453,1317455,HEROMOTOCO,Consumer Cyclical,Auto Manufacturers,N/A,EQUITY,0.0207,3.4,1.464,187.32,0.05294596971575647
2003-04-02,188.4499969482422,192.6999969482422,188.1999969482422,191.25,94.79147338867188,1004277,HEROMOTOCO,Consumer Cyclical,Auto Manufacturers,N/A,EQUITY,0.0207,3.4,1.464,187.32,0.02391073365021131
2003-04-03,193.0,195.5,192.0,194.5500030517578,96.42710876464844,604907,HEROMOTOCO,Consumer Cyclical,Auto Manufacturers,N/A,EQUITY,0.0207,3.4,1.464,187.32,0.018229166666666668
2003-04-04,193.89999389648438,193.89999389648438,191.25,193.39999389648438,95.85709381103516,395679,HEROMOTOCO,Consumer Cyclical,Auto Manufacturers,N/A,EQUITY,0.0207,3.4,1.464,187.32,0.013856177236519608
2003-04-07,195.4499969482422,198.6999969482422,194.10000610351562,195.0500030517578,96.67491912841797,614338,HEROMOTOCO,Consumer Cyclical,Auto Manufacturers,N/A,EQUITY,0.0207,3.4,1.464,187.32,0.02369907624976239
2003-04-08,195.0,195.75,186.1999969482422,188.6999969482422,93.52757263183594,728622,HEROMOTOCO,Consumer Cyclical,Auto Manufacturers,N/A,EQUITY,0.0207,3.4,1.464,187.32,0.051288953857568625
2003-04-09,188.0,190.0,181.10000610351562,183.85000610351562,91.12371826171875,863471,HEROMOTOCO,Consumer Cyclical,Auto Manufacturers,N/A,EQUITY,0.0207,3.4,1.464,187.32,0.049144083912383715
2003-04-10,190.0,193.8000030517578,184.5500030517578,193.0,95.65885162353516,1936412,HEROMOTOCO,Consumer Cyclical,Auto Manufacturers,N/A,EQUITY,0.0207,3.4,1.464,187.32,0.050121917350528566
2003-04-11,195.0,207.5,195.0,206.0,102.10218048095703,2691883,HEROMOTOCO,Consumer Cyclical,Auto Manufacturers,N/A,EQUITY,0.0207,3.4,1.464,187.32,0.0641025641025641
2003-04-15,207.0,208.0,194.75,195.75,97.02186584472656,971311,HEROMOTOCO,Consumer Cyclical,Auto Manufacturers,N/A,EQUITY,0.0207,3.4,1.464,187.32,0.06803594351732992
2003-04-16,197.0,197.0,192.35000610351562,194.1999969482422,96.25364685058594,598846,HEROMOTOCO,Consumer Cyclical,Auto Manufacturers,N/A,EQUITY,0.0207,3.4,1.464,187.32,0.024174649071661173
2003-04-17,194.5,194.8000030517578,185.5,186.0500030517578,92.21414184570312,741387,HEROMOTOCO,Consumer Cyclical,Auto Manufacturers,N/A,EQUITY,0.0207,3.4,1.464,187.32,0.05013478734101247
2003-04-18,186.0500030517578,186.0500030517578,186.0500030517578,186.0500030517578,92.21414184570312,0,HEROMOTOCO,Consumer Cyclical,Auto Manufacturers,N/A,EQUITY,0.0207,3.4,1.464,187.32,0.0
2003-04-21,187.6999969482422,190.0,182.5500030517578,183.1999969482422,90.80156707763672,663460,HEROMOTOCO,Consumer Cyclical,Auto Manufacturers,N/A,EQUITY,0.0207,3.4,1.464,187.32,0.04081071938481378
2003-04-22,184.9499969482422,188.1999969482422,180.0500030517578,183.35000610351562,90.87591552734375,964891,HEROMOTOCO,Consumer Cyclical,Auto Manufacturers,N/A,EQUITY,0.0207,3.4,1.464,187.32,0.04526516944374363
2003-04-23,184.89999389648438,191.9499969482422,184.14999389648438,188.0500030517578,93.20539855957031,1078315,HEROMOTOCO,Consumer Cyclical,Auto Manufacturers,N/A,EQUITY,0.0207,3.4,1.464,187.32,0.04235679234473612
2003-04-24,189.75,191.39999389648438,186.5500030517578,187.9499969482422,93.15586853027344,906261,HEROMOTOCO,Consumer Cyclical,Auto Manufacturers,N/A,EQUITY,0.0207,3.4,1.464,187.32,0.025998342349964718
2003-04-25,190.0,196.89999389648438,188.10000610351562,195.6999969482422,96.99705505371094,883145,HEROMOTOCO,Consumer Cyclical,Auto Manufacturers,N/A,EQUITY,0.0207,3.4,1.464,187.32,0.0467835593164517
2003-04-28,196.9499969482422,199.14999389648438,192.5,196.89999389648438,97.59185028076172,619078,HEROMOTOCO,Consumer Cyclical,Auto Manufacturers,N/A,EQUITY,0.0207,3.4,1.464,187.32,0.03454542283887987
2003-04-29,198.89999389648438,204.8000030517578,198.5,203.39999389648438,100.81352233886719,1077764,HEROMOTOCO,Consumer Cyclical,Auto Manufacturers,N/A,EQUITY,0.0207,3.4,1.464,187.32,0.0317380506385784
2003-04-30,203.5,204.0,199.75,203.39999389648438,100.81352233886719,506227,HEROMOTOCO,Consumer Cyclical,Auto Manufacturers,N/A,EQUITY,0.0207,3.4,1.464,187.32,0.02127659574468085
2003-05-01,203.39999389648438,203.39999389648438,203.39999389648438,203.39999389648438,100.81352233886719,0,HEROMOTOCO,Consumer Cyclical,Auto Manufacturers,N/A,EQUITY,0.0207,3.4,1.464,187.32,0.0
2003-05-02,202.0,206.39999389648438,199.25,205.4499969482422,101.82955932617188,831444,HEROMOTOCO,Consumer Cyclical,Auto Manufacturers,N/A,EQUITY,0.0207,3.4,1.464,187.32,0.03588453649427541
2003-05-05,206.89999389648438,207.0,204.1999969482422,205.4499969482422,101.82955932617188,393924,HEROMOTOCO,Consumer Cyclical,Auto Manufacturers,N/A,EQUITY,0.0207,3.4,1.464,187.32,0.013712062162603846
2003-05-06,206.0,210.8000030517578,205.0,209.6999969482422,103.93607330322266,487396,HEROMOTOCO,Consumer Cyclical,Auto Manufacturers,N/A,EQUITY,0.0207,3.4,1.464,187.32,0.028292697813452745
2003-05-07,211.0,214.5,207.14999389648438,213.3000030517578,105.72036743164062,686401,HEROMOTOCO,Consumer Cyclical,Auto Manufacturers,N/A,EQUITY,0.0207,3.4,1.464,187.32,0.03548156562914755
2003-05-08,213.5,214.0,208.5500030517578,209.64999389648438,103.9112777709961,536989,HEROMOTOCO,Consumer Cyclical,Auto Manufacturers,N/A,EQUITY,0.0207,3.4,1.464,187.32,0.026132806849634094
2003-05-09,208.60000610351562,210.5,205.0,205.39999389648438,101.80480194091797,259249,HEROMOTOCO,Consumer Cyclical,Auto Manufacturers,N/A,EQUITY,0.0207,3.4,1.464,187.32,0.026829268292682926
2003-05-12,205.0,208.89999389648438,205.0,206.0500030517578,102.12694549560547,206283,HEROMOTOCO,Consumer Cyclical,Auto Manufacturers,N/A,EQUITY,0.0207,3.4,1.464,187.32,0.019024360470655487
2003-05-13,208.0,215.0,207.0500030517578,214.14999389648438,106.14163970947266,371535,HEROMOTOCO,Consumer Cyclical,Auto Manufacturers,N/A,EQUITY,0.0207,3.4,1.464,187.32,0.038396507273921014
2003-05-14,215.5,220.89999389648438,214.25,219.60000610351562,108.8429183959961,568020,HEROMOTOCO,Consumer Cyclical,Auto Manufacturers,N/A,EQUITY,0.0207,3.4,1.464,187.32,0.031038477929915403
2003-05-15,218.60000610351562,220.89999389648438,216.75,219.5500030517578,108.8181381225586,361962,HEROMOTOCO,Consumer Cyclical,Auto Manufacturers,N/A,EQUITY,0.0207,3.4,1.464,187.32,0.01914645396301903
2003-05-16,219.89999389648438,231.89999389648438,219.89999389648438,228.4499969482422,113.22933959960938,668266,HEROMOTOCO,Consumer Cyclical,Auto Manufacturers,N/A,EQUITY,0.0207,3.4,1.464,187.32,0.05457026072337626
2003-05-19,230.0,230.89999389648438,225.0,229.39999389648438,113.7001953125,561730,HEROMOTOCO,Consumer Cyclical,Auto Manufacturers,N/A,EQUITY,0.0207,3.4,1.464,187.32,0.026222195095486112
2003-05-20,225.89999389648438,239.5,225.10000610351562,236.0,116.97144317626953,517421,HEROMOTOCO,Consumer Cyclical,Auto Manufacturers,N/A,EQUITY,0.0207,3.4,1.464,187.32,0.06397153934266142
2003-05-21,235.8000030517578,236.0,231.0,233.64999389648438,115.80669403076172,624542,HEROMOTOCO,Consumer Cyclical,Auto Manufacturers,N/A,EQUITY,0.0207,3.4,1.464,187.32,0.021645021645021644
2003-05-22,234.0,234.89999389648438,221.64999389648438,222.8000030517578,110.4289321899414,671611,HEROMOTOCO,Consumer Cyclical,Auto Manufacturers,N/A,EQUITY,0.0207,3.4,1.464,187.32,0.05977893239278885
2003-05-23,222.5,222.75,217.10000610351562,220.8000030517578,109.43766021728516,635383,HEROMOTOCO,Consumer Cyclical,Auto Manufacturers,N/A,EQUITY,0.0207,3.4,1.464,187.32,0.026024844484759696
2003-05-26,218.0,225.35000610351562,218.0,219.0500030517578,108.57032012939453,396490,HEROMOTOCO,Consumer Cyclical,Auto Manufacturers,N/A,EQUITY,0.0207,3.4,1.464,187.32,0.03371562432805333
2003-05-27,220.0,225.1999969482422,217.64999389648438,222.14999389648438,110.10678100585938,1053383,HEROMOTOCO,Consumer Cyclical,Auto Manufacturers,N/A,EQUITY,0.0207,3.4,1.464,187.32,0.03468873541686676
2003-05-28,228.0,228.0,219.5500030517578,221.8000030517578,109.9333267211914,736633,HEROMOTOCO,Consumer Cyclical,Auto Manufacturers,N/A,EQUITY,0.0207,3.4,1.464,187.32,0.038487801552205596
2003-05-29,223.0,224.0500030517578,219.64999389648438,221.1999969482422,109.63594055175781,498456,HEROMOTOCO,Consumer Cyclical,Auto Manufacturers,N/A,EQUITY,0.0207,3.4,1.464,187.32,0.020031911120138947
2003-05-30,223.89999389648438,224.0,211.6999969482422,213.5500030517578,105.84426879882812,821975,HEROMOTOCO,Consumer Cyclical,Auto Manufacturers,N/A,EQUITY,0.0207,3.4,1.464,187.32,0.05810110169611858
2003-06-02,217.8000030517578,224.5,216.0,223.25,110.6520004272461,928541,HEROMOTOCO,Consumer Cyclical,Auto Manufacturers,N/A,EQUITY,0.0207,3.4,1.464,187.32,0.03935185185185185
2003-06-03,226.89999389648438,230.89999389648438,223.25,229.5,113.74976348876953,786545,HEROMOTOCO,Consumer Cyclical,Auto Manufacturers,N/A,EQUITY,0.0207,3.4,1.464,187.32,0.034266490017847144
2003-06-04,226.14999389648438,232.0,226.14999389648438,228.6999969482422,113.35324096679688,351906,HEROMOTOCO,Consumer Cyclical,Auto Manufacturers,N/A,EQUITY,0.0207,3.4,1.464,187.32,0.025867814554058084
2003-06-05,228.1999969482422,235.1999969482422,228.1999969482422,234.1999969482422,116.07927703857422,606290,HEROMOTOCO,Consumer Cyclical,Auto Manufacturers,N/A,EQUITY,0.0207,3.4,1.464,187.32,0.03067484703598687
2003-06-06,236.89999389648438,236.89999389648438,230.0,233.89999389648438,115.93060302734375,330681,HEROMOTOCO,Consumer Cyclical,Auto Manufacturers,N/A,EQUITY,0.0207,3.4,1.464,187.32,0.029999973462975543
2003-06-09,236.0,238.89999389648438,232.25,236.9499969482422,117.4422836303711,241500,HEROMOTOCO,Consumer Cyclical,Auto Manufacturers,N/A,EQUITY,0.0207,3.4,1.464,187.32,0.0286329123637648
2003-06-10,232.5,239.0,232.5,237.5500030517578,117.73966217041016,369227,HEROMOTOCO,Consumer Cyclical,Auto Manufacturers,N/A,EQUITY,0.0207,3.4,1.464,187.32,0.02795698924731183
2003-06-11,237.0,242.0,233.0,240.14999389648438,119.02831268310547,789401,HEROMOTOCO,Consumer Cyclical,Auto Manufacturers,N/A,EQUITY,0.0207,3.4,1.464,187.32,0.03862660944206009
2003-06-12,240.0500030517578,247.0,240.0500030517578,245.60000610351562,121.7295913696289,470055,HEROMOTOCO,Consumer Cyclical,Auto Manufacturers,N/A,EQUITY,0.0207,3.4,1.464,187.32,0.02895228852275282
2003-06-13,246.5,253.10000610351562,245.60000610351562,251.6999969482422,124.75302124023438,678521,HEROMOTOCO,Consumer Cyclical,Auto Manufacturers,N/A,EQUITY,0.0207,3.4,1.464,187.32,0.03053745852448756
2003-06-16,251.1999969482422,251.1999969482422,240.0500030517578,241.0500030517578,119.47444915771484,497483,HEROMOTOCO,Consumer Cyclical,Auto Manufacturers,N/A,EQUITY,0.0207,3.4,1.464,187.32,0.04644863051336973
2003-06-17,242.0,252.4499969482422,242.0,251.0,124.4060287475586,629910,HEROMOTOCO,Consumer Cyclical,Auto Manufacturers,N/A,EQUITY,0.0207,3.4,1.464,187.32,0.04318180557124871
2003-06-18,250.9499969482422,251.89999389648438,245.1999969482422,246.35000610351562,122.10130310058594,252189,HEROMOTOCO,Consumer Cyclical,Auto Manufacturers,N/A,EQUITY,0.0207,3.4,1.464,187.32,0.027324620846779415
2003-06-19,247.0,248.6999969482422,245.1999969482422,246.39999389648438,122.12608337402344,302217,HEROMOTOCO,Consumer Cyclical,Auto Manufacturers,N/A,EQUITY,0.0207,3.4,1.464,187.32,0.01427406216786697
2003-06-20,250.0,250.0,244.5,245.64999389648438,121.75438690185547,313146,HEROMOTOCO,Consumer Cyclical,Auto Manufacturers,N/A,EQUITY,0.0207,3.4,1.464,187.32,0.022494887525562373
2003-06-23,248.10000610351562,249.0,238.4499969482422,240.1999969482422,119.05310821533203,401610,HEROMOTOCO,Consumer Cyclical,Auto Manufacturers,N/A,EQUITY,0.0207,3.4,1.464,187.32,0.0442440896908369
2003-06-24,238.0,248.0,238.0,245.0,121.43222045898438,363555,HEROMOTOCO,Consumer Cyclical,Auto Manufacturers,N/A,EQUITY,0.0207,3.4,1.464,187.32,0.04201680672268908
2003-06-25,244.5,247.8000030517578,244.5,245.5500030517578,121.70481872558594,314381,HEROMOTOCO,Consumer Cyclical,Auto Manufacturers,N/A,EQUITY,0.0207,3.4,1.464,187.32,0.013496944996964468
2003-06-26,247.0,255.89999389648438,244.0,251.0500030517578,124.43086242675781,355884,HEROMOTOCO,Consumer Cyclical,Auto Manufacturers,N/A,EQUITY,0.0207,3.4,1.464,187.32,0.04877046678887039
2003-06-27,255.0,257.79998779296875,251.14999389648438,253.10000610351562,125.44691467285156,458322,HEROMOTOCO,Consumer Cyclical,Auto Manufacturers,N/A,EQUITY,0.0207,3.4,1.464,187.32,0.0264781766199257
2003-06-30,255.64999389648438,257.25,250.1999969482422,253.8000030517578,125.79388427734375,517044,HEROMOTOCO,Consumer Cyclical,Auto Manufacturers,N/A,EQUITY,0.0207,3.4,1.464,187.32,0.028177470574534885
2003-07-01,256.0,260.0,250.10000610351562,251.3000030517578,124.55475616455078,351860,HEROMOTOCO,Consumer Cyclical,Auto Manufacturers,N/A,EQUITY,0.0207,3.4,1.464,187.32,0.03958414096314255
2003-07-02,255.0,255.35000610351562,252.0,253.4499969482422,125.62039184570312,279861,HEROMOTOCO,Consumer Cyclical,Auto Manufacturers,N/A,EQUITY,0.0207,3.4,1.464,187.32,0.013293675013950892
2003-07-03,255.0500030517578,260.1000061035156,253.0500030517578,254.60000610351562,126.19039154052734,592079,HEROMOTOCO,Consumer Cyclical,Auto Manufacturers,N/A,EQUITY,0.0207,3.4,1.464,187.32,0.02786011842219118
2003-07-04,257.0,262.79998779296875,253.0500030517578,257.3500061035156,127.55339050292969,625938,HEROMOTOCO,Consumer Cyclical,Auto Manufacturers,N/A,EQUITY,0.0207,3.4,1.464,187.32,0.0385298740313262
2003-07-07,257.5,262.0,255.75,256.25,127.0081558227539,214340,HEROMOTOCO,Consumer Cyclical,Auto Manufacturers,N/A,EQUITY,0.0207,3.4,1.464,187.32,0.024437927663734114
2003-07-08,259.20001220703125,259.20001220703125,255.60000610351562,256.70001220703125,127.23123168945312,387845,HEROMOTOCO,Consumer Cyclical,Auto Manufacturers,N/A,EQUITY,0.0207,3.4,1.464,187.32,0.014084530585095746
2003-07-09,260.0,260.0,252.25,254.0,125.8929672241211,150238,HEROMOTOCO,Consumer Cyclical,Auto Manufacturers,N/A,EQUITY,0.0207,3.4,1.464,187.32,0.030723488602576808
2003-07-10,254.0,257.8999938964844,253.0,256.8500061035156,127.3055419921875,390080,HEROMOTOCO,Consumer Cyclical,Auto Manufacturers,N/A,EQUITY,0.0207,3.4,1.464,187.32,0.019367564808238636
2003-07-11,260.0,264.8999938964844,255.0,257.5,127.62773132324219,1520891,HEROMOTOCO,Consumer Cyclical,Auto Manufacturers,N/A,EQUITY,0.0207,3.4,1.464,187.32,0.038823505476409316
2003-07-14,260.0,262.0,255.4499969482422,259.70001220703125,128.71815490722656,1543505,HEROMOTOCO,Consumer Cyclical,Auto Manufacturers,N/A,EQUITY,0.0207,3.4,1.464,187.32,0.025641037893944216
2003-07-15,259.95001220703125,265.0,257.1000061035156,263.3999938964844,130.55201721191406,1595956,HEROMOTOCO,Consumer Cyclical,Auto Manufacturers,N/A,EQUITY,0.0207,3.4,1.464,187.32,0.030727318976817207
2003-07-16,244.0,245.0,237.5,239.0500030517578,127.173828125,1425105,HEROMOTOCO,Consumer Cyclical,Auto Manufacturers,N/A,EQUITY,0.0207,3.4,1.464,187.32,0.031578947368421054
2003-07-17,241.14999389648438,246.0,240.25,242.25,128.87623596191406,584656,HEROMOTOCO,Consumer Cyclical,Auto Manufacturers,N/A,EQUITY,0.0207,3.4,1.464,187.32,0.023933402705515087
2003-07-18,241.0,248.64999389648438,238.25,246.1999969482422,130.97763061523438,848588,HEROMOTOCO,Consumer Cyclical,Auto Manufacturers,N/A,EQUITY,0.0207,3.4,1.464,187.32,0.04365160082469832
2003-07-21,260.0,260.0,242.10000610351562,245.5500030517578,130.6318359375,800135,HEROMOTOCO,Consumer Cyclical,Auto Manufacturers,N/A,EQUITY,0.0207,3.4,1.464,187.32,0.0739363628468097
2003-07-22,240.0,246.89999389648438,238.0,239.5500030517578,127.43981170654297,538584,HEROMOTOCO,Consumer Cyclical,Auto Manufacturers,N/A,EQUITY,0.0207,3.4,1.464,187.32,0.037394932338169644
2003-07-23,244.0,244.0,234.5500030517578,239.0,127.14723205566406,832494,HEROMOTOCO,Consumer Cyclical,Auto Manufacturers,N/A,EQUITY,0.0207,3.4,1.464,187.32,0.04028990332674125
2003-07-24,237.0,240.0,235.39999389648438,237.60000610351562,126.40247344970703,662937,HEROMOTOCO,Consumer Cyclical,Auto Manufacturers,N/A,EQUITY,0.0207,3.4,1.464,187.32,0.019541232892038424
2003-07-25,241.85000610351562,242.5,238.5,241.85000610351562,128.66343688964844,322570,HEROMOTOCO,Consumer Cyclical,Auto Manufacturers,N/A,EQUITY,0.0207,3.4,1.464,187.32,0.016771488469601678
2003-07-28,243.5,247.0,242.0,246.0,130.8712158203125,419604,HEROMOTOCO,Consumer Cyclical,Auto Manufacturers,N/A,EQUITY,0.0207,3.4,1.464,187.32,0.02066115702479339
2003-07-29,240.0,248.6999969482422,240.0,248.0500030517578,131.96180725097656,399060,HEROMOTOCO,Consumer Cyclical,Auto Manufacturers,N/A,EQUITY,0.0207,3.4,1.464,187.32,0.03624998728434245
2003-07-30,245.0,252.5,245.0,251.5,133.79721069335938,722856,HEROMOTOCO,Consumer Cyclical,Auto Manufacturers,N/A,EQUITY,0.0207,3.4,1.464,187.32,0.030612244897959183
2003-07-31,252.25,270.0,252.25,266.8999938964844,141.98992919921875,1819443,HEROMOTOCO,Consumer Cyclical,Auto Manufacturers,N/A,EQUITY,0.0207,3.4,1.464,187.32,0.07036669970267592
2003-08-01,267.5,275.8999938964844,264.29998779296875,273.1499938964844,145.31492614746094,991045,HEROMOTOCO,Consumer Cyclical,Auto Manufacturers,N/A,EQUITY,0.0207,3.4,1.464,187.32,0.04388954460566276
2003-08-04,272.5,274.0,265.0,270.5,143.90512084960938,329393,HEROMOTOCO,Consumer Cyclical,Auto Manufacturers,N/A,EQUITY,0.0207,3.4,1.464,187.32,0.033962264150943396
2003-08-05,273.0,280.54998779296875,266.0,269.8999938964844,143.58592224121094,891354,HEROMOTOCO,Consumer Cyclical,Auto Manufacturers,N/A,EQUITY,0.0207,3.4,1.464,187.32,0.05469920222920583
2003-08-06,263.04998779296875,272.0,260.20001220703125,268.1000061035156,142.62832641601562,684702,HEROMOTOCO,Consumer Cyclical,Auto Manufacturers,N/A,EQUITY,0.0207,3.4,1.464,187.32,0.04534968193460325
2003-08-07,269.0,271.3999938964844,267.20001220703125,269.6499938964844,143.45291137695312,390409,HEROMOTOCO,Consumer Cyclical,Auto Manufacturers,N/A,EQUITY,0.0207,3.4,1.464,187.32,0.01571849362865637
2003-08-08,273.0,274.79998779296875,270.1000061035156,272.04998779296875,144.72972106933594,620784,HEROMOTOCO,Consumer Cyclical,Auto Manufacturers,N/A,EQUITY,0.0207,3.4,1.464,187.32,0.017400894421497573
2003-08-11,274.8999938964844,275.0,268.0,271.3500061035156,144.35733032226562,329982,HEROMOTOCO,Consumer Cyclical,Auto Manufacturers,N/A,EQUITY,0.0207,3.4,1.464,187.32,0.026119402985074626
2003-08-12,274.1000061035156,279.8999938964844,274.1000061035156,276.3999938964844,147.0438995361328,600142,HEROMOTOCO,Consumer Cyclical,Auto Manufacturers,N/A,EQUITY,0.0207,3.4,1.464,187.32,0.021160115519218002
2003-08-13,278.0,280.0,272.54998779296875,274.45001220703125,146.00656127929688,249179,HEROMOTOCO,Consumer Cyclical,Auto Manufacturers,N/A,EQUITY,0.0207,3.4,1.464,187.32,0.027334480061288212
2003-08-14,276.0,277.0,266.1499938964844,267.70001220703125,142.41554260253906,314290,HEROMOTOCO,Consumer Cyclical,Auto Manufacturers,N/A,EQUITY,0.0207,3.4,1.464,187.32,0.04076650893231129
2003-08-15,267.70001220703125,267.70001220703125,267.70001220703125,267.70001220703125,142.41554260253906,0,HEROMOTOCO,Consumer Cyclical,Auto Manufacturers,N/A,EQUITY,0.0207,3.4,1.464,187.32,0.0
2003-08-18,269.0,271.29998779296875,267.1499938964844,269.25,143.2401580810547,381894,HEROMOTOCO,Consumer Cyclical,Auto Manufacturers,N/A,EQUITY,0.0207,3.4,1.464,187.32,0.0155343215096326
2003-08-19,273.0,275.0,264.5,266.45001220703125,141.75054931640625,222126,HEROMOTOCO,Consumer Cyclical,Auto Manufacturers,N/A,EQUITY,0.0207,3.4,1.464,187.32,0.03969754253308128
2003-08-20,266.0,270.45001220703125,264.0,265.20001220703125,141.0855712890625,309821,HEROMOTOCO,Consumer Cyclical,Auto Manufacturers,N/A,EQUITY,0.0207,3.4,1.464,187.32,0.024431864420572918
2003-08-21,268.0,273.45001220703125,268.0,269.04998779296875,143.1337432861328,390706,HEROMOTOCO,Consumer Cyclical,Auto Manufacturers,N/A,EQUITY,0.0207,3.4,1.464,187.32,0.020335866444146457
2003-08-22,274.8999938964844,283.5,274.8999938964844,278.79998779296875,148.32069396972656,1317392,HEROMOTOCO,Consumer Cyclical,Auto Manufacturers,N/A,EQUITY,0.0207,3.4,1.464,187.32,0.03128412620756194
2003-08-25,280.0,288.79998779296875,245.0,275.0,146.2991485595703,714982,HEROMOTOCO,Consumer Cyclical,Auto Manufacturers,N/A,EQUITY,0.0207,3.4,1.464,187.32,0.1787754603794643
2003-08-26,275.0,293.0,275.0,291.04998779296875,154.837646484375,547856,HEROMOTOCO,Consumer Cyclical,Auto Manufacturers,N/A,EQUITY,0.0207,3.4,1.464,187.32,0.06545454545454546
2003-08-27,299.8999938964844,308.0,295.0,295.95001220703125,157.4444580078125,1019102,HEROMOTOCO,Consumer Cyclical,Auto Manufacturers,N/A,EQUITY,0.0207,3.4,1.464,187.32,0.04406779661016949
2003-08-28,299.0,299.0,288.1499938964844,293.29998779296875,156.03466796875,396743,HEROMOTOCO,Consumer Cyclical,Auto Manufacturers,N/A,EQUITY,0.0207,3.4,1.464,187.32,0.0376540216322663
2003-08-29,299.0,299.0,288.1000061035156,294.29998779296875,156.5666046142578,551283,HEROMOTOCO,Consumer Cyclical,Auto Manufacturers,N/A,EQUITY,0.0207,3.4,1.464,187.32,0.03783406340008184
2003-09-01,285.0,297.6499938964844,285.0,292.54998779296875,155.63565063476562,363705,HEROMOTOCO,Consumer Cyclical,Auto Manufacturers,N/A,EQUITY,0.0207,3.4,1.464,187.32,0.0443859434964364
2003-09-02,288.0,294.8999938964844,287.1000061035156,290.3500061035156,154.46530151367188,381204,HEROMOTOCO,Consumer Cyclical,Auto Manufacturers,N/A,EQUITY,0.0207,3.4,1.464,187.32,0.027168190968816692
2003-09-03,292.3999938964844,292.3999938964844,280.1499938964844,282.79998779296875,150.4486846923828,409095,HEROMOTOCO,Consumer Cyclical,Auto Manufacturers,N/A,EQUITY,0.0207,3.4,1.464,187.32,0.04372657600173421
2003-09-04,283.0,287.79998779296875,281.0,285.6499938964844,151.96485900878906,477750,HEROMOTOCO,Consumer Cyclical,Auto Manufacturers,N/A,EQUITY,0.0207,3.4,1.464,187.32,0.02419924481483541
2003-09-05,284.04998779296875,290.5,284.04998779296875,287.3999938964844,152.89588928222656,349328,HEROMOTOCO,Consumer Cyclical,Auto Manufacturers,N/A,EQUITY,0.0207,3.4,1.464,187.32,0.02270731379764175
2003-09-08,287.54998779296875,290.0,280.0,284.6000061035156,151.40626525878906,365373,HEROMOTOCO,Consumer Cyclical,Auto Manufacturers,N/A,EQUITY,0.0207,3.4,1.464,187.32,0.03571428571428571
2003-09-09,288.0,288.0,281.5,283.6000061035156,150.87429809570312,312558,HEROMOTOCO,Consumer Cyclical,Auto Manufacturers,N/A,EQUITY,0.0207,3.4,1.464,187.32,0.023090586145648313
2003-09-10,284.04998779296875,293.29998779296875,280.5,291.20001220703125,154.91751098632812,565736,HEROMOTOCO,Consumer Cyclical,Auto Manufacturers,N/A,EQUITY,0.0207,3.4,1.464,187.32,0.04563275505514706
2003-09-11,290.0,292.79998779296875,286.0,287.3999938964844,152.89588928222656,350303,HEROMOTOCO,Consumer Cyclical,Auto Manufacturers,N/A,EQUITY,0.0207,3.4,1.464,187.32,0.023776181094296328
2003-09-12,288.5,289.95001220703125,283.20001220703125,284.25,151.22007751464844,203016,HEROMOTOCO,Consumer Cyclical,Auto Manufacturers,N/A,EQUITY,0.0207,3.4,1.464,187.32,0.023834744735340842
2003-09-15,282.0,286.0,275.5,278.6000061035156,148.21434020996094,351490,HEROMOTOCO,Consumer Cyclical,Auto Manufacturers,N/A,EQUITY,0.0207,3.4,1.464,187.32,0.038112522686025406
2003-09-16,275.04998779296875,288.5,260.0,285.29998779296875,151.77867126464844,470629,HEROMOTOCO,Consumer Cyclical,Auto Manufacturers,N/A,EQUITY,0.0207,3.4,1.464,187.32,0.10961538461538461
2003-09-17,288.3999938964844,290.6499938964844,277.5,280.54998779296875,149.25169372558594,385896,HEROMOTOCO,Consumer Cyclical,Auto Manufacturers,N/A,EQUITY,0.0207,3.4,1.464,187.32,0.04738736539273649
2003-09-18,281.0,281.0,268.5,270.95001220703125,144.14451599121094,431896,HEROMOTOCO,Consumer Cyclical,Auto Manufacturers,N/A,EQUITY,0.0207,3.4,1.464,187.32,0.04655493482309125
2003-09-19,276.0,285.0,267.0,281.0,149.49107360839844,851370,HEROMOTOCO,Consumer Cyclical,Auto Manufacturers,N/A,EQUITY,0.0207,3.4,1.464,187.32,0.06741573033707865
2003-09-22,286.0,289.95001220703125,278.5,280.3999938964844,149.17189025878906,483327,HEROMOTOCO,Consumer Cyclical,Auto Manufacturers,N/A,EQUITY,0.0207,3.4,1.464,187.32,0.041113149755947036
2003-09-23,276.04998779296875,289.8500061035156,276.04998779296875,286.95001220703125,152.65647888183594,332503,HEROMOTOCO,Consumer Cyclical,Auto Manufacturers,N/A,EQUITY,0.0207,3.4,1.464,187.32,0.04999101221079052
2003-09-24,289.8999938964844,300.8999938964844,287.5,298.3500061035156,158.72125244140625,909252,HEROMOTOCO,Consumer Cyclical,Auto Manufacturers,N/A,EQUITY,0.0207,3.4,1.464,187.32,0.04660867442255435
2003-09-25,301.1000061035156,301.1000061035156,283.0,286.3999938964844,152.36390686035156,449585,HEROMOTOCO,Consumer Cyclical,Auto Manufacturers,N/A,EQUITY,0.0207,3.4,1.464,187.32,0.0639576187403379
2003-09-26,289.95001220703125,296.70001220703125,288.0,294.45001220703125,156.64642333984375,220171,HEROMOTOCO,Consumer Cyclical,Auto Manufacturers,N/A,EQUITY,0.0207,3.4,1.464,187.32,0.030208375718858507
2003-09-29,295.20001220703125,300.45001220703125,295.1000061035156,295.75,157.33804321289062,153604,HEROMOTOCO,Consumer Cyclical,Auto Manufacturers,N/A,EQUITY,0.0207,3.4,1.464,187.32,0.018129467952769006
2003-09-30,295.5,310.25,295.5,308.6499938964844,164.20082092285156,614626,HEROMOTOCO,Consumer Cyclical,Auto Manufacturers,N/A,EQUITY,0.0207,3.4,1.464,187.32,0.04991539763113367
2003-10-01,310.8999938964844,317.75,305.1000061035156,310.3500061035156,165.10519409179688,677392,HEROMOTOCO,Consumer Cyclical,Auto Manufacturers,N/A,EQUITY,0.0207,3.4,1.464,187.32,0.041461794963689486
2003-10-02,310.3500061035156,310.3500061035156,310.3500061035156,310.3500061035156,165.10519409179688,0,HEROMOTOCO,Consumer Cyclical,Auto Manufacturers,N/A,EQUITY,0.0207,3.4,1.464,187.32,0.0
2003-10-03,313.0,327.0,311.0,324.1000061035156,172.420166015625,656227,HEROMOTOCO,Consumer Cyclical,Auto Manufacturers,N/A,EQUITY,0.0207,3.4,1.464,187.32,0.05144694533762058
2003-10-06,308.1000061035156,339.1499938964844,308.1000061035156,330.45001220703125,175.79830932617188,555777,HEROMOTOCO,Consumer Cyclical,Auto Manufacturers,N/A,EQUITY,0.0207,3.4,1.464,187.32,0.10077892625077248
2003-10-07,334.29998779296875,350.0,322.1000061035156,325.04998779296875,172.92555236816406,404997,HEROMOTOCO,Consumer Cyclical,Auto Manufacturers,N/A,EQUITY,0.0207,3.4,1.464,187.32,0.08661904181249208
2003-10-08,327.1000061035156,331.0,320.0,324.04998779296875,172.3934783935547,279014,HEROMOTOCO,Consumer Cyclical,Auto Manufacturers,N/A,EQUITY,0.0207,3.4,1.464,187.32,0.034375
2003-10-09,325.0,328.70001220703125,322.04998779296875,324.70001220703125,172.7393798828125,236485,HEROMOTOCO,Consumer Cyclical,Auto Manufacturers,N/A,EQUITY,0.0207,3.4,1.464,187.32,0.02064904414260527
2003-10-10,329.0,334.8999938964844,321.1000061035156,322.45001220703125,171.5423583984375,493547,HEROMOTOCO,Consumer Cyclical,Auto Manufacturers,N/A,EQUITY,0.0207,3.4,1.464,187.32,0.04297722681612138
2003-10-13,324.95001220703125,334.45001220703125,323.25,333.54998779296875,177.4475555419922,538344,HEROMOTOCO,Consumer Cyclical,Auto Manufacturers,N/A,EQUITY,0.0207,3.4,1.464,187.32,0.03464814294518562
2003-10-14,335.8500061035156,347.0,330.1499938964844,335.04998779296875,178.24551391601562,2025393,HEROMOTOCO,Consumer Cyclical,Auto Manufacturers,N/A,EQUITY,0.0207,3.4,1.464,187.32,0.051037426669766336
2003-10-15,336.0,340.0,325.0,338.8500061035156,180.26712036132812,726118,HEROMOTOCO,Consumer Cyclical,Auto Manufacturers,N/A,EQUITY,0.0207,3.4,1.464,187.32,0.046153846153846156
2003-10-16,340.0,342.5,325.1499938964844,331.04998779296875,176.11758422851562,484170,HEROMOTOCO,Consumer Cyclical,Auto Manufacturers,N/A,EQUITY,0.0207,3.4,1.464,187.32,0.05336000747101111
2003-10-17,336.0,336.0,327.0,329.70001220703125,175.3993377685547,446793,HEROMOTOCO,Consumer Cyclical,Auto Manufacturers,N/A,EQUITY,0.0207,3.4,1.464,187.32,0.027522935779816515
2003-10-20,329.70001220703125,333.75,326.1000061035156,329.25,175.15994262695312,330125,HEROMOTOCO,Consumer Cyclical,Auto Manufacturers,N/A,EQUITY,0.0207,3.4,1.464,187.32,0.023459042481759406
2003-10-21,329.0,331.0,316.0,322.1000061035156,171.3561553955078,289201,HEROMOTOCO,Consumer Cyclical,Auto Manufacturers,N/A,EQUITY,0.0207,3.4,1.464,187.32,0.04746835443037975
2003-10-22,323.0,323.3999938964844,306.6000061035156,315.54998779296875,167.87159729003906,339831,HEROMOTOCO,Consumer Cyclical,Auto Manufacturers,N/A,EQUITY,0.0207,3.4,1.464,187.32,0.054794479642954294
2003-10-23,314.8999938964844,318.0,308.0,310.20001220703125,165.0254364013672,194753,HEROMOTOCO,Consumer Cyclical,Auto Manufacturers,N/A,EQUITY,0.0207,3.4,1.464,187.32,0.032467532467532464
2003-10-24,308.0,318.75,298.1000061035156,317.8999938964844,169.12179565429688,492243,HEROMOTOCO,Consumer Cyclical,Auto Manufacturers,N/A,EQUITY,0.0207,3.4,1.464,187.32,0.06927203446387598
2003-10-27,323.0,324.0,317.0,318.1000061035156,169.22816467285156,692472,HEROMOTOCO,Consumer Cyclical,Auto Manufacturers,N/A,EQUITY,0.0207,3.4,1.464,187.32,0.022082018927444796
2003-10-28,318.0,322.0,299.54998779296875,303.1499938964844,161.2748260498047,733259,HEROMOTOCO,Consumer Cyclical,Auto Manufacturers,N/A,EQUITY,0.0207,3.4,1.464,187.32,0.07494579576663969
2003-10-29,306.20001220703125,310.8999938964844,299.54998779296875,303.8999938964844,161.67381286621094,1457915,HEROMOTOCO,Consumer Cyclical,Auto Manufacturers,N/A,EQUITY,0.0207,3.4,1.464,187.32,0.03789019050590006
2003-10-30,306.25,325.5,305.0,323.6000061035156,172.15415954589844,1488917,HEROMOTOCO,Consumer Cyclical,Auto Manufacturers,N/A,EQUITY,0.0207,3.4,1.464,187.32,0.06721311475409836
2003-10-31,327.0,355.8999938964844,327.0,353.1000061035156,187.84808349609375,1505108,HEROMOTOCO,Consumer Cyclical,Auto Manufacturers,N/A,EQUITY,0.0207,3.4,1.464,187.32,0.08837918622778096
2003-11-03,359.0,375.0,355.5,370.1000061035156,196.8920135498047,831831,HEROMOTOCO,Consumer Cyclical,Auto Manufacturers,N/A,EQUITY,0.0207,3.4,1.464,187.32,0.05485232067510549
2003-11-04,370.0,379.0,362.3999938964844,368.70001220703125,196.147216796875,815741,HEROMOTOCO,Consumer Cyclical,Auto Manufacturers,N/A,EQUITY,0.0207,3.4,1.464,187.32,0.0458057571277367
2003-11-05,368.79998779296875,384.45001220703125,361.1000061035156,366.3999938964844,194.92364501953125,864489,HEROMOTOCO,Consumer Cyclical,Auto Manufacturers,N/A,EQUITY,0.0207,3.4,1.464,187.32,0.06466354391814089
2003-11-06,369.79998779296875,379.0,365.95001220703125,372.8500061035156,198.3550262451172,592166,HEROMOTOCO,Consumer Cyclical,Auto Manufacturers,N/A,EQUITY,0.0207,3.4,1.464,187.32,0.035660574826230355
2003-11-07,374.8999938964844,378.5,357.1000061035156,361.95001220703125,192.55624389648438,500029,HEROMOTOCO,Consumer Cyclical,Auto Manufacturers,N/A,EQUITY,0.0207,3.4,1.464,187.32,0.05992717314678784
2003-11-10,360.0,375.0,355.29998779296875,370.25,196.9718017578125,394635,HEROMOTOCO,Consumer Cyclical,Auto Manufacturers,N/A,EQUITY,0.0207,3.4,1.464,187.32,0.055446138147661105
2003-11-11,370.0,379.70001220703125,362.1000061035156,369.6000061035156,196.6260528564453,509038,HEROMOTOCO,Consumer Cyclical,Auto Manufacturers,N/A,EQUITY,0.0207,3.4,1.464,187.32,0.048605373672609684
2003-11-12,375.0,389.0,371.20001220703125,383.3500061035156,203.9409637451172,1326126,HEROMOTOCO,Consumer Cyclical,Auto Manufacturers,N/A,EQUITY,0.0207,3.4,1.464,187.32,0.04795255174464023
2003-11-13,385.1499938964844,394.0,384.1499938964844,385.75,205.2177734375,691763,HEROMOTOCO,Consumer Cyclical,Auto Manufacturers,N/A,EQUITY,0.0207,3.4,1.464,187.32,0.025641041936785437
2003-11-14,385.0,390.0,375.6000061035156,378.25,201.227783203125,339387,HEROMOTOCO,Consumer Cyclical,Auto Manufacturers,N/A,EQUITY,0.0207,3.4,1.464,187.32,0.03833864127391874
2003-11-17,372.0,399.95001220703125,372.0,394.1000061035156,209.65994262695312,662463,HEROMOTOCO,Consumer Cyclical,Auto Manufacturers,N/A,EQUITY,0.0207,3.4,1.464,187.32,0.07513444141675067
2003-11-18,393.0,398.75,381.04998779296875,384.25,204.41978454589844,474209,HEROMOTOCO,Consumer Cyclical,Auto Manufacturers,N/A,EQUITY,0.0207,3.4,1.464,187.32,0.04645063055781538
2003-11-19,385.25,393.3999938964844,374.04998779296875,376.95001220703125,200.5362091064453,601750,HEROMOTOCO,Consumer Cyclical,Auto Manufacturers,N/A,EQUITY,0.0207,3.4,1.464,187.32,0.05173107000400592
2003-11-20,381.0,390.79998779296875,379.1000061035156,381.25,202.82379150390625,502453,HEROMOTOCO,Consumer Cyclical,Auto Manufacturers,N/A,EQUITY,0.0207,3.4,1.464,187.32,0.030862520446012263
2003-11-21,384.0,385.0,338.0,373.54998779296875,198.72738647460938,1130350,HEROMOTOCO,Consumer Cyclical,Auto Manufacturers,N/A,EQUITY,0.0207,3.4,1.464,187.32,0.1390532544378698
2003-11-24,375.0,382.0,368.1000061035156,372.8500061035156,198.3550262451172,403654,HEROMOTOCO,Consumer Cyclical,Auto Manufacturers,N/A,EQUITY,0.0207,3.4,1.464,187.32,0.037761460652014966
2003-11-25,378.0,382.0,372.5,378.95001220703125,201.60020446777344,347821,HEROMOTOCO,Consumer Cyclical,Auto Manufacturers,N/A,EQUITY,0.0207,3.4,1.464,187.32,0.025503355704697986
2003-11-26,378.95001220703125,378.95001220703125,378.95001220703125,378.95001220703125,201.60020446777344,0,HEROMOTOCO,Consumer Cyclical,Auto Manufacturers,N/A,EQUITY,0.0207,3.4,1.464,187.32,0.0
2003-11-27,380.0,384.0,370.25,374.54998779296875,199.2594451904297,763517,HEROMOTOCO,Consumer Cyclical,Auto Manufacturers,N/A,EQUITY,0.0207,3.4,1.464,187.32,0.03713706954760297
2003-11-28,377.0,379.79998779296875,371.54998779296875,374.54998779296875,199.2594451904297,514626,HEROMOTOCO,Consumer Cyclical,Auto Manufacturers,N/A,EQUITY,0.0207,3.4,1.464,187.32,0.022204280099712936
2003-12-01,377.25,401.70001220703125,377.0,397.5,211.46871948242188,1321103,HEROMOTOCO,Consumer Cyclical,Auto Manufacturers,N/A,EQUITY,0.0207,3.4,1.464,187.32,0.06551727375870359
2003-12-02,401.0,412.8999938964844,392.29998779296875,408.8500061035156,217.5068817138672,1225423,HEROMOTOCO,Consumer Cyclical,Auto Manufacturers,N/A,EQUITY,0.0207,3.4,1.464,187.32,0.05251085073799954
2003-12-03,414.0,414.0,400.0,404.0,214.92666625976562,735470,HEROMOTOCO,Consumer Cyclical,Auto Manufacturers,N/A,EQUITY,0.0207,3.4,1.464,187.32,0.035
2003-12-04,406.1000061035156,406.95001220703125,388.20001220703125,391.1499938964844,208.0905303955078,830293,HEROMOTOCO,Consumer Cyclical,Auto Manufacturers,N/A,EQUITY,0.0207,3.4,1.464,187.32,0.04829984392169576
2003-12-05,394.0,399.1000061035156,378.1000061035156,380.70001220703125,202.53121948242188,706396,HEROMOTOCO,Consumer Cyclical,Auto Manufacturers,N/A,EQUITY,0.0207,3.4,1.464,187.32,0.055540861309191975
2003-12-08,383.3999938964844,388.0,378.0,384.79998779296875,204.71240234375,444359,HEROMOTOCO,Consumer Cyclical,Auto Manufacturers,N/A,EQUITY,0.0207,3.4,1.464,187.32,0.026455026455026454
2003-12-09,387.0,398.25,386.0,397.29998779296875,211.36233520507812,589292,HEROMOTOCO,Consumer Cyclical,Auto Manufacturers,N/A,EQUITY,0.0207,3.4,1.464,187.32,0.03173575129533679
2003-12-10,402.0,407.8999938964844,392.1000061035156,395.6000061035156,210.4578857421875,608895,HEROMOTOCO,Consumer Cyclical,Auto Manufacturers,N/A,EQUITY,0.0207,3.4,1.464,187.32,0.04029581113752267
2003-12-11,398.0,404.0,395.1000061035156,399.8500061035156,212.71893310546875,911024,HEROMOTOCO,Consumer Cyclical,Auto Manufacturers,N/A,EQUITY,0.0207,3.4,1.464,187.32,0.02252592700328278
2003-12-12,400.0,404.0,394.0,396.29998779296875,210.830322265625,449557,HEROMOTOCO,Consumer Cyclical,Auto Manufacturers,N/A,EQUITY,0.0207,3.4,1.464,187.32,0.025380710659898477
2003-12-15,405.0,405.0,396.04998779296875,397.8500061035156,211.6549835205078,381901,HEROMOTOCO,Consumer Cyclical,Auto Manufacturers,N/A,EQUITY,0.0207,3.4,1.464,187.32,0.022598188316848986
2003-12-16,396.0,396.0,384.20001220703125,386.70001220703125,205.72315979003906,675636,HEROMOTOCO,Consumer Cyclical,Auto Manufacturers,N/A,EQUITY,0.0207,3.4,1.464,187.32,0.030713137475409998
2003-12-17,387.0,395.0,387.0,389.75,207.34580993652344,511525,HEROMOTOCO,Consumer Cyclical,Auto Manufacturers,N/A,EQUITY,0.0207,3.4,1.464,187.32,0.020671834625323
2003-12-18,392.5,398.0,388.1000061035156,397.70001220703125,211.57513427734375,381732,HEROMOTOCO,Consumer Cyclical,Auto Manufacturers,N/A,EQUITY,0.0207,3.4,1.464,187.32,0.025508873333652586
2003-12-19,399.8999938964844,419.95001220703125,399.0,412.70001220703125,219.55506896972656,962108,HEROMOTOCO,Consumer Cyclical,Auto Manufacturers,N/A,EQUITY,0.0207,3.4,1.464,187.32,0.052506296258223686
2003-12-22,415.0,418.29998779296875,398.1000061035156,409.3999938964844,217.79949951171875,2281347,HEROMOTOCO,Consumer Cyclical,Auto Manufacturers,N/A,EQUITY,0.0207,3.4,1.464,187.32,0.05074097307147652
2003-12-23,412.0,423.5,411.5,417.25,221.97567749023438,1066583,HEROMOTOCO,Consumer Cyclical,Auto Manufacturers,N/A,EQUITY,0.0207,3.4,1.464,187.32,0.02916160388821385
2003-12-24,422.0,457.79998779296875,420.0,447.8999938964844,238.28140258789062,1486661,HEROMOTOCO,Consumer Cyclical,Auto Manufacturers,N/A,EQUITY,0.0207,3.4,1.464,187.32,0.08999997093563988
2003-12-25,447.8999938964844,447.8999938964844,447.8999938964844,447.8999938964844,238.28140258789062,0,HEROMOTOCO,Consumer Cyclical,Auto Manufacturers,N/A,EQUITY,0.0207,3.4,1.464,187.32,0.0
2003-12-26,422.45001220703125,465.0,401.1499938964844,462.29998779296875,245.9420928955078,884460,HEROMOTOCO,Consumer Cyclical,Auto Manufacturers,N/A,EQUITY,0.0207,3.4,1.464,187.32,0.15916741137977417
2003-12-29,464.79998779296875,472.0,458.1000061035156,463.6000061035156,246.63381958007812,568724,HEROMOTOCO,Consumer Cyclical,Auto Manufacturers,N/A,EQUITY,0.0207,3.4,1.464,187.32,0.03034270620232961
2003-12-30,465.0,471.1000061035156,449.0,453.3999938964844,241.20730590820312,606460,HEROMOTOCO,Consumer Cyclical,Auto Manufacturers,N/A,EQUITY,0.0207,3.4,1.464,187.32,0.04922050357130429
2003-12-31,450.0,466.0,445.0,448.3999938964844,238.54742431640625,647540,HEROMOTOCO,Consumer Cyclical,Auto Manufacturers,N/A,EQUITY,0.0207,3.4,1.464,187.32,0.04719101123595506
2004-01-01,453.45001220703125,461.20001220703125,451.0,458.8999938964844,244.13328552246094,675222,HEROMOTOCO,Consumer Cyclical,Auto Manufacturers,N/A,EQUITY,0.0207,3.4,1.464,187.32,0.02261643504884978
2004-01-02,461.8500061035156,472.0,461.8500061035156,466.0,247.9104766845703,848733,HEROMOTOCO,Consumer Cyclical,Auto Manufacturers,N/A,EQUITY,0.0207,3.4,1.464,187.32,0.021976818799065753
2004-01-05,468.0,474.79998779296875,447.0,450.6000061035156,239.7177734375,910043,HEROMOTOCO,Consumer Cyclical,Auto Manufacturers,N/A,EQUITY,0.0207,3.4,1.464,187.32,0.06219236642722315
2004-01-06,453.8999938964844,470.0,441.1000061035156,445.79998779296875,237.1641845703125,1146272,HEROMOTOCO,Consumer Cyclical,Auto Manufacturers,N/A,EQUITY,0.0207,3.4,1.464,187.32,0.06551800838039942
2004-01-07,449.95001220703125,450.0,431.25,446.8500061035156,237.72271728515625,1107623,HEROMOTOCO,Consumer Cyclical,Auto Manufacturers,N/A,EQUITY,0.0207,3.4,1.464,187.32,0.043478260869565216
2004-01-08,455.0,464.0,451.1000061035156,455.75,242.45748901367188,1445072,HEROMOTOCO,Consumer Cyclical,Auto Manufacturers,N/A,EQUITY,0.0207,3.4,1.464,187.32,0.028596749549864037
2004-01-09,469.8999938964844,488.3999938964844,464.1000061035156,482.95001220703125,256.9278564453125,2055920,HEROMOTOCO,Consumer Cyclical,Auto Manufacturers,N/A,EQUITY,0.0207,3.4,1.464,187.32,0.052359378309399844
2004-01-12,488.20001220703125,495.0,477.5,484.3999938964844,257.69921875,878359,HEROMOTOCO,Consumer Cyclical,Auto Manufacturers,N/A,EQUITY,0.0207,3.4,1.464,187.32,0.03664921465968586
2004-01-13,490.0,492.8999938964844,474.25,490.54998779296875,260.97100830078125,779725,HEROMOTOCO,Consumer Cyclical,Auto Manufacturers,N/A,EQUITY,0.0207,3.4,1.464,187.32,0.03932523752553374
2004-01-14,495.0,498.0,473.54998779296875,479.5,255.0924835205078,2211785,HEROMOTOCO,Consumer Cyclical,Auto Manufacturers,N/A,EQUITY,0.0207,3.4,1.464,187.32,0.051631322642374446
2004-01-15,494.0,496.79998779296875,451.70001220703125,459.70001220703125,244.5589141845703,2228311,HEROMOTOCO,Consumer Cyclical,Auto Manufacturers,N/A,EQUITY,0.0207,3.4,1.464,187.32,0.09984497313953242
2004-01-16,460.0,477.5,450.0,462.04998779296875,245.80909729003906,1257079,HEROMOTOCO,Consumer Cyclical,Auto Manufacturers,N/A,EQUITY,0.0207,3.4,1.464,187.32,0.06111111111111111
2004-01-19,469.8500061035156,491.0,460.0,485.04998779296875,258.0450439453125,1206715,HEROMOTOCO,Consumer Cyclical,Auto Manufacturers,N/A,EQUITY,0.0207,3.4,1.464,187.32,0.06739130434782609
2004-01-20,487.0,499.5,477.0,481.8999938964844,256.3692626953125,1593393,HEROMOTOCO,Consumer Cyclical,Auto Manufacturers,N/A,EQUITY,0.0207,3.4,1.464,187.32,0.04716981132075472
2004-01-21,480.5,483.1000061035156,435.0,450.8999938964844,239.87738037109375,1328457,HEROMOTOCO,Consumer Cyclical,Auto Manufacturers,N/A,EQUITY,0.0207,3.4,1.464,187.32,0.11057472667474856
2004-01-22,449.0,458.6499938964844,424.1499938964844,427.5,232.5869140625,900537,HEROMOTOCO,Consumer Cyclical,Auto Manufacturers,N/A,EQUITY,0.0207,3.4,1.464,187.32,0.08133915005647713
2004-01-23,430.0,462.5,427.04998779296875,455.20001220703125,247.657470703125,856418,HEROMOTOCO,Consumer Cyclical,Auto Manufacturers,N/A,EQUITY,0.0207,3.4,1.464,187.32,0.0830113879413508
2004-01-26,455.20001220703125,455.20001220703125,455.20001220703125,455.20001220703125,247.657470703125,0,HEROMOTOCO,Consumer Cyclical,Auto Manufacturers,N/A,EQUITY,0.0207,3.4,1.464,187.32,0.0
2004-01-27,465.0,467.0,449.79998779296875,464.3999938964844,252.66287231445312,849496,HEROMOTOCO,Consumer Cyclical,Auto Manufacturers,N/A,EQUITY,0.0207,3.4,1.464,187.32,0.03823924560653383
2004-01-28,469.0,475.5,455.0,459.0,249.7249298095703,1179096,HEROMOTOCO,Consumer Cyclical,Auto Manufacturers,N/A,EQUITY,0.0207,3.4,1.464,187.32,0.045054945054945054
2004-01-29,462.0,462.0,442.6000061035156,448.04998779296875,243.76739501953125,928098,HEROMOTOCO,Consumer Cyclical,Auto Manufacturers,N/A,EQUITY,0.0207,3.4,1.464,187.32,0.043831888000351926
2004-01-30,449.8999938964844,470.0,440.0,452.1000061035156,245.9708709716797,1000494,HEROMOTOCO,Consumer Cyclical,Auto Manufacturers,N/A,EQUITY,0.0207,3.4,1.464,187.32,0.06818181818181818
2004-02-02,452.1000061035156,452.1000061035156,452.1000061035156,452.1000061035156,245.9708709716797,0,HEROMOTOCO,Consumer Cyclical,Auto Manufacturers,N/A,EQUITY,0.0207,3.4,1.464,187.32,0.0
2004-02-03,457.0,464.0,425.54998779296875,438.8500061035156,238.7620086669922,1134477,HEROMOTOCO,Consumer Cyclical,Auto Manufacturers,N/A,EQUITY,0.0207,3.4,1.464,187.32,0.09035369124657874
2004-02-04,445.0,465.1000061035156,438.79998779296875,460.75,250.67701721191406,938938,HEROMOTOCO,Consumer Cyclical,Auto Manufacturers,N/A,EQUITY,0.0207,3.4,1.464,187.32,0.05993623300408009
2004-02-05,458.1000061035156,474.3999938964844,457.0,463.0,251.9010772705078,923858,HEROMOTOCO,Consumer Cyclical,Auto Manufacturers,N/A,EQUITY,0.0207,3.4,1.464,187.32,0.038074384893838895
2004-02-06,460.0,469.45001220703125,457.20001220703125,463.8999938964844,252.39077758789062,910439,HEROMOTOCO,Consumer Cyclical,Auto Manufacturers,N/A,EQUITY,0.0207,3.4,1.464,187.32,0.026793525093898953
2004-02-09,468.95001220703125,487.0,463.0,483.1000061035156,262.8368835449219,947260,HEROMOTOCO,Consumer Cyclical,Auto Manufacturers,N/A,EQUITY,0.0207,3.4,1.464,187.32,0.05183585313174946
2004-02-10,485.0,486.8999938964844,471.0,480.29998779296875,261.3133239746094,914385,HEROMOTOCO,Consumer Cyclical,Auto Manufacturers,N/A,EQUITY,0.0207,3.4,1.464,187.32,0.03375794882480759
2004-02-11,481.0,484.8999938964844,475.8500061035156,483.1499938964844,262.8640441894531,509510,HEROMOTOCO,Consumer Cyclical,Auto Manufacturers,N/A,EQUITY,0.0207,3.4,1.464,187.32,0.019018572400732577
2004-02-12,485.0,509.45001220703125,485.0,505.6000061035156,275.0782470703125,2140344,HEROMOTOCO,Consumer Cyclical,Auto Manufacturers,N/A,EQUITY,0.0207,3.4,1.464,187.32,0.05041239630315722
2004-02-13,505.0,507.0,497.5,501.0,272.5755920410156,872832,HEROMOTOCO,Consumer Cyclical,Auto Manufacturers,N/A,EQUITY,0.0207,3.4,1.464,187.32,0.019095477386934675
2004-02-16,503.0,510.0,501.3999938964844,504.29998779296875,274.37091064453125,749890,HEROMOTOCO,Consumer Cyclical,Auto Manufacturers,N/A,EQUITY,0.0207,3.4,1.464,187.32,0.01715198685321708
2004-02-17,504.0,504.0,488.1000061035156,498.29998779296875,271.1065673828125,805282,HEROMOTOCO,Consumer Cyclical,Auto Manufacturers,N/A,EQUITY,0.0207,3.4,1.464,187.32,0.03257527903638732
2004-02-18,507.0,515.0,500.1000061035156,504.04998779296875,274.2349853515625,581620,HEROMOTOCO,Consumer Cyclical,Auto Manufacturers,N/A,EQUITY,0.0207,3.4,1.464,187.32,0.0297940286235474
2004-02-19,504.0,514.0,488.1499938964844,491.1499938964844,267.216552734375,768089,HEROMOTOCO,Consumer Cyclical,Auto Manufacturers,N/A,EQUITY,0.0207,3.4,1.464,187.32,0.05295504747870037
2004-02-20,490.04998779296875,519.8499755859375,485.5,511.6000061035156,278.3426513671875,950685,HEROMOTOCO,Consumer Cyclical,Auto Manufacturers,N/A,EQUITY,0.0207,3.4,1.464,187.32,0.07075175197927394
2004-02-23,515.0,521.7000122070312,480.5,485.1000061035156,263.9249267578125,1227444,HEROMOTOCO,Consumer Cyclical,Auto Manufacturers,N/A,EQUITY,0.0207,3.4,1.464,187.32,0.08574404205417534
2004-02-24,485.6000061035156,516.7999877929688,485.6000061035156,513.5,279.3763732910156,1613472,HEROMOTOCO,Consumer Cyclical,Auto Manufacturers,N/A,EQUITY,0.0207,3.4,1.464,187.32,0.06425037334699334
2004-02-25,514.5,514.5,496.0,499.8500061035156,271.94989013671875,794757,HEROMOTOCO,Consumer Cyclical,Auto Manufacturers,N/A,EQUITY,0.0207,3.4,1.464,187.32,0.037298387096774195
2004-02-26,510.5,510.5,493.04998779296875,499.79998779296875,271.922607421875,751002,HEROMOTOCO,Consumer Cyclical,Auto Manufacturers,N/A,EQUITY,0.0207,3.4,1.464,187.32,0.035391973712731326
2004-02-27,505.0,507.3999938964844,483.54998779296875,492.54998779296875,267.97821044921875,1001832,HEROMOTOCO,Consumer Cyclical,Auto Manufacturers,N/A,EQUITY,0.0207,3.4,1.464,187.32,0.0493227312699819
2004-03-01,494.0,519.9000244140625,494.0,516.9500122070312,281.25341796875,835153,HEROMOTOCO,Consumer Cyclical,Auto Manufacturers,N/A,EQUITY,0.0207,3.4,1.464,187.32,0.05242919921875
2004-03-02,516.9500122070312,516.9500122070312,516.9500122070312,516.9500122070312,281.25341796875,0,HEROMOTOCO,Consumer Cyclical,Auto Manufacturers,N/A,EQUITY,0.0207,3.4,1.464,187.32,0.0
2004-03-03,520.0,527.4500122070312,515.9000244140625,524.1500244140625,285.17059326171875,905139,HEROMOTOCO,Consumer Cyclical,Auto Manufacturers,N/A,EQUITY,0.0207,3.4,1.464,187.32,0.022388034980395162
2004-03-04,527.7999877929688,533.0,512.5999755859375,520.0999755859375,282.9671630859375,700828,HEROMOTOCO,Consumer Cyclical,Auto Manufacturers,N/A,EQUITY,0.0207,3.4,1.464,187.32,0.039797162281843365
2004-03-05,523.0,536.8499755859375,519.2999877929688,533.5,290.2575988769531,480303,HEROMOTOCO,Consumer Cyclical,Auto Manufacturers,N/A,EQUITY,0.0207,3.4,1.464,187.32,0.03379547122185851
2004-03-08,539.9000244140625,544.4000244140625,530.0,539.5,293.5220031738281,1053765,HEROMOTOCO,Consumer Cyclical,Auto Manufacturers,N/A,EQUITY,0.0207,3.4,1.464,187.32,0.027169857385023585
2004-03-09,535.3499755859375,537.7000122070312,515.0,530.9500122070312,288.87030029296875,998584,HEROMOTOCO,Consumer Cyclical,Auto Manufacturers,N/A,EQUITY,0.0207,3.4,1.464,187.32,0.04407769360588592
2004-03-10,506.1000061035156,527.75,492.04998779296875,496.1499938964844,269.9367980957031,1836001,HEROMOTOCO,Consumer Cyclical,Auto Manufacturers,N/A,EQUITY,0.0207,3.4,1.464,187.32,0.07255362888465738
2004-03-11,498.0,502.0,469.1499938964844,472.75,257.2057189941406,2354545,HEROMOTOCO,Consumer Cyclical,Auto Manufacturers,N/A,EQUITY,0.0207,3.4,1.464,187.32,0.07002026330786613
2004-03-12,470.0,481.0,465.20001220703125,475.1000061035156,258.4842834472656,2678309,HEROMOTOCO,Consumer Cyclical,Auto Manufacturers,N/A,EQUITY,0.0207,3.4,1.464,187.32,0.03396385936881096
2004-03-15,479.79998779296875,483.45001220703125,447.1000061035156,450.25,244.9643096923828,2717765,HEROMOTOCO,Consumer Cyclical,Auto Manufacturers,N/A,EQUITY,0.0207,3.4,1.464,187.32,0.08130173475126194
2004-03-16,447.0,487.79998779296875,445.04998779296875,478.3500061035156,260.2524719238281,3172493,HEROMOTOCO,Consumer Cyclical,Auto Manufacturers,N/A,EQUITY,0.0207,3.4,1.464,187.32,0.09605662548604928
2004-03-17,481.0,485.0,462.25,467.0,254.07742309570312,876671,HEROMOTOCO,Consumer Cyclical,Auto Manufacturers,N/A,EQUITY,0.0207,3.4,1.464,187.32,0.04921579232017307
2004-03-18,470.0,472.0,450.1499938964844,453.45001220703125,246.70542907714844,790476,HEROMOTOCO,Consumer Cyclical,Auto Manufacturers,N/A,EQUITY,0.0207,3.4,1.464,187.32,0.04853938998062102
2004-03-19,460.1000061035156,461.25,450.0,453.75,246.86863708496094,610951,HEROMOTOCO,Consumer Cyclical,Auto Manufacturers,N/A,EQUITY,0.0207,3.4,1.464,187.32,0.025
2004-03-22,456.5,456.5,438.0,444.5,241.8359375,758171,HEROMOTOCO,Consumer Cyclical,Auto Manufacturers,N/A,EQUITY,0.0207,3.4,1.464,187.32,0.04223744292237443
2004-03-23,443.0,455.0,443.0,450.3999938964844,245.04595947265625,643452,HEROMOTOCO,Consumer Cyclical,Auto Manufacturers,N/A,EQUITY,0.0207,3.4,1.464,187.32,0.02708803611738149
2004-03-24,451.8999938964844,470.3999938964844,451.8999938964844,461.8999938964844,251.30270385742188,1368026,HEROMOTOCO,Consumer Cyclical,Auto Manufacturers,N/A,EQUITY,0.0207,3.4,1.464,187.32,0.04093826123006709
2004-03-25,465.0,466.5,457.5,463.04998779296875,251.92835998535156,808584,HEROMOTOCO,Consumer Cyclical,Auto Manufacturers,N/A,EQUITY,0.0207,3.4,1.464,187.32,0.019672131147540985
2004-03-26,469.0,475.0,464.75,470.3500061035156,255.9000244140625,848648,HEROMOTOCO,Consumer Cyclical,Auto Manufacturers,N/A,EQUITY,0.0207,3.4,1.464,187.32,0.022054868208714364
2004-03-29,475.0,480.8999938964844,473.5,479.1499938964844,260.687744140625,556567,HEROMOTOCO,Consumer Cyclical,Auto Manufacturers,N/A,EQUITY,0.0207,3.4,1.464,187.32,0.015628287004190868
2004-03-30,480.25,485.0,475.0,478.3500061035156,260.2524719238281,480620,HEROMOTOCO,Consumer Cyclical,Auto Manufacturers,N/A,EQUITY,0.0207,3.4,1.464,187.32,0.021052631578947368
2004-03-31,476.0,493.0,473.20001220703125,490.6000061035156,266.9172668457031,531544,HEROMOTOCO,Consumer Cyclical,Auto Manufacturers,N/A,EQUITY,0.0207,3.4,1.464,187.32,0.04184274573582639
2004-04-01,475.0,504.0,475.0,501.79998779296875,273.0108337402344,830948,HEROMOTOCO,Consumer Cyclical,Auto Manufacturers,N/A,EQUITY,0.0207,3.4,1.464,187.32,0.061052631578947365
2004-04-02,506.95001220703125,512.5,492.5,495.6000061035156,269.6376647949219,846885,HEROMOTOCO,Consumer Cyclical,Auto Manufacturers,N/A,EQUITY,0.0207,3.4,1.464,187.32,0.04060913705583756
2004-04-05,475.25,504.3999938964844,475.25,493.54998779296875,268.5223083496094,845599,HEROMOTOCO,Consumer Cyclical,Auto Manufacturers,N/A,EQUITY,0.0207,3.4,1.464,187.32,0.06133612603152946
2004-04-06,480.20001220703125,496.8500061035156,480.20001220703125,489.8500061035156,266.50927734375,511445,HEROMOTOCO,Consumer Cyclical,Auto Manufacturers,N/A,EQUITY,0.0207,3.4,1.464,187.32,0.03467303930285194
2004-04-07,492.0,508.0,485.20001220703125,504.5,274.47979736328125,816892,HEROMOTOCO,Consumer Cyclical,Auto Manufacturers,N/A,EQUITY,0.0207,3.4,1.464,187.32,0.046990905233613565
2004-04-08,508.0,514.9500122070312,505.0,513.0999755859375,279.1587829589844,807562,HEROMOTOCO,Consumer Cyclical,Auto Manufacturers,N/A,EQUITY,0.0207,3.4,1.464,187.32,0.019702994469368813
2004-04-09,513.0999755859375,513.0999755859375,513.0999755859375,513.0999755859375,279.1587829589844,0,HEROMOTOCO,Consumer Cyclical,Auto Manufacturers,N/A,EQUITY,0.0207,3.4,1.464,187.32,0.0
2004-04-12,519.0,523.4000244140625,496.0,504.8500061035156,274.6701354980469,1542052,HEROMOTOCO,Consumer Cyclical,Auto Manufacturers,N/A,EQUITY,0.0207,3.4,1.464,187.32,0.05524198470577117
2004-04-13,509.8999938964844,509.8999938964844,495.0,501.70001220703125,272.9563903808594,817689,HEROMOTOCO,Consumer Cyclical,Auto Manufacturers,N/A,EQUITY,0.0207,3.4,1.464,187.32,0.030100997770675503
2004-04-14,501.70001220703125,501.70001220703125,501.70001220703125,501.70001220703125,272.9563903808594,0,HEROMOTOCO,Consumer Cyclical,Auto Manufacturers,N/A,EQUITY,0.0207,3.4,1.464,187.32,0.0
2004-04-15,507.0,515.0,500.75,502.6499938964844,273.47320556640625,1089360,HEROMOTOCO,Consumer Cyclical,Auto Manufacturers,N/A,EQUITY,0.0207,3.4,1.464,187.32,0.028457314028956564
2004-04-16,505.0,505.79998779296875,494.1000061035156,497.79998779296875,270.8345031738281,468125,HEROMOTOCO,Consumer Cyclical,Auto Manufacturers,N/A,EQUITY,0.0207,3.4,1.464,187.32,0.0236793797711509
2004-04-19,496.0,499.0,486.54998779296875,488.8999938964844,265.9924011230469,385192,HEROMOTOCO,Consumer Cyclical,Auto Manufacturers,N/A,EQUITY,0.0207,3.4,1.464,187.32,0.02558835169949452
2004-04-20,490.0,491.0,484.0,486.3999938964844,264.6322326660156,313995,HEROMOTOCO,Consumer Cyclical,Auto Manufacturers,N/A,EQUITY,0.0207,3.4,1.464,187.32,0.014462809917355372
2004-04-21,486.0,502.0,486.0,499.8999938964844,271.9770202636719,518456,HEROMOTOCO,Consumer Cyclical,Auto Manufacturers,N/A,EQUITY,0.0207,3.4,1.464,187.32,0.03292181069958848
2004-04-22,502.0,504.79998779296875,496.5,501.0,272.5755920410156,416011,HEROMOTOCO,Consumer Cyclical,Auto Manufacturers,N/A,EQUITY,0.0207,3.4,1.464,187.32,0.016716994547771903
2004-04-23,505.0,510.20001220703125,495.5,498.54998779296875,271.2427062988281,659891,HEROMOTOCO,Consumer Cyclical,Auto Manufacturers,N/A,EQUITY,0.0207,3.4,1.464,187.32,0.02966702766302977
2004-04-27,485.20001220703125,494.0,428.75,481.3500061035156,261.88470458984375,469838,HEROMOTOCO,Consumer Cyclical,Auto Manufacturers,N/A,EQUITY,0.0207,3.4,1.464,187.32,0.1521865889212828
2004-04-28,475.6000061035156,483.0,473.6499938964844,479.45001220703125,260.8509826660156,422852,HEROMOTOCO,Consumer Cyclical,Auto Manufacturers,N/A,EQUITY,0.0207,3.4,1.464,187.32,0.019740327718781852
2004-04-29,476.0,485.79998779296875,471.5,481.04998779296875,261.7215270996094,388386,HEROMOTOCO,Consumer Cyclical,Auto Manufacturers,N/A,EQUITY,0.0207,3.4,1.464,187.32,0.03032871218020944
2004-04-30,487.0,488.79998779296875,475.6000061035156,481.79998779296875,262.1295471191406,267576,HEROMOTOCO,Consumer Cyclical,Auto Manufacturers,N/A,EQUITY,0.0207,3.4,1.464,187.32,0.027754376619120804
2004-05-03,483.5,483.5,447.5,462.54998779296875,251.6563262939453,523379,HEROMOTOCO,Consumer Cyclical,Auto Manufacturers,N/A,EQUITY,0.0207,3.4,1.464,187.32,0.08044692737430167
2004-05-04,468.0,480.0,467.79998779296875,474.1000061035156,257.9401550292969,181495,HEROMOTOCO,Consumer Cyclical,Auto Manufacturers,N/A,EQUITY,0.0207,3.4,1.464,187.32,0.026079547937975858
2004-05-05,477.0,485.0,471.54998779296875,480.8500061035156,261.6127014160156,186901,HEROMOTOCO,Consumer Cyclical,Auto Manufacturers,N/A,EQUITY,0.0207,3.4,1.464,187.32,0.02852298283365962
2004-05-06,489.0,495.0,482.04998779296875,492.54998779296875,267.97821044921875,349809,HEROMOTOCO,Consumer Cyclical,Auto Manufacturers,N/A,EQUITY,0.0207,3.4,1.464,187.32,0.026864459153545364
2004-05-07,492.0,495.0,485.5,492.0,267.6789855957031,287608,HEROMOTOCO,Consumer Cyclical,Auto Manufacturers,N/A,EQUITY,0.0207,3.4,1.464,187.32,0.01956745623069001
2004-05-10,494.95001220703125,495.0,474.1000061035156,485.25,264.00653076171875,261573,HEROMOTOCO,Consumer Cyclical,Auto Manufacturers,N/A,EQUITY,0.0207,3.4,1.464,187.32,0.04408351324070863
2004-05-11,482.0,482.0,457.0,462.79998779296875,251.7923583984375,382111,HEROMOTOCO,Consumer Cyclical,Auto Manufacturers,N/A,EQUITY,0.0207,3.4,1.464,187.32,0.05470459518599562
2004-05-12,460.04998779296875,465.0,446.6000061035156,463.6000061035156,252.2277069091797,573585,HEROMOTOCO,Consumer Cyclical,Auto Manufacturers,N/A,EQUITY,0.0207,3.4,1.464,187.32,0.041200164901519315
2004-05-13,455.0,476.0,411.1499938964844,452.0,245.91647338867188,829703,HEROMOTOCO,Consumer Cyclical,Auto Manufacturers,N/A,EQUITY,0.0207,3.4,1.464,187.32,0.15772834018293327
2004-05-14,459.0,463.0,430.0,442.95001220703125,240.99270629882812,1062305,HEROMOTOCO,Consumer Cyclical,Auto Manufacturers,N/A,EQUITY,0.0207,3.4,1.464,187.32,0.07674418604651163
2004-05-17,439.95001220703125,440.0,320.0,408.20001220703125,222.08653259277344,1047113,HEROMOTOCO,Consumer Cyclical,Auto Manufacturers,N/A,EQUITY,0.0207,3.4,1.464,187.32,0.375
2004-05-18,400.0,489.0,400.0,433.29998779296875,235.74252319335938,787208,HEROMOTOCO,Consumer Cyclical,Auto Manufacturers,N/A,EQUITY,0.0207,3.4,1.464,187.32,0.2225
2004-05-19,448.0,454.0,425.0,441.45001220703125,240.17649841308594,545574,HEROMOTOCO,Consumer Cyclical,Auto Manufacturers,N/A,EQUITY,0.0207,3.4,1.464,187.32,0.06823529411764706
2004-05-20,445.0,457.0,434.20001220703125,449.6000061035156,244.61074829101562,339820,HEROMOTOCO,Consumer Cyclical,Auto Manufacturers,N/A,EQUITY,0.0207,3.4,1.464,187.32,0.0525103342974976
2004-05-21,448.8999938964844,469.0,431.79998779296875,458.8999938964844,249.67047119140625,530950,HEROMOTOCO,Consumer Cyclical,Auto Manufacturers,N/A,EQUITY,0.0207,3.4,1.464,187.32,0.08615102653700676
2004-05-24,465.0,476.3999938964844,463.04998779296875,474.1499938964844,257.9674987792969,225797,HEROMOTOCO,Consumer Cyclical,Auto Manufacturers,N/A,EQUITY,0.0207,3.4,1.464,187.32,0.0288305937921425
2004-05-25,474.0,485.0,455.0,481.6000061035156,262.0207214355469,588776,HEROMOTOCO,Consumer Cyclical,Auto Manufacturers,N/A,EQUITY,0.0207,3.4,1.464,187.32,0.06593406593406594
2004-05-26,478.25,489.0,472.0,476.95001220703125,259.4908752441406,352025,HEROMOTOCO,Consumer Cyclical,Auto Manufacturers,N/A,EQUITY,0.0207,3.4,1.464,187.32,0.036016949152542374
2004-05-27,472.1000061035156,494.8500061035156,465.8500061035156,488.70001220703125,265.8835754394531,589782,HEROMOTOCO,Consumer Cyclical,Auto Manufacturers,N/A,EQUITY,0.0207,3.4,1.464,187.32,0.06225179697337165
2004-05-28,475.1000061035156,483.8999938964844,445.1000061035156,450.25,244.9643096923828,555145,HEROMOTOCO,Consumer Cyclical,Auto Manufacturers,N/A,EQUITY,0.0207,3.4,1.464,187.32,0.08717139353160365
2004-05-31,447.0,457.8999938964844,430.0,445.8500061035156,242.5704803466797,518718,HEROMOTOCO,Consumer Cyclical,Auto Manufacturers,N/A,EQUITY,0.0207,3.4,1.464,187.32,0.06488370673601017
2004-06-01,449.79998779296875,469.0,442.1000061035156,462.1000061035156,251.4115447998047,935115,HEROMOTOCO,Consumer Cyclical,Auto Manufacturers,N/A,EQUITY,0.0207,3.4,1.464,187.32,0.060845947806175485
2004-06-02,469.79998779296875,484.0,465.1000061035156,478.45001220703125,260.3069152832031,995271,HEROMOTOCO,Consumer Cyclical,Auto Manufacturers,N/A,EQUITY,0.0207,3.4,1.464,187.32,0.0406364086184894
2004-06-03,479.1000061035156,489.0,466.5,469.8500061035156,255.62803649902344,706961,HEROMOTOCO,Consumer Cyclical,Auto Manufacturers,N/A,EQUITY,0.0207,3.4,1.464,187.32,0.04823151125401929
2004-06-04,468.0,480.0,462.0,478.6499938964844,260.41571044921875,434398,HEROMOTOCO,Consumer Cyclical,Auto Manufacturers,N/A,EQUITY,0.0207,3.4,1.464,187.32,0.03896103896103896
2004-06-07,483.79998779296875,488.0,465.1499938964844,469.54998779296875,255.4647674560547,357772,HEROMOTOCO,Consumer Cyclical,Auto Manufacturers,N/A,EQUITY,0.0207,3.4,1.464,187.32,0.04912395228065019
2004-06-08,473.0,485.0,469.1499938964844,481.3500061035156,261.88470458984375,321403,HEROMOTOCO,Consumer Cyclical,Auto Manufacturers,N/A,EQUITY,0.0207,3.4,1.464,187.32,0.033784517339273054
2004-06-09,483.8999938964844,484.0,475.0,479.20001220703125,260.7149658203125,287093,HEROMOTOCO,Consumer Cyclical,Auto Manufacturers,N/A,EQUITY,0.0207,3.4,1.464,187.32,0.018947368421052633
2004-06-10,465.1000061035156,494.0,465.1000061035156,473.25,257.4778137207031,160537,HEROMOTOCO,Consumer Cyclical,Auto Manufacturers,N/A,EQUITY,0.0207,3.4,1.464,187.32,0.06213716086267307
2004-06-11,472.04998779296875,480.0,471.1000061035156,474.6000061035156,258.2121887207031,299724,HEROMOTOCO,Consumer Cyclical,Auto Manufacturers,N/A,EQUITY,0.0207,3.4,1.464,187.32,0.01889194179829572
2004-06-14,472.0,483.0,466.04998779296875,474.3999938964844,258.1035461425781,568475,HEROMOTOCO,Consumer Cyclical,Auto Manufacturers,N/A,EQUITY,0.0207,3.4,1.464,187.32,0.036369515397478944
2004-06-15,475.0,484.0,473.0,482.25,262.3744201660156,483422,HEROMOTOCO,Consumer Cyclical,Auto Manufacturers,N/A,EQUITY,0.0207,3.4,1.464,187.32,0.023255813953488372
2004-06-16,480.0,487.0,471.1000061035156,476.0,258.97393798828125,260910,HEROMOTOCO,Consumer Cyclical,Auto Manufacturers,N/A,EQUITY,0.0207,3.4,1.464,187.32,0.03375078261618753
2004-06-17,478.0,478.0,470.5,472.8999938964844,257.287353515625,849243,HEROMOTOCO,Consumer Cyclical,Auto Manufacturers,N/A,EQUITY,0.0207,3.4,1.464,187.32,0.015940488841657812
2004-06-18,469.0,475.5,469.0,472.5,257.06976318359375,362473,HEROMOTOCO,Consumer Cyclical,Auto Manufacturers,N/A,EQUITY,0.0207,3.4,1.464,187.32,0.013859275053304905
2004-06-21,474.0,487.0,470.25,482.1499938964844,262.32000732421875,359183,HEROMOTOCO,Consumer Cyclical,Auto Manufacturers,N/A,EQUITY,0.0207,3.4,1.464,187.32,0.03561935140882509
2004-06-22,472.5,484.3500061035156,455.0,474.8500061035156,258.34832763671875,475862,HEROMOTOCO,Consumer Cyclical,Auto Manufacturers,N/A,EQUITY,0.0207,3.4,1.464,187.32,0.06450550791981456
2004-06-23,475.0,477.8999938964844,465.6000061035156,470.1000061035156,255.7640838623047,578942,HEROMOTOCO,Consumer Cyclical,Auto Manufacturers,N/A,EQUITY,0.0207,3.4,1.464,187.32,0.02641749920904023
2004-06-24,471.95001220703125,495.0,466.29998779296875,489.54998779296875,266.3460693359375,1090254,HEROMOTOCO,Consumer Cyclical,Auto Manufacturers,N/A,EQUITY,0.0207,3.4,1.464,187.32,0.061548387214999646
2004-06-25,487.0,494.8999938964844,475.0,492.75,268.0870361328125,657249,HEROMOTOCO,Consumer Cyclical,Auto Manufacturers,N/A,EQUITY,0.0207,3.4,1.464,187.32,0.041894723992598686
2004-06-28,488.0,494.3999938964844,485.1000061035156,489.29998779296875,266.2100524902344,441192,HEROMOTOCO,Consumer Cyclical,Auto Manufacturers,N/A,EQUITY,0.0207,3.4,1.464,187.32,0.019171279480429904
2004-06-29,490.0,509.3500061035156,485.0,507.75,276.24798583984375,768413,HEROMOTOCO,Consumer Cyclical,Auto Manufacturers,N/A,EQUITY,0.0207,3.4,1.464,187.32,0.05020619815157861
2004-06-30,509.0,516.5,504.1000061035156,506.75,275.7039794921875,1209266,HEROMOTOCO,Consumer Cyclical,Auto Manufacturers,N/A,EQUITY,0.0207,3.4,1.464,187.32,0.024598281583710333
2004-07-01,509.0,509.8999938964844,495.79998779296875,504.1000061035156,274.2620849609375,532695,HEROMOTOCO,Consumer Cyclical,Auto Manufacturers,N/A,EQUITY,0.0207,3.4,1.464,187.32,0.028438899658471486
2004-07-02,491.1000061035156,515.0,471.0,511.25,278.1522216796875,635535,HEROMOTOCO,Consumer Cyclical,Auto Manufacturers,N/A,EQUITY,0.0207,3.4,1.464,187.32,0.09341825902335456
2004-07-05,411.0,523.5,411.0,516.1500244140625,280.8181457519531,837026,HEROMOTOCO,Consumer Cyclical,Auto Manufacturers,N/A,EQUITY,0.0207,3.4,1.464,187.32,0.2737226277372263
2004-07-06,513.0,534.0,511.29998779296875,528.4000244140625,287.48291015625,801350,HEROMOTOCO,Consumer Cyclical,Auto Manufacturers,N/A,EQUITY,0.0207,3.4,1.464,187.32,0.0443966609602634
2004-07-07,532.25,535.1500244140625,514.0499877929688,520.9500122070312,283.42962646484375,951234,HEROMOTOCO,Consumer Cyclical,Auto Manufacturers,N/A,EQUITY,0.0207,3.4,1.464,187.32,0.04104666301362056
2004-07-08,519.0999755859375,523.9000244140625,483.0,491.0,267.13494873046875,862219,HEROMOTOCO,Consumer Cyclical,Auto Manufacturers,N/A,EQUITY,0.0207,3.4,1.464,187.32,0.08467913957362837
2004-07-09,486.0,505.3500061035156,468.20001220703125,501.5,272.84759521484375,374749,HEROMOTOCO,Consumer Cyclical,Auto Manufacturers,N/A,EQUITY,0.0207,3.4,1.464,187.32,0.0793464180433579
2004-07-12,505.0,505.0,483.54998779296875,486.8999938964844,264.90423583984375,636376,HEROMOTOCO,Consumer Cyclical,Auto Manufacturers,N/A,EQUITY,0.0207,3.4,1.464,187.32,0.04435945144975382
2004-07-13,488.0,489.0,465.0,467.8500061035156,254.53982543945312,795968,HEROMOTOCO,Consumer Cyclical,Auto Manufacturers,N/A,EQUITY,0.0207,3.4,1.464,187.32,0.05161290322580645
2004-07-14,469.0,471.0,448.1000061035156,450.75,245.2363739013672,1798792,HEROMOTOCO,Consumer Cyclical,Auto Manufacturers,N/A,EQUITY,0.0207,3.4,1.464,187.32,0.05110464982050066
2004-07-15,445.1000061035156,463.45001220703125,445.1000061035156,459.79998779296875,250.16014099121094,2980183,HEROMOTOCO,Consumer Cyclical,Auto Manufacturers,N/A,EQUITY,0.0207,3.4,1.464,187.32,0.04122670377867399
2004-07-16,461.0,468.0,457.25,462.45001220703125,251.60191345214844,1125621,HEROMOTOCO,Consumer Cyclical,Auto Manufacturers,N/A,EQUITY,0.0207,3.4,1.464,187.32,0.023510114816839803
2004-07-19,463.0,464.45001220703125,450.0,451.70001220703125,245.75331115722656,749808,HEROMOTOCO,Consumer Cyclical,Auto Manufacturers,N/A,EQUITY,0.0207,3.4,1.464,187.32,0.032111138237847225
2004-07-20,452.0,454.95001220703125,435.0,436.29998779296875,237.3746337890625,1230883,HEROMOTOCO,Consumer Cyclical,Auto Manufacturers,N/A,EQUITY,0.0207,3.4,1.464,187.32,0.04586209702765805
2004-07-21,436.3999938964844,446.5,435.1000061035156,440.70001220703125,239.76858520507812,1547129,HEROMOTOCO,Consumer Cyclical,Auto Manufacturers,N/A,EQUITY,0.0207,3.4,1.464,187.32,0.0262008589670582
2004-07-22,449.1000061035156,449.1000061035156,435.1000061035156,437.3500061035156,237.9459686279297,1207490,HEROMOTOCO,Consumer Cyclical,Auto Manufacturers,N/A,EQUITY,0.0207,3.4,1.464,187.32,0.032176510695495666
2004-07-23,440.0,444.5,436.1000061035156,440.3999938964844,239.60533142089844,625166,HEROMOTOCO,Consumer Cyclical,Auto Manufacturers,N/A,EQUITY,0.0207,3.4,1.464,187.32,0.019261622973906805
2004-07-26,441.1000061035156,448.0,427.95001220703125,442.3500061035156,240.66619873046875,926865,HEROMOTOCO,Consumer Cyclical,Auto Manufacturers,N/A,EQUITY,0.0207,3.4,1.464,187.32,0.04685123781061859
2004-07-27,445.70001220703125,447.04998779296875,435.0,436.45001220703125,237.456298828125,629210,HEROMOTOCO,Consumer Cyclical,Auto Manufacturers,N/A,EQUITY,0.0207,3.4,1.464,187.32,0.027701121363146553
2004-07-28,440.0,440.0,428.5,433.79998779296875,236.0145721435547,550514,HEROMOTOCO,Consumer Cyclical,Auto Manufacturers,N/A,EQUITY,0.0207,3.4,1.464,187.32,0.026837806301050177
2004-07-29,428.5,428.75,412.1499938964844,417.79998779296875,232.67311096191406,1934605,HEROMOTOCO,Consumer Cyclical,Auto Manufacturers,N/A,EQUITY,0.0207,3.4,1.464,187.32,0.04027661373127397
2004-07-30,423.0,433.79998779296875,421.79998779296875,429.20001220703125,239.02178955078125,1282467,HEROMOTOCO,Consumer Cyclical,Auto Manufacturers,N/A,EQUITY,0.0207,3.4,1.464,187.32,0.02844950295705067
2004-08-02,430.0,442.75,430.0,438.1000061035156,243.978271484375,1008656,HEROMOTOCO,Consumer Cyclical,Auto Manufacturers,N/A,EQUITY,0.0207,3.4,1.464,187.32,0.029651162790697676
2004-08-03,442.8999938964844,442.8999938964844,428.04998779296875,432.29998779296875,240.74822998046875,841185,HEROMOTOCO,Consumer Cyclical,Auto Manufacturers,N/A,EQUITY,0.0207,3.4,1.464,187.32,0.034692224102335446
2004-08-04,433.0,436.1000061035156,426.3500061035156,430.1000061035156,239.5229949951172,1024977,HEROMOTOCO,Consumer Cyclical,Auto Manufacturers,N/A,EQUITY,0.0207,3.4,1.464,187.32,0.022868534913619187
2004-08-05,432.0,448.8999938964844,432.0,447.6000061035156,249.2687530517578,1251305,HEROMOTOCO,Consumer Cyclical,Auto Manufacturers,N/A,EQUITY,0.0207,3.4,1.464,187.32,0.03912035624186198
2004-08-06,447.5,457.8500061035156,444.0,452.0,251.71910095214844,1459820,HEROMOTOCO,Consumer Cyclical,Auto Manufacturers,N/A,EQUITY,0.0207,3.4,1.464,187.32,0.031193707440350507
2004-08-09,449.8500061035156,468.79998779296875,442.5,465.79998779296875,259.404296875,1229023,HEROMOTOCO,Consumer Cyclical,Auto Manufacturers,N/A,EQUITY,0.0207,3.4,1.464,187.32,0.05943500066207627
2004-08-10,468.0,468.0,457.1000061035156,464.1499938964844,258.4854736328125,827713,HEROMOTOCO,Consumer Cyclical,Auto Manufacturers,N/A,EQUITY,0.0207,3.4,1.464,187.32,0.02384597189004619
2004-08-11,465.0,465.0,445.0,450.1499938964844,250.6888885498047,1448650,HEROMOTOCO,Consumer Cyclical,Auto Manufacturers,N/A,EQUITY,0.0207,3.4,1.464,187.32,0.0449438202247191
2004-08-12,450.0,451.0,443.1000061035156,444.25,247.40321350097656,951307,HEROMOTOCO,Consumer Cyclical,Auto Manufacturers,N/A,EQUITY,0.0207,3.4,1.464,187.32,0.01782891850071156
2004-08-13,445.0,448.1000061035156,436.25,441.20001220703125,245.70458984375,596203,HEROMOTOCO,Consumer Cyclical,Auto Manufacturers,N/A,EQUITY,0.0207,3.4,1.464,187.32,0.02716333777310172
2004-08-16,440.8999938964844,440.8999938964844,426.8500061035156,434.3999938964844,241.9176788330078,580961,HEROMOTOCO,Consumer Cyclical,Auto Manufacturers,N/A,EQUITY,0.0207,3.4,1.464,187.32,0.03291551503354431
2004-08-17,438.1499938964844,444.0,436.1000061035156,441.04998779296875,245.6210174560547,937968,HEROMOTOCO,Consumer Cyclical,Auto Manufacturers,N/A,EQUITY,0.0207,3.4,1.464,187.32,0.018115096963812423
2004-08-18,441.0,447.5,435.1000061035156,438.8999938964844,244.42376708984375,824016,HEROMOTOCO,Consumer Cyclical,Auto Manufacturers,N/A,EQUITY,0.0207,3.4,1.464,187.32,0.028499181159593604
2004-08-19,446.3999938964844,450.0,431.0,448.75,249.9092254638672,548900,HEROMOTOCO,Consumer Cyclical,Auto Manufacturers,N/A,EQUITY,0.0207,3.4,1.464,187.32,0.04408352668213457
2004-08-20,449.0,452.5,443.20001220703125,447.20001220703125,249.04595947265625,786675,HEROMOTOCO,Consumer Cyclical,Auto Manufacturers,N/A,EQUITY,0.0207,3.4,1.464,187.32,0.020983726391741304
2004-08-23,450.0,454.5,442.20001220703125,449.3999938964844,250.27114868164062,358355,HEROMOTOCO,Consumer Cyclical,Auto Manufacturers,N/A,EQUITY,0.0207,3.4,1.464,187.32,0.027815439740897348
2004-08-24,452.0,454.0,446.0,449.54998779296875,250.35472106933594,329481,HEROMOTOCO,Consumer Cyclical,Auto Manufacturers,N/A,EQUITY,0.0207,3.4,1.464,187.32,0.017937219730941704
2004-08-25,452.0,452.5,446.54998779296875,449.04998779296875,250.07618713378906,300923,HEROMOTOCO,Consumer Cyclical,Auto Manufacturers,N/A,EQUITY,0.0207,3.4,1.464,187.32,0.013324403470345223
2004-08-26,450.0,451.0,442.0,447.8500061035156,249.40798950195312,613082,HEROMOTOCO,Consumer Cyclical,Auto Manufacturers,N/A,EQUITY,0.0207,3.4,1.464,187.32,0.020361990950226245
2004-08-27,448.0,450.0,442.0,443.3500061035156,246.90188598632812,322386,HEROMOTOCO,Consumer Cyclical,Auto Manufacturers,N/A,EQUITY,0.0207,3.4,1.464,187.32,0.01809954751131222
2004-08-30,449.0,450.5,445.04998779296875,449.45001220703125,250.29898071289062,358289,HEROMOTOCO,Consumer Cyclical,Auto Manufacturers,N/A,EQUITY,0.0207,3.4,1.464,187.32,0.012245842841291172
2004-08-31,453.70001220703125,453.79998779296875,440.20001220703125,442.95001220703125,246.6792449951172,403402,HEROMOTOCO,Consumer Cyclical,Auto Manufacturers,N/A,EQUITY,0.0207,3.4,1.464,187.32,0.030894991387554235
2004-09-01,448.0,454.8999938964844,445.0,447.1000061035156,248.99034118652344,763185,HEROMOTOCO,Consumer Cyclical,Auto Manufacturers,N/A,EQUITY,0.0207,3.4,1.464,187.32,0.022247177295470506
2004-09-02,449.0,449.8999938964844,442.0,443.95001220703125,247.2360382080078,224825,HEROMOTOCO,Consumer Cyclical,Auto Manufacturers,N/A,EQUITY,0.0207,3.4,1.464,187.32,0.017873289358561934
2004-09-03,444.1000061035156,446.0,441.5,442.54998779296875,246.4563751220703,324746,HEROMOTOCO,Consumer Cyclical,Auto Manufacturers,N/A,EQUITY,0.0207,3.4,1.464,187.32,0.010192525481313703
2004-09-06,446.3999938964844,453.45001220703125,443.29998779296875,451.04998779296875,251.19004821777344,408901,HEROMOTOCO,Consumer Cyclical,Auto Manufacturers,N/A,EQUITY,0.0207,3.4,1.464,187.32,0.022896514084279184
2004-09-07,455.04998779296875,456.1000061035156,452.0,455.3999938964844,253.61251831054688,431773,HEROMOTOCO,Consumer Cyclical,Auto Manufacturers,N/A,EQUITY,0.0207,3.4,1.464,187.32,0.009070809963530144
2004-09-08,455.0,459.0,447.25,450.29998779296875,250.77235412597656,513070,HEROMOTOCO,Consumer Cyclical,Auto Manufacturers,N/A,EQUITY,0.0207,3.4,1.464,187.32,0.02627166014533259
2004-09-09,449.0,452.0,436.6499938964844,442.0,246.15016174316406,493083,HEROMOTOCO,Consumer Cyclical,Auto Manufacturers,N/A,EQUITY,0.0207,3.4,1.464,187.32,0.03515402798140108
2004-09-10,443.0,444.0,435.5,440.3999938964844,245.25900268554688,492693,HEROMOTOCO,Consumer Cyclical,Auto Manufacturers,N/A,EQUITY,0.0207,3.4,1.464,187.32,0.01951779563719862
2004-09-13,444.0,448.20001220703125,440.1000061035156,446.1499938964844,248.46127319335938,402560,HEROMOTOCO,Consumer Cyclical,Auto Manufacturers,N/A,EQUITY,0.0207,3.4,1.464,187.32,0.01840492158868643
2004-09-14,444.0,465.75,439.0,462.75,257.7057800292969,1517342,HEROMOTOCO,Consumer Cyclical,Auto Manufacturers,N/A,EQUITY,0.0207,3.4,1.464,187.32,0.06093394077448747
2004-09-15,461.0,464.0,454.3500061035156,457.0,254.5035858154297,623614,HEROMOTOCO,Consumer Cyclical,Auto Manufacturers,N/A,EQUITY,0.0207,3.4,1.464,187.32,0.02123911910828894
2004-09-16,457.0,460.0,450.1499938964844,458.45001220703125,255.3111572265625,292316,HEROMOTOCO,Consumer Cyclical,Auto Manufacturers,N/A,EQUITY,0.0207,3.4,1.464,187.32,0.021881608879418788
2004-09-17,459.0,461.8999938964844,456.1000061035156,458.1499938964844,255.1439971923828,375826,HEROMOTOCO,Consumer Cyclical,Auto Manufacturers,N/A,EQUITY,0.0207,3.4,1.464,187.32,0.012716482603274501
2004-09-20,460.0,463.5,451.20001220703125,453.0,252.27598571777344,256599,HEROMOTOCO,Consumer Cyclical,Auto Manufacturers,N/A,EQUITY,0.0207,3.4,1.464,187.32,0.02726061050575715
2004-09-21,453.0,453.0,447.1000061035156,449.95001220703125,250.57752990722656,429528,HEROMOTOCO,Consumer Cyclical,Auto Manufacturers,N/A,EQUITY,0.0207,3.4,1.464,187.32,0.013196139154420786
2004-09-22,450.0,457.0,445.3500061035156,455.1499938964844,253.47332763671875,688990,HEROMOTOCO,Consumer Cyclical,Auto Manufacturers,N/A,EQUITY,0.0207,3.4,1.464,187.32,0.026159186565221447
2004-09-23,455.0,457.25,443.25,446.29998779296875,248.54478454589844,549210,HEROMOTOCO,Consumer Cyclical,Auto Manufacturers,N/A,EQUITY,0.0207,3.4,1.464,187.32,0.03158488437676255
2004-09-24,450.0,450.0,440.0,442.6499938964844,246.51210021972656,401036,HEROMOTOCO,Consumer Cyclical,Auto Manufacturers,N/A,EQUITY,0.0207,3.4,1.464,187.32,0.022727272727272728
2004-09-27,444.0,445.0,440.04998779296875,442.6000061035156,246.48434448242188,281270,HEROMOTOCO,Consumer Cyclical,Auto Manufacturers,N/A,EQUITY,0.0207,3.4,1.464,187.32,0.011248749788308351
2004-09-28,443.0,444.8500061035156,433.3999938964844,435.1499938964844,242.33535766601562,462775,HEROMOTOCO,Consumer Cyclical,Auto Manufacturers,N/A,EQUITY,0.0207,3.4,1.464,187.32,0.02641904099741643
2004-09-29,434.0,439.3999938964844,430.1499938964844,436.54998779296875,243.11500549316406,388198,HEROMOTOCO,Consumer Cyclical,Auto Manufacturers,N/A,EQUITY,0.0207,3.4,1.464,187.32,0.02150412677263925
2004-09-30,442.0,452.25,440.0,448.20001220703125,249.6029052734375,843306,HEROMOTOCO,Consumer Cyclical,Auto Manufacturers,N/A,EQUITY,0.0207,3.4,1.464,187.32,0.02784090909090909
2004-10-01,459.29998779296875,459.29998779296875,451.0,454.04998779296875,252.8607635498047,452950,HEROMOTOCO,Consumer Cyclical,Auto Manufacturers,N/A,EQUITY,0.0207,3.4,1.464,187.32,0.018403520605252216
2004-10-04,454.95001220703125,458.79998779296875,452.0,453.29998779296875,252.4430694580078,330433,HEROMOTOCO,Consumer Cyclical,Auto Manufacturers,N/A,EQUITY,0.0207,3.4,1.464,187.32,0.015044220780904314
2004-10-05,457.0,457.0,441.6000061035156,444.3999938964844,247.4866485595703,887701,HEROMOTOCO,Consumer Cyclical,Auto Manufacturers,N/A,EQUITY,0.0207,3.4,1.464,187.32,0.03487317410243526
2004-10-06,444.1000061035156,445.70001220703125,428.29998779296875,430.45001220703125,239.71791076660156,1486913,HEROMOTOCO,Consumer Cyclical,Auto Manufacturers,N/A,EQUITY,0.0207,3.4,1.464,187.32,0.04062578778889274
2004-10-07,462.0,462.0,430.6000061035156,437.6000061035156,243.69972229003906,866056,HEROMOTOCO,Consumer Cyclical,Auto Manufacturers,N/A,EQUITY,0.0207,3.4,1.464,187.32,0.07292148966885026
2004-10-08,440.0,440.0,430.0,437.25,243.50485229492188,930322,HEROMOTOCO,Consumer Cyclical,Auto Manufacturers,N/A,EQUITY,0.0207,3.4,1.464,187.32,0.023255813953488372
2004-10-11,438.0,438.0,430.0,430.54998779296875,239.7735595703125,240639,HEROMOTOCO,Consumer Cyclical,Auto Manufacturers,N/A,EQUITY,0.0207,3.4,1.464,187.32,0.018604651162790697
2004-10-12,431.0,434.0,423.04998779296875,425.70001220703125,237.0725860595703,506513,HEROMOTOCO,Consumer Cyclical,Auto Manufacturers,N/A,EQUITY,0.0207,3.4,1.464,187.32,0.025883494913111645
2004-10-14,427.8999938964844,430.0,422.5,426.04998779296875,237.267578125,506019,HEROMOTOCO,Consumer Cyclical,Auto Manufacturers,N/A,EQUITY,0.0207,3.4,1.464,187.32,0.01775147928994083
2004-10-15,435.79998779296875,438.8999938964844,415.1000061035156,417.1499938964844,232.31114196777344,1179529,HEROMOTOCO,Consumer Cyclical,Auto Manufacturers,N/A,EQUITY,0.0207,3.4,1.464,187.32,0.05733555153702798
2004-10-18,440.0,440.0,415.25,420.8999938964844,234.39955139160156,489059,HEROMOTOCO,Consumer Cyclical,Auto Manufacturers,N/A,EQUITY,0.0207,3.4,1.464,187.32,0.059602649006622516
2004-10-19,423.95001220703125,423.95001220703125,416.29998779296875,420.54998779296875,234.20462036132812,627151,HEROMOTOCO,Consumer Cyclical,Auto Manufacturers,N/A,EQUITY,0.0207,3.4,1.464,187.32,0.01837623021470506
2004-10-20,423.0,425.79998779296875,418.54998779296875,420.45001220703125,234.1488800048828,409222,HEROMOTOCO,Consumer Cyclical,Auto Manufacturers,N/A,EQUITY,0.0207,3.4,1.464,187.32,0.01732170639456842
2004-10-21,422.8999938964844,422.8999938964844,417.8500061035156,419.6000061035156,233.6754913330078,399794,HEROMOTOCO,Consumer Cyclical,Auto Manufacturers,N/A,EQUITY,0.0207,3.4,1.464,187.32,0.012085647287791823
2004-10-22,419.6000061035156,419.6000061035156,419.6000061035156,419.6000061035156,233.6754913330078,0,HEROMOTOCO,Consumer Cyclical,Auto Manufacturers,N/A,EQUITY,0.0207,3.4,1.464,187.32,0.0
2004-10-25,418.0,424.0,412.1000061035156,416.79998779296875,232.1162109375,276112,HEROMOTOCO,Consumer Cyclical,Auto Manufacturers,N/A,EQUITY,0.0207,3.4,1.464,187.32,0.028876471051289453
2004-10-26,419.0,426.5,415.29998779296875,425.20001220703125,236.7942352294922,474062,HEROMOTOCO,Consumer Cyclical,Auto Manufacturers,N/A,EQUITY,0.0207,3.4,1.464,187.32,0.026968486723420202
2004-10-27,426.5,439.1499938964844,420.1000061035156,437.29998779296875,243.53262329101562,816864,HEROMOTOCO,Consumer Cyclical,Auto Manufacturers,N/A,EQUITY,0.0207,3.4,1.464,187.32,0.04534631639180386
2004-10-28,437.0,442.0,426.0,429.25,239.0496063232422,686360,HEROMOTOCO,Consumer Cyclical,Auto Manufacturers,N/A,EQUITY,0.0207,3.4,1.464,187.32,0.03755868544600939
2004-10-29,429.0,430.0,421.25,423.6499938964844,235.93092346191406,406947,HEROMOTOCO,Consumer Cyclical,Auto Manufacturers,N/A,EQUITY,0.0207,3.4,1.464,187.32,0.020771513353115726
2004-11-01,427.0,435.0,424.1499938964844,426.95001220703125,237.76873779296875,382784,HEROMOTOCO,Consumer Cyclical,Auto Manufacturers,N/A,EQUITY,0.0207,3.4,1.464,187.32,0.02558058766862464
2004-11-02,428.6000061035156,433.6000061035156,427.1000061035156,429.6000061035156,239.2444610595703,365442,HEROMOTOCO,Consumer Cyclical,Auto Manufacturers,N/A,EQUITY,0.0207,3.4,1.464,187.32,0.015218918068628181
2004-11-03,429.0,430.0,427.25,428.95001220703125,238.88255310058594,214745,HEROMOTOCO,Consumer Cyclical,Auto Manufacturers,N/A,EQUITY,0.0207,3.4,1.464,187.32,0.006436512580456407
2004-11-04,429.0,435.8999938964844,429.0,432.6499938964844,240.94313049316406,448653,HEROMOTOCO,Consumer Cyclical,Auto Manufacturers,N/A,EQUITY,0.0207,3.4,1.464,187.32,0.016083901856606936
2004-11-05,432.6499938964844,432.6499938964844,424.54998779296875,427.29998779296875,237.96360778808594,368955,HEROMOTOCO,Consumer Cyclical,Auto Manufacturers,N/A,EQUITY,0.0207,3.4,1.464,187.32,0.019079039774853514
2004-11-08,431.0,436.79998779296875,428.5,435.25,242.39105224609375,478311,HEROMOTOCO,Consumer Cyclical,Auto Manufacturers,N/A,EQUITY,0.0207,3.4,1.464,187.32,0.019369866494676195
2004-11-09,436.1000061035156,440.79998779296875,432.0,434.0,241.6949005126953,963824,HEROMOTOCO,Consumer Cyclical,Auto Manufacturers,N/A,EQUITY,0.0207,3.4,1.464,187.32,0.020370342113353587
2004-11-10,431.0,443.25,431.0,442.29998779296875,246.31712341308594,813209,HEROMOTOCO,Consumer Cyclical,Auto Manufacturers,N/A,EQUITY,0.0207,3.4,1.464,187.32,0.02842227378190255
2004-11-11,442.5,444.5,432.20001220703125,434.95001220703125,242.2239532470703,438856,HEROMOTOCO,Consumer Cyclical,Auto Manufacturers,N/A,EQUITY,0.0207,3.4,1.464,187.32,0.028459017689885773
2004-11-12,438.0,439.0,435.20001220703125,438.29998779296875,244.08953857421875,53722,HEROMOTOCO,Consumer Cyclical,Auto Manufacturers,N/A,EQUITY,0.0207,3.4,1.464,187.32,0.008731589352899739
2004-11-15,438.29998779296875,438.29998779296875,438.29998779296875,438.29998779296875,244.08953857421875,0,HEROMOTOCO,Consumer Cyclical,Auto Manufacturers,N/A,EQUITY,0.0207,3.4,1.464,187.32,0.0
2004-11-16,439.0,445.8999938964844,430.0,441.29998779296875,245.76025390625,571967,HEROMOTOCO,Consumer Cyclical,Auto Manufacturers,N/A,EQUITY,0.0207,3.4,1.464,187.32,0.03697672999182413
2004-11-17,443.0,455.0,434.8999938964844,451.75,251.57984924316406,914076,HEROMOTOCO,Consumer Cyclical,Auto Manufacturers,N/A,EQUITY,0.0207,3.4,1.464,187.32,0.04621753595218459
2004-11-18,451.0,452.8999938964844,440.0,442.3999938964844,246.37286376953125,437147,HEROMOTOCO,Consumer Cyclical,Auto Manufacturers,N/A,EQUITY,0.0207,3.4,1.464,187.32,0.0293181679465554
2004-11-19,442.0,444.0,436.29998779296875,440.75,245.4539031982422,184592,HEROMOTOCO,Consumer Cyclical,Auto Manufacturers,N/A,EQUITY,0.0207,3.4,1.464,187.32,0.017648435531666867
2004-11-22,439.8500061035156,447.0,435.0,443.04998779296875,246.73483276367188,474955,HEROMOTOCO,Consumer Cyclical,Auto Manufacturers,N/A,EQUITY,0.0207,3.4,1.464,187.32,0.027586206896551724
2004-11-23,443.0,447.0,438.0,439.45001220703125,244.72999572753906,339174,HEROMOTOCO,Consumer Cyclical,Auto Manufacturers,N/A,EQUITY,0.0207,3.4,1.464,187.32,0.02054794520547945
2004-11-24,439.5,448.5,438.0,446.6000061035156,248.7118682861328,332819,HEROMOTOCO,Consumer Cyclical,Auto Manufacturers,N/A,EQUITY,0.0207,3.4,1.464,187.32,0.023972602739726026
2004-11-25,450.0,475.3999938964844,450.0,473.0,263.41400146484375,1443790,HEROMOTOCO,Consumer Cyclical,Auto Manufacturers,N/A,EQUITY,0.0207,3.4,1.464,187.32,0.05644443088107639
2004-11-26,473.0,473.0,473.0,473.0,263.41400146484375,0,HEROMOTOCO,Consumer Cyclical,Auto Manufacturers,N/A,EQUITY,0.0207,3.4,1.464,187.32,0.0
2004-11-29,475.1000061035156,485.0,466.0,482.54998779296875,268.73236083984375,959003,HEROMOTOCO,Consumer Cyclical,Auto Manufacturers,N/A,EQUITY,0.0207,3.4,1.464,187.32,0.0407725321888412
2004-11-30,484.29998779296875,495.5,480.20001220703125,492.79998779296875,274.440673828125,998416,HEROMOTOCO,Consumer Cyclical,Auto Manufacturers,N/A,EQUITY,0.0207,3.4,1.464,187.32,0.031861698050878816
2004-12-01,494.0,495.1000061035156,468.0,469.45001220703125,261.43701171875,992251,HEROMOTOCO,Consumer Cyclical,Auto Manufacturers,N/A,EQUITY,0.0207,3.4,1.464,187.32,0.05790599594768296
2004-12-02,473.8999938964844,477.0,471.5,474.6499938964844,264.3328857421875,477314,HEROMOTOCO,Consumer Cyclical,Auto Manufacturers,N/A,EQUITY,0.0207,3.4,1.464,187.32,0.01166489925768823
2004-12-03,476.0,481.3500061035156,473.20001220703125,475.25,264.6669921875,235522,HEROMOTOCO,Consumer Cyclical,Auto Manufacturers,N/A,EQUITY,0.0207,3.4,1.464,187.32,0.017223148111244438
2004-12-06,475.0,491.54998779296875,475.0,487.29998779296875,271.3777770996094,732502,HEROMOTOCO,Consumer Cyclical,Auto Manufacturers,N/A,EQUITY,0.0207,3.4,1.464,187.32,0.034842079564144736
2004-12-07,480.0,498.5,480.0,490.3999938964844,273.10406494140625,509502,HEROMOTOCO,Consumer Cyclical,Auto Manufacturers,N/A,EQUITY,0.0207,3.4,1.464,187.32,0.03854166666666667
2004-12-08,490.0,495.0,482.20001220703125,490.20001220703125,272.9927673339844,424254,HEROMOTOCO,Consumer Cyclical,Auto Manufacturers,N/A,EQUITY,0.0207,3.4,1.464,187.32,0.0265449760865479
2004-12-09,489.0,491.8999938964844,483.8999938964844,487.95001220703125,271.73968505859375,711719,HEROMOTOCO,Consumer Cyclical,Auto Manufacturers,N/A,EQUITY,0.0207,3.4,1.464,187.32,0.016532341601375088
2004-12-10,488.29998779296875,489.8999938964844,479.6000061035156,480.8500061035156,267.7856750488281,292948,HEROMOTOCO,Consumer Cyclical,Auto Manufacturers,N/A,EQUITY,0.0207,3.4,1.464,187.32,0.02147620446598916
2004-12-13,480.0,494.8500061035156,476.04998779296875,491.8999938964844,273.939453125,348255,HEROMOTOCO,Consumer Cyclical,Auto Manufacturers,N/A,EQUITY,0.0207,3.4,1.464,187.32,0.03949168951291495
2004-12-14,494.0,517.0,494.0,507.29998779296875,282.5157775878906,577320,HEROMOTOCO,Consumer Cyclical,Auto Manufacturers,N/A,EQUITY,0.0207,3.4,1.464,187.32,0.0465587044534413
2004-12-15,508.04998779296875,522.0,508.04998779296875,518.7999877929688,288.9200744628906,695739,HEROMOTOCO,Consumer Cyclical,Auto Manufacturers,N/A,EQUITY,0.0207,3.4,1.464,187.32,0.02745795205631597
2004-12-16,515.1500244140625,519.0,506.3999938964844,509.1000061035156,283.5181884765625,498921,HEROMOTOCO,Consumer Cyclical,Auto Manufacturers,N/A,EQUITY,0.0207,3.4,1.464,187.32,0.024881528940324697
2004-12-17,510.0,516.0,507.1000061035156,508.70001220703125,283.2953796386719,367978,HEROMOTOCO,Consumer Cyclical,Auto Manufacturers,N/A,EQUITY,0.0207,3.4,1.464,187.32,0.017550766691703797
2004-12-20,507.0,526.0,491.1499938964844,522.0999755859375,290.75787353515625,392353,HEROMOTOCO,Consumer Cyclical,Auto Manufacturers,N/A,EQUITY,0.0207,3.4,1.464,187.32,0.07095593308886546
2004-12-21,522.0,596.9000244140625,518.25,557.7000122070312,310.5835266113281,3032361,HEROMOTOCO,Consumer Cyclical,Auto Manufacturers,N/A,EQUITY,0.0207,3.4,1.464,187.32,0.15176078034551374
2004-12-22,560.0,570.0,547.0,553.8499755859375,308.439453125,1100181,HEROMOTOCO,Consumer Cyclical,Auto Manufacturers,N/A,EQUITY,0.0207,3.4,1.464,187.32,0.04204753199268738
2004-12-23,555.0999755859375,560.9000244140625,535.0,547.4000244140625,304.84747314453125,626162,HEROMOTOCO,Consumer Cyclical,Auto Manufacturers,N/A,EQUITY,0.0207,3.4,1.464,187.32,0.04841126058703271
2004-12-24,542.2000122070312,558.0,542.2000122070312,548.75,305.5992431640625,390273,HEROMOTOCO,Consumer Cyclical,Auto Manufacturers,N/A,EQUITY,0.0207,3.4,1.464,187.32,0.029140515376705214
2004-12-27,551.0,558.5,542.5,549.0,305.7384033203125,289889,HEROMOTOCO,Consumer Cyclical,Auto Manufacturers,N/A,EQUITY,0.0207,3.4,1.464,187.32,0.029493087557603687
2004-12-28,550.0,556.75,547.5,550.9500122070312,306.8244934082031,215126,HEROMOTOCO,Consumer Cyclical,Auto Manufacturers,N/A,EQUITY,0.0207,3.4,1.464,187.32,0.016894977168949773
2004-12-29,547.0,567.4000244140625,545.25,559.7000122070312,311.697265625,528538,HEROMOTOCO,Consumer Cyclical,Auto Manufacturers,N/A,EQUITY,0.0207,3.4,1.464,187.32,0.04062361194692801
2004-12-30,562.0,586.5,550.4000244140625,568.9500122070312,316.8486328125,444543,HEROMOTOCO,Consumer Cyclical,Auto Manufacturers,N/A,EQUITY,0.0207,3.4,1.464,187.32,0.06558861552444212
2004-12-31,566.0,574.9500122070312,558.25,572.3499755859375,318.7420959472656,251884,HEROMOTOCO,Consumer Cyclical,Auto Manufacturers,N/A,EQUITY,0.0207,3.4,1.464,187.32,0.02991493454013659
2005-01-03,580.0,604.0,576.0,601.0499877929688,334.7251892089844,544531,HEROMOTOCO,Consumer Cyclical,Auto Manufacturers,N/A,EQUITY,0.0207,3.4,1.464,187.32,0.04861111111111111
2005-01-04,517.0,616.0,517.0,612.0,340.8232116699219,546652,HEROMOTOCO,Consumer Cyclical,Auto Manufacturers,N/A,EQUITY,0.0207,3.4,1.464,187.32,0.19148936170212766
2005-01-05,602.0,603.0,552.0,566.0,315.205810546875,1260932,HEROMOTOCO,Consumer Cyclical,Auto Manufacturers,N/A,EQUITY,0.0207,3.4,1.464,187.32,0.09239130434782608
2005-01-06,566.0,583.0,556.0,576.3499755859375,320.96966552734375,600516,HEROMOTOCO,Consumer Cyclical,Auto Manufacturers,N/A,EQUITY,0.0207,3.4,1.464,187.32,0.048561151079136694
2005-01-07,579.0,582.0,566.5999755859375,572.4500122070312,318.7978210449219,412066,HEROMOTOCO,Consumer Cyclical,Auto Manufacturers,N/A,EQUITY,0.0207,3.4,1.464,187.32,0.027179712456106068
2005-01-10,579.9500122070312,580.0,565.0,576.2000122070312,320.8861389160156,194179,HEROMOTOCO,Consumer Cyclical,Auto Manufacturers,N/A,EQUITY,0.0207,3.4,1.464,187.32,0.02654867256637168
2005-01-11,574.0,579.0,561.3499755859375,571.0999755859375,318.0459899902344,258987,HEROMOTOCO,Consumer Cyclical,Auto Manufacturers,N/A,EQUITY,0.0207,3.4,1.464,187.32,0.03144210418044357
2005-01-12,575.0,579.0,541.0,550.1500244140625,306.3789367675781,218311,HEROMOTOCO,Consumer Cyclical,Auto Manufacturers,N/A,EQUITY,0.0207,3.4,1.464,187.32,0.07024029574861368
2005-01-13,556.0,564.0,543.3499755859375,554.2000122070312,308.6343994140625,696707,HEROMOTOCO,Consumer Cyclical,Auto Manufacturers,N/A,EQUITY,0.0207,3.4,1.464,187.32,0.038005015812863405
2005-01-14,555.0,555.0,516.0,524.5499877929688,292.1222839355469,1323674,HEROMOTOCO,Consumer Cyclical,Auto Manufacturers,N/A,EQUITY,0.0207,3.4,1.464,187.32,0.0755813953488372
2005-01-17,535.0,535.0,514.3499755859375,521.8499755859375,290.6186218261719,355897,HEROMOTOCO,Consumer Cyclical,Auto Manufacturers,N/A,EQUITY,0.0207,3.4,1.464,187.32,0.04014780867936932
2005-01-18,530.0,543.7000122070312,510.0,535.9500122070312,298.4709167480469,535547,HEROMOTOCO,Consumer Cyclical,Auto Manufacturers,N/A,EQUITY,0.0207,3.4,1.464,187.32,0.06607845530790442
2005-01-19,533.0,547.0,531.1500244140625,542.6500244140625,302.20220947265625,476896,HEROMOTOCO,Consumer Cyclical,Auto Manufacturers,N/A,EQUITY,0.0207,3.4,1.464,187.32,0.029840863894193322
2005-01-20,542.6500244140625,542.6500244140625,528.6500244140625,537.0,299.0556945800781,233280,HEROMOTOCO,Consumer Cyclical,Auto Manufacturers,N/A,EQUITY,0.0207,3.4,1.464,187.32,0.026482548668217917
2005-01-24,537.0,538.9000244140625,511.20001220703125,513.9500122070312,286.2191467285156,310108,HEROMOTOCO,Consumer Cyclical,Auto Manufacturers,N/A,EQUITY,0.0207,3.4,1.464,187.32,0.054186251067249586
2005-01-25,476.25,529.4000244140625,476.25,524.0999755859375,291.8716125488281,853635,HEROMOTOCO,Consumer Cyclical,Auto Manufacturers,N/A,EQUITY,0.0207,3.4,1.464,187.32,0.11160110113188976
2005-01-27,535.0,552.0,524.0,540.0,300.7263488769531,711695,HEROMOTOCO,Consumer Cyclical,Auto Manufacturers,N/A,EQUITY,0.0207,3.4,1.464,187.32,0.05343511450381679
2005-01-28,549.0,549.0,524.0,531.4000244140625,295.9370422363281,490910,HEROMOTOCO,Consumer Cyclical,Auto Manufacturers,N/A,EQUITY,0.0207,3.4,1.464,187.32,0.04770992366412214
2005-01-31,544.4000244140625,545.0,530.0,538.0999755859375,299.6681823730469,347239,HEROMOTOCO,Consumer Cyclical,Auto Manufacturers,N/A,EQUITY,0.0207,3.4,1.464,187.32,0.02830188679245283
2005-02-01,501.1000061035156,549.7000122070312,501.1000061035156,531.4500122070312,295.96484375,377106,HEROMOTOCO,Consumer Cyclical,Auto Manufacturers,N/A,EQUITY,0.0207,3.4,1.464,187.32,0.09698664041420106
2005-02-02,533.0,540.9000244140625,527.0499877929688,529.9500122070312,295.12957763671875,294661,HEROMOTOCO,Consumer Cyclical,Auto Manufacturers,N/A,EQUITY,0.0207,3.4,1.464,187.32,0.026278411805094666
2005-02-03,534.7000122070312,539.5,531.0,533.9500122070312,297.35711669921875,291498,HEROMOTOCO,Consumer Cyclical,Auto Manufacturers,N/A,EQUITY,0.0207,3.4,1.464,187.32,0.0160075329566855
2005-02-04,535.0,546.75,533.2000122070312,542.7999877929688,302.28570556640625,368083,HEROMOTOCO,Consumer Cyclical,Auto Manufacturers,N/A,EQUITY,0.0207,3.4,1.464,187.32,0.02541257967508739
2005-02-07,545.0,554.0999755859375,530.0,533.4500122070312,297.07867431640625,370283,HEROMOTOCO,Consumer Cyclical,Auto Manufacturers,N/A,EQUITY,0.0207,3.4,1.464,187.32,0.04547165204893868
2005-02-08,526.0,538.0,524.0,528.4000244140625,294.266357421875,232774,HEROMOTOCO,Consumer Cyclical,Auto Manufacturers,N/A,EQUITY,0.0207,3.4,1.464,187.32,0.026717557251908396
2005-02-09,529.0,539.7000122070312,524.0,529.6500244140625,294.9625244140625,480818,HEROMOTOCO,Consumer Cyclical,Auto Manufacturers,N/A,EQUITY,0.0207,3.4,1.464,187.32,0.029961855356929867
2005-02-10,531.0,538.0,528.2000122070312,532.4500122070312,296.5217590332031,224899,HEROMOTOCO,Consumer Cyclical,Auto Manufacturers,N/A,EQUITY,0.0207,3.4,1.464,187.32,0.018553554650671957
2005-02-11,540.0,552.4000244140625,531.0499877929688,550.3499755859375,306.49029541015625,562714,HEROMOTOCO,Consumer Cyclical,Auto Manufacturers,N/A,EQUITY,0.0207,3.4,1.464,187.32,0.04020344056465193
2005-02-14,554.0,567.5999755859375,553.0,563.9500122070312,314.0641784667969,480153,HEROMOTOCO,Consumer Cyclical,Auto Manufacturers,N/A,EQUITY,0.0207,3.4,1.464,187.32,0.026401402506216094
2005-02-15,562.8499755859375,562.8499755859375,551.5,555.5999755859375,309.4140930175781,187582,HEROMOTOCO,Consumer Cyclical,Auto Manufacturers,N/A,EQUITY,0.0207,3.4,1.464,187.32,0.02058019145228921
2005-02-16,557.8499755859375,560.0,541.3499755859375,548.7000122070312,305.5715026855469,229449,HEROMOTOCO,Consumer Cyclical,Auto Manufacturers,N/A,EQUITY,0.0207,3.4,1.464,187.32,0.0344509564147969
2005-02-17,548.0,548.0,530.0499877929688,531.4000244140625,295.9370422363281,377157,HEROMOTOCO,Consumer Cyclical,Auto Manufacturers,N/A,EQUITY,0.0207,3.4,1.464,187.32,0.0338647535523429
2005-02-18,531.9500122070312,545.7000122070312,531.1500244140625,535.7999877929688,298.38739013671875,396001,HEROMOTOCO,Consumer Cyclical,Auto Manufacturers,N/A,EQUITY,0.0207,3.4,1.464,187.32,0.027393367455870028
2005-02-21,539.0,549.7999877929688,530.0,542.0,301.8401794433594,405137,HEROMOTOCO,Consumer Cyclical,Auto Manufacturers,N/A,EQUITY,0.0207,3.4,1.464,187.32,0.0373584675339033
2005-02-22,540.9000244140625,544.7000122070312,537.0,540.0,300.7263488769531,210325,HEROMOTOCO,Consumer Cyclical,Auto Manufacturers,N/A,EQUITY,0.0207,3.4,1.464,187.32,0.014338942657413874
2005-02-23,543.4000244140625,543.4000244140625,535.0,536.5999755859375,298.8328857421875,99166,HEROMOTOCO,Consumer Cyclical,Auto Manufacturers,N/A,EQUITY,0.0207,3.4,1.464,187.32,0.015700980213200936
2005-02-24,538.7000122070312,542.4000244140625,533.0499877929688,537.0999755859375,299.111328125,293838,HEROMOTOCO,Consumer Cyclical,Auto Manufacturers,N/A,EQUITY,0.0207,3.4,1.464,187.32,0.017540637529711772
2005-02-25,539.7999877929688,539.7999877929688,517.0,519.4000244140625,289.25421142578125,289300,HEROMOTOCO,Consumer Cyclical,Auto Manufacturers,N/A,EQUITY,0.0207,3.4,1.464,187.32,0.044100556659514026
2005-02-28,527.0,547.0,520.0,544.5499877929688,303.2602233886719,358054,HEROMOTOCO,Consumer Cyclical,Auto Manufacturers,N/A,EQUITY,0.0207,3.4,1.464,187.32,0.051923076923076926
2005-03-01,547.0,561.5999755859375,517.25,548.5499877929688,305.4879150390625,857629,HEROMOTOCO,Consumer Cyclical,Auto Manufacturers,N/A,EQUITY,0.0207,3.4,1.464,187.32,0.0857418571018608
2005-03-02,550.7999877929688,555.0,540.0,550.2999877929688,306.46246337890625,238779,HEROMOTOCO,Consumer Cyclical,Auto Manufacturers,N/A,EQUITY,0.0207,3.4,1.464,187.32,0.027777777777777776
2005-03-03,550.0,567.0,541.3499755859375,563.0499877929688,313.56298828125,324332,HEROMOTOCO,Consumer Cyclical,Auto Manufacturers,N/A,EQUITY,0.0207,3.4,1.464,187.32,0.047381593369981864
2005-03-04,564.0,571.8499755859375,560.0,560.2000122070312,311.9757995605469,260205,HEROMOTOCO,Consumer Cyclical,Auto Manufacturers,N/A,EQUITY,0.0207,3.4,1.464,187.32,0.021160670689174106
2005-03-07,560.5,570.0,560.0,562.5,313.2565612792969,123337,HEROMOTOCO,Consumer Cyclical,Auto Manufacturers,N/A,EQUITY,0.0207,3.4,1.464,187.32,0.017857142857142856
2005-03-08,562.0,566.0,550.5,554.6500244140625,308.885009765625,260760,HEROMOTOCO,Consumer Cyclical,Auto Manufacturers,N/A,EQUITY,0.0207,3.4,1.464,187.32,0.02815622161671208
2005-03-09,560.0,564.0,548.0,553.8499755859375,308.439453125,270619,HEROMOTOCO,Consumer Cyclical,Auto Manufacturers,N/A,EQUITY,0.0207,3.4,1.464,187.32,0.029197080291970802
2005-03-10,554.0,558.4000244140625,548.0999755859375,555.4000244140625,309.3025817871094,123125,HEROMOTOCO,Consumer Cyclical,Auto Manufacturers,N/A,EQUITY,0.0207,3.4,1.464,187.32,0.018792281129211687
2005-03-11,557.0,566.4000244140625,555.0,563.75,313.9527282714844,194542,HEROMOTOCO,Consumer Cyclical,Auto Manufacturers,N/A,EQUITY,0.0207,3.4,1.464,187.32,0.02054058452984234
2005-03-14,566.0,585.0,557.1500244140625,574.8499755859375,320.1343688964844,550949,HEROMOTOCO,Consumer Cyclical,Auto Manufacturers,N/A,EQUITY,0.0207,3.4,1.464,187.32,0.04998649262418405
2005-03-15,575.0,577.0,560.5,564.0,314.0920104980469,354941,HEROMOTOCO,Consumer Cyclical,Auto Manufacturers,N/A,EQUITY,0.0207,3.4,1.464,187.32,0.029438001784121322
2005-03-16,585.0,616.0,550.0499877929688,553.6500244140625,308.3280334472656,194470,HEROMOTOCO,Consumer Cyclical,Auto Manufacturers,N/A,EQUITY,0.0207,3.4,1.464,187.32,0.11989821592697486
2005-03-17,554.0,554.0,536.0,539.7999877929688,300.614990234375,151345,HEROMOTOCO,Consumer Cyclical,Auto Manufacturers,N/A,EQUITY,0.0207,3.4,1.464,187.32,0.033582089552238806
2005-03-18,540.0,542.0,531.1500244140625,539.0999755859375,300.2251892089844,232381,HEROMOTOCO,Consumer Cyclical,Auto Manufacturers,N/A,EQUITY,0.0207,3.4,1.464,187.32,0.020427327661156822
2005-03-21,542.0,547.0,533.0499877929688,535.8499755859375,298.41522216796875,133609,HEROMOTOCO,Consumer Cyclical,Auto Manufacturers,N/A,EQUITY,0.0207,3.4,1.464,187.32,0.02617017639338038
2005-03-22,533.0,534.7999877929688,528.1500244140625,530.7000122070312,295.54718017578125,127516,HEROMOTOCO,Consumer Cyclical,Auto Manufacturers,N/A,EQUITY,0.0207,3.4,1.464,187.32,0.012591050026521949
2005-03-23,528.0,556.5999755859375,528.0,545.5999755859375,303.844970703125,292749,HEROMOTOCO,Consumer Cyclical,Auto Manufacturers,N/A,EQUITY,0.0207,3.4,1.464,187.32,0.054166620427911934
2005-03-24,554.0,554.0,533.9000244140625,544.3499755859375,303.14898681640625,108267,HEROMOTOCO,Consumer Cyclical,Auto Manufacturers,N/A,EQUITY,0.0207,3.4,1.464,187.32,0.037647452082431636
2005-03-28,540.9500122070312,548.0,538.0499877929688,540.7000122070312,301.1162109375,95719,HEROMOTOCO,Consumer Cyclical,Auto Manufacturers,N/A,EQUITY,0.0207,3.4,1.464,187.32,0.01849272824602279
2005-03-29,545.0,545.0,507.0,519.0499877929688,289.0592956542969,226315,HEROMOTOCO,Consumer Cyclical,Auto Manufacturers,N/A,EQUITY,0.0207,3.4,1.464,187.32,0.07495069033530571
2005-03-30,525.0,550.0,513.0,544.25,303.0931396484375,312981,HEROMOTOCO,Consumer Cyclical,Auto Manufacturers,N/A,EQUITY,0.0207,3.4,1.464,187.32,0.07212475633528265
2005-03-31,544.0499877929688,564.0,533.0,548.0,305.1816101074219,541730,HEROMOTOCO,Consumer Cyclical,Auto Manufacturers,N/A,EQUITY,0.0207,3.4,1.464,187.32,0.058161350844277676
2005-04-01,559.9000244140625,559.9000244140625,542.0499877929688,544.5,303.232421875,343571,HEROMOTOCO,Consumer Cyclical,Auto Manufacturers,N/A,EQUITY,0.0207,3.4,1.464,187.32,0.03293060976492709
2005-04-04,553.9000244140625,553.9000244140625,534.0499877929688,536.5999755859375,298.8328857421875,217787,HEROMOTOCO,Consumer Cyclical,Auto Manufacturers,N/A,EQUITY,0.0207,3.4,1.464,187.32,0.03716887384105487
2005-04-05,540.0,550.0,529.9000244140625,539.7000122070312,300.559326171875,165301,HEROMOTOCO,Consumer Cyclical,Auto Manufacturers,N/A,EQUITY,0.0207,3.4,1.464,187.32,0.03793163740304233
2005-04-06,545.0,549.0,532.0,535.2999877929688,298.1089172363281,124279,HEROMOTOCO,Consumer Cyclical,Auto Manufacturers,N/A,EQUITY,0.0207,3.4,1.464,187.32,0.03195488721804511
2005-04-07,535.0,547.7999877929688,535.0,541.25,301.4225158691406,109166,HEROMOTOCO,Consumer Cyclical,Auto Manufacturers,N/A,EQUITY,0.0207,3.4,1.464,187.32,0.023925210827978972
2005-04-08,536.0,544.7999877929688,531.25,533.5499877929688,297.13446044921875,86746,HEROMOTOCO,Consumer Cyclical,Auto Manufacturers,N/A,EQUITY,0.0207,3.4,1.464,187.32,0.025505859375
2005-04-11,531.25,536.0,471.0,526.3499755859375,293.1247253417969,98524,HEROMOTOCO,Consumer Cyclical,Auto Manufacturers,N/A,EQUITY,0.0207,3.4,1.464,187.32,0.13800424628450106
2005-04-12,529.75,531.9000244140625,524.75,525.6500244140625,292.7348937988281,238079,HEROMOTOCO,Consumer Cyclical,Auto Manufacturers,N/A,EQUITY,0.0207,3.4,1.464,187.32,0.013625582494640305
2005-04-13,525.0,527.0,512.25,513.6500244140625,286.0520935058594,340612,HEROMOTOCO,Consumer Cyclical,Auto Manufacturers,N/A,EQUITY,0.0207,3.4,1.464,187.32,0.02879453391898487
2005-04-15,512.4500122070312,524.7999877929688,502.0,517.5,288.19610595703125,279567,HEROMOTOCO,Consumer Cyclical,Auto Manufacturers,N/A,EQUITY,0.0207,3.4,1.464,187.32,0.045418302376431775
2005-04-18,504.0,512.9000244140625,499.1000061035156,501.1000061035156,279.06298828125,189969,HEROMOTOCO,Consumer Cyclical,Auto Manufacturers,N/A,EQUITY,0.0207,3.4,1.464,187.32,0.02764980593425336
2005-04-19,504.0,509.79998779296875,481.95001220703125,486.45001220703125,270.904296875,280924,HEROMOTOCO,Consumer Cyclical,Auto Manufacturers,N/A,EQUITY,0.0207,3.4,1.464,187.32,0.0577860252734551
2005-04-20,488.6000061035156,521.0,488.6000061035156,515.0999755859375,286.8595886230469,612452,HEROMOTOCO,Consumer Cyclical,Auto Manufacturers,N/A,EQUITY,0.0207,3.4,1.464,187.32,0.06631189826391459
2005-04-21,512.0,519.0,505.29998779296875,515.6500244140625,287.1658630371094,190604,HEROMOTOCO,Consumer Cyclical,Auto Manufacturers,N/A,EQUITY,0.0207,3.4,1.464,187.32,0.027112631185426454
2005-04-22,514.5,519.0,504.0,506.5,282.0702209472656,189867,HEROMOTOCO,Consumer Cyclical,Auto Manufacturers,N/A,EQUITY,0.0207,3.4,1.464,187.32,0.02976190476190476
2005-04-25,506.0,510.0,503.1499938964844,507.5,282.6271667480469,115218,HEROMOTOCO,Consumer Cyclical,Auto Manufacturers,N/A,EQUITY,0.0207,3.4,1.464,187.32,0.013614242644560008
2005-04-26,507.0,512.0,503.1000061035156,504.54998779296875,280.9842834472656,133999,HEROMOTOCO,Consumer Cyclical,Auto Manufacturers,N/A,EQUITY,0.0207,3.4,1.464,187.32,0.017690307669471887
2005-04-27,506.0,509.8999938964844,500.0,501.79998779296875,279.4527893066406,161463,HEROMOTOCO,Consumer Cyclical,Auto Manufacturers,N/A,EQUITY,0.0207,3.4,1.464,187.32,0.01979998779296875
2005-04-28,502.0,526.0,501.1000061035156,521.0,290.1452331542969,438902,HEROMOTOCO,Consumer Cyclical,Auto Manufacturers,N/A,EQUITY,0.0207,3.4,1.464,187.32,0.049690667717414906
2005-04-29,516.0,516.0,501.1000061035156,503.6499938964844,280.4830627441406,138846,HEROMOTOCO,Consumer Cyclical,Auto Manufacturers,N/A,EQUITY,0.0207,3.4,1.464,187.32,0.02973457137297736
2005-05-02,499.79998779296875,521.0,499.1000061035156,515.2000122070312,286.915283203125,266662,HEROMOTOCO,Consumer Cyclical,Auto Manufacturers,N/A,EQUITY,0.0207,3.4,1.464,187.32,0.04387896940226087
2005-05-03,518.8499755859375,520.9500122070312,510.04998779296875,513.2999877929688,285.85711669921875,164483,HEROMOTOCO,Consumer Cyclical,Auto Manufacturers,N/A,EQUITY,0.0207,3.4,1.464,187.32,0.021370502254549336
2005-05-04,510.1000061035156,535.0,510.1000061035156,528.7999877929688,294.4891052246094,208114,HEROMOTOCO,Consumer Cyclical,Auto Manufacturers,N/A,EQUITY,0.0207,3.4,1.464,187.32,0.04881394549803508
2005-05-05,531.5999755859375,542.0,528.0,539.4000244140625,300.3921813964844,254770,HEROMOTOCO,Consumer Cyclical,Auto Manufacturers,N/A,EQUITY,0.0207,3.4,1.464,187.32,0.026515151515151516
2005-05-06,540.5,543.0,530.0,540.5499877929688,301.0326232910156,196284,HEROMOTOCO,Consumer Cyclical,Auto Manufacturers,N/A,EQUITY,0.0207,3.4,1.464,187.32,0.024528301886792454
2005-05-09,525.3499755859375,553.7999877929688,525.3499755859375,550.5,306.5738525390625,345801,HEROMOTOCO,Consumer Cyclical,Auto Manufacturers,N/A,EQUITY,0.0207,3.4,1.464,187.32,0.05415439902761993
2005-05-10,548.2999877929688,550.0,541.0,546.9000244140625,304.5689697265625,233180,HEROMOTOCO,Consumer Cyclical,Auto Manufacturers,N/A,EQUITY,0.0207,3.4,1.464,187.32,0.0166358595194085
2005-05-11,544.0,553.0,542.0,551.2000122070312,306.9636535644531,192449,HEROMOTOCO,Consumer Cyclical,Auto Manufacturers,N/A,EQUITY,0.0207,3.4,1.464,187.32,0.02029520295202952
2005-05-12,553.9000244140625,558.4000244140625,549.7000122070312,552.0499877929688,307.4370422363281,265949,HEROMOTOCO,Consumer Cyclical,Auto Manufacturers,N/A,EQUITY,0.0207,3.4,1.464,187.32,0.015826836481412702
2005-05-13,550.0,550.9000244140625,543.5,546.3499755859375,304.26263427734375,143841,HEROMOTOCO,Consumer Cyclical,Auto Manufacturers,N/A,EQUITY,0.0207,3.4,1.464,187.32,0.013615500301862926
2005-05-16,552.0,554.7999877929688,542.1500244140625,552.0499877929688,307.4370422363281,113677,HEROMOTOCO,Consumer Cyclical,Auto Manufacturers,N/A,EQUITY,0.0207,3.4,1.464,187.32,0.023332957316709344
2005-05-17,555.0,559.9000244140625,546.25,550.0999755859375,306.3511657714844,141847,HEROMOTOCO,Consumer Cyclical,Auto Manufacturers,N/A,EQUITY,0.0207,3.4,1.464,187.32,0.024988603046338674
2005-05-18,547.5,559.0,545.0,556.75,310.0544128417969,174149,HEROMOTOCO,Consumer Cyclical,Auto Manufacturers,N/A,EQUITY,0.0207,3.4,1.464,187.32,0.025688073394495414
2005-05-19,555.0,564.9000244140625,555.0,560.6500244140625,312.2264099121094,245381,HEROMOTOCO,Consumer Cyclical,Auto Manufacturers,N/A,EQUITY,0.0207,3.4,1.464,187.32,0.017837881827139638
2005-05-20,560.6500244140625,569.9500122070312,558.0,567.9500122070312,316.2917785644531,190881,HEROMOTOCO,Consumer Cyclical,Auto Manufacturers,N/A,EQUITY,0.0207,3.4,1.464,187.32,0.021415792485719086
2005-05-23,567.8499755859375,574.4500122070312,567.0,571.0999755859375,318.0459899902344,222802,HEROMOTOCO,Consumer Cyclical,Auto Manufacturers,N/A,EQUITY,0.0207,3.4,1.464,187.32,0.013139351335152117
2005-05-24,569.0,575.0,560.0,568.5,316.5979919433594,304650,HEROMOTOCO,Consumer Cyclical,Auto Manufacturers,N/A,EQUITY,0.0207,3.4,1.464,187.32,0.026785714285714284
2005-05-25,569.7000122070312,580.0,561.0999755859375,578.75,322.3063049316406,242342,HEROMOTOCO,Consumer Cyclical,Auto Manufacturers,N/A,EQUITY,0.0207,3.4,1.464,187.32,0.033683880300165496
2005-05-26,573.0,600.0,573.0,594.4000244140625,331.0217590332031,1166436,HEROMOTOCO,Consumer Cyclical,Auto Manufacturers,N/A,EQUITY,0.0207,3.4,1.464,187.32,0.04712041884816754
2005-05-27,590.0,590.0,565.2000122070312,579.9500122070312,322.974609375,279864,HEROMOTOCO,Consumer Cyclical,Auto Manufacturers,N/A,EQUITY,0.0207,3.4,1.464,187.32,0.043878250632246235
2005-05-30,580.5,581.7000122070312,565.25,569.3499755859375,317.0714111328125,174709,HEROMOTOCO,Consumer Cyclical,Auto Manufacturers,N/A,EQUITY,0.0207,3.4,1.464,187.32,0.029102188778471916
2005-05-31,569.0,569.0,550.0999755859375,552.9000244140625,307.91033935546875,131519,HEROMOTOCO,Consumer Cyclical,Auto Manufacturers,N/A,EQUITY,0.0207,3.4,1.464,187.32,0.034357435471490776
2005-06-01,555.0,563.7000122070312,555.0,560.0,311.86431884765625,397282,HEROMOTOCO,Consumer Cyclical,Auto Manufacturers,N/A,EQUITY,0.0207,3.4,1.464,187.32,0.015675697670326578
2005-06-02,563.0,563.0,553.25,557.9000244140625,310.6949462890625,209594,HEROMOTOCO,Consumer Cyclical,Auto Manufacturers,N/A,EQUITY,0.0207,3.4,1.464,187.32,0.01762313601446001
2005-06-03,560.0,562.0,553.4000244140625,557.8499755859375,310.6670227050781,112854,HEROMOTOCO,Consumer Cyclical,Auto Manufacturers,N/A,EQUITY,0.0207,3.4,1.464,187.32,0.015540251547771644
2005-06-06,558.0,564.0,551.0,552.2999877929688,307.5761413574219,125315,HEROMOTOCO,Consumer Cyclical,Auto Manufacturers,N/A,EQUITY,0.0207,3.4,1.464,187.32,0.023593466424682397
2005-06-07,553.0,558.7999877929688,545.5499877929688,555.25,309.2191162109375,152073,HEROMOTOCO,Consumer Cyclical,Auto Manufacturers,N/A,EQUITY,0.0207,3.4,1.464,187.32,0.02428741691224866
2005-06-08,557.5,564.0,555.0,557.2999877929688,310.3608093261719,128930,HEROMOTOCO,Consumer Cyclical,Auto Manufacturers,N/A,EQUITY,0.0207,3.4,1.464,187.32,0.016216216216216217
2005-06-09,555.0,562.4500122070312,555.0,555.5999755859375,309.4140930175781,83024,HEROMOTOCO,Consumer Cyclical,Auto Manufacturers,N/A,EQUITY,0.0207,3.4,1.464,187.32,0.013423445418074324
2005-06-10,555.0,560.25,550.5,551.7999877929688,307.29779052734375,103170,HEROMOTOCO,Consumer Cyclical,Auto Manufacturers,N/A,EQUITY,0.0207,3.4,1.464,187.32,0.017711171662125342
2005-06-13,553.25,556.9000244140625,542.6500244140625,545.5999755859375,303.844970703125,167275,HEROMOTOCO,Consumer Cyclical,Auto Manufacturers,N/A,EQUITY,0.0207,3.4,1.464,187.32,0.026260019089443015
2005-06-14,547.0,548.0,536.0,540.3499755859375,300.9212951660156,128244,HEROMOTOCO,Consumer Cyclical,Auto Manufacturers,N/A,EQUITY,0.0207,3.4,1.464,187.32,0.022388059701492536
2005-06-15,541.0,550.0,536.1500244140625,549.4000244140625,305.9612731933594,74875,HEROMOTOCO,Consumer Cyclical,Auto Manufacturers,N/A,EQUITY,0.0207,3.4,1.464,187.32,0.025832276331748002
2005-06-16,550.0,553.5,544.0999755859375,550.7999877929688,306.7408447265625,177967,HEROMOTOCO,Consumer Cyclical,Auto Manufacturers,N/A,EQUITY,0.0207,3.4,1.464,187.32,0.017276281631771216
2005-06-17,550.0,554.75,543.75,551.0499877929688,306.88006591796875,174601,HEROMOTOCO,Consumer Cyclical,Auto Manufacturers,N/A,EQUITY,0.0207,3.4,1.464,187.32,0.020229885057471263
2005-06-20,552.0,552.0,542.0,548.1500244140625,305.2650451660156,120744,HEROMOTOCO,Consumer Cyclical,Auto Manufacturers,N/A,EQUITY,0.0207,3.4,1.464,187.32,0.01845018450184502
2005-06-21,557.0,557.0,544.0,550.1500244140625,306.3789367675781,311936,HEROMOTOCO,Consumer Cyclical,Auto Manufacturers,N/A,EQUITY,0.0207,3.4,1.464,187.32,0.02389705882352941
2005-06-22,551.2000122070312,561.5,548.2000122070312,554.9000244140625,309.024169921875,374997,HEROMOTOCO,Consumer Cyclical,Auto Manufacturers,N/A,EQUITY,0.0207,3.4,1.464,187.32,0.02426119572566869
2005-06-23,555.0,584.0,555.0,580.7999877929688,323.4479064941406,1259346,HEROMOTOCO,Consumer Cyclical,Auto Manufacturers,N/A,EQUITY,0.0207,3.4,1.464,187.32,0.05225225225225225
2005-06-24,577.7999877929688,608.0,562.25,601.9500122070312,335.22637939453125,1594253,HEROMOTOCO,Consumer Cyclical,Auto Manufacturers,N/A,EQUITY,0.0207,3.4,1.464,187.32,0.08136949755446865
2005-06-27,601.0,601.0,581.0999755859375,584.8499755859375,325.703369140625,437543,HEROMOTOCO,Consumer Cyclical,Auto Manufacturers,N/A,EQUITY,0.0207,3.4,1.464,187.32,0.03424544011380626
2005-06-28,584.0,592.7999877929688,574.5,576.7000122070312,321.16461181640625,235287,HEROMOTOCO,Consumer Cyclical,Auto Manufacturers,N/A,EQUITY,0.0207,3.4,1.464,187.32,0.03185376465268712
2005-06-29,577.3499755859375,587.0,572.0,576.8499755859375,321.248046875,440910,HEROMOTOCO,Consumer Cyclical,Auto Manufacturers,N/A,EQUITY,0.0207,3.4,1.464,187.32,0.026223776223776224
2005-06-30,578.0,600.0,566.25,582.5,324.3946838378906,1020269,HEROMOTOCO,Consumer Cyclical,Auto Manufacturers,N/A,EQUITY,0.0207,3.4,1.464,187.32,0.059602649006622516
2005-07-01,590.0,595.0,579.0,583.2999877929688,324.8402099609375,181414,HEROMOTOCO,Consumer Cyclical,Auto Manufacturers,N/A,EQUITY,0.0207,3.4,1.464,187.32,0.027633851468048358
2005-07-04,588.0,590.9000244140625,581.1500244140625,583.75,325.0906982421875,94115,HEROMOTOCO,Consumer Cyclical,Auto Manufacturers,N/A,EQUITY,0.0207,3.4,1.464,187.32,0.016777079222925817
2005-07-05,581.1500244140625,586.0,571.0,578.8499755859375,322.3619689941406,144055,HEROMOTOCO,Consumer Cyclical,Auto Manufacturers,N/A,EQUITY,0.0207,3.4,1.464,187.32,0.02626970227670753
2005-07-06,580.0,584.0,569.0,576.75,321.19256591796875,280814,HEROMOTOCO,Consumer Cyclical,Auto Manufacturers,N/A,EQUITY,0.0207,3.4,1.464,187.32,0.026362038664323375
2005-07-07,576.75,591.7999877929688,570.0,581.25,323.6985168457031,210003,HEROMOTOCO,Consumer Cyclical,Auto Manufacturers,N/A,EQUITY,0.0207,3.4,1.464,187.32,0.03824559261924342
2005-07-08,586.7999877929688,589.3499755859375,581.0,586.5999755859375,326.6780090332031,226330,HEROMOTOCO,Consumer Cyclical,Auto Manufacturers,N/A,EQUITY,0.0207,3.4,1.464,187.32,0.014371730784746127
2005-07-11,589.0,607.0,585.0,592.7999877929688,330.1307373046875,478646,HEROMOTOCO,Consumer Cyclical,Auto Manufacturers,N/A,EQUITY,0.0207,3.4,1.464,187.32,0.037606837606837605
2005-07-12,592.7999877929688,610.0,590.25,607.9000244140625,338.5398864746094,225623,HEROMOTOCO,Consumer Cyclical,Auto Manufacturers,N/A,EQUITY,0.0207,3.4,1.464,187.32,0.033460398136382886
2005-07-13,613.0,640.0,607.1500244140625,632.2000122070312,352.07269287109375,471391,HEROMOTOCO,Consumer Cyclical,Auto Manufacturers,N/A,EQUITY,0.0207,3.4,1.464,187.32,0.05410520343409319
2005-07-14,630.0,635.0,618.0,620.5499877929688,345.58477783203125,355111,HEROMOTOCO,Consumer Cyclical,Auto Manufacturers,N/A,EQUITY,0.0207,3.4,1.464,187.32,0.02750809061488673
2005-07-15,624.0,635.0,612.1500244140625,628.4000244140625,349.95635986328125,171979,HEROMOTOCO,Consumer Cyclical,Auto Manufacturers,N/A,EQUITY,0.0207,3.4,1.464,187.32,0.03732741105059831
2005-07-18,635.0,657.5,630.0499877929688,654.2999877929688,364.38018798828125,547580,HEROMOTOCO,Consumer Cyclical,Auto Manufacturers,N/A,EQUITY,0.0207,3.4,1.464,187.32,0.04356799101478784
2005-07-19,655.0999755859375,655.0999755859375,629.0,638.3499755859375,355.49755859375,815909,HEROMOTOCO,Consumer Cyclical,Auto Manufacturers,N/A,EQUITY,0.0207,3.4,1.464,187.32,0.04149439679799285
2005-07-20,629.0,629.0,609.0,615.0,353.5715637207031,605062,HEROMOTOCO,Consumer Cyclical,Auto Manufacturers,N/A,EQUITY,0.0207,3.4,1.464,187.32,0.03284072249589491
2005-07-21,615.5,620.0,600.0,607.2999877929688,349.1447448730469,287294,HEROMOTOCO,Consumer Cyclical,Auto Manufacturers,N/A,EQUITY,0.0207,3.4,1.464,187.32,0.03333333333333333
2005-07-22,600.0,619.9500122070312,595.0,616.5999755859375,354.4914855957031,134727,HEROMOTOCO,Consumer Cyclical,Auto Manufacturers,N/A,EQUITY,0.0207,3.4,1.464,187.32,0.04193279362526261
2005-07-25,618.0,618.0,605.0,605.5999755859375,348.16741943359375,191321,HEROMOTOCO,Consumer Cyclical,Auto Manufacturers,N/A,EQUITY,0.0207,3.4,1.464,187.32,0.021487603305785124
2005-07-26,553.0,611.8499755859375,553.0,609.9500122070312,350.6682434082031,395065,HEROMOTOCO,Consumer Cyclical,Auto Manufacturers,N/A,EQUITY,0.0207,3.4,1.464,187.32,0.10641948568885624
2005-07-27,595.0,611.25,595.0,609.9000244140625,350.6395263671875,130700,HEROMOTOCO,Consumer Cyclical,Auto Manufacturers,N/A,EQUITY,0.0207,3.4,1.464,187.32,0.0273109243697479
2005-07-28,609.9000244140625,609.9000244140625,609.9000244140625,609.9000244140625,350.6395263671875,0,HEROMOTOCO,Consumer Cyclical,Auto Manufacturers,N/A,EQUITY,0.0207,3.4,1.464,187.32,0.0
2005-07-29,600.2000122070312,634.0,600.2000122070312,622.7000122070312,357.9984436035156,734951,HEROMOTOCO,Consumer Cyclical,Auto Manufacturers,N/A,EQUITY,0.0207,3.4,1.464,187.32,0.05631454032911595
2005-08-01,624.0,636.0,616.0,632.6500244140625,363.7188720703125,147444,HEROMOTOCO,Consumer Cyclical,Auto Manufacturers,N/A,EQUITY,0.0207,3.4,1.464,187.32,0.032467532467532464
2005-08-02,645.0,645.0,628.0999755859375,631.4500122070312,363.0289001464844,88866,HEROMOTOCO,Consumer Cyclical,Auto Manufacturers,N/A,EQUITY,0.0207,3.4,1.464,187.32,0.026906583459578904
2005-08-03,632.0,638.0,622.5,626.9500122070312,360.4417724609375,142253,HEROMOTOCO,Consumer Cyclical,Auto Manufacturers,N/A,EQUITY,0.0207,3.4,1.464,187.32,0.024899598393574297
2005-08-04,629.9000244140625,632.7000122070312,620.0,630.6500244140625,362.5689697265625,125450,HEROMOTOCO,Consumer Cyclical,Auto Manufacturers,N/A,EQUITY,0.0207,3.4,1.464,187.32,0.020483890656502017
2005-08-05,632.6500244140625,632.6500244140625,613.5999755859375,615.0,353.5715637207031,185917,HEROMOTOCO,Consumer Cyclical,Auto Manufacturers,N/A,EQUITY,0.0207,3.4,1.464,187.32,0.03104636503600537
2005-08-08,615.0,620.0,602.1500244140625,606.5499877929688,348.7135925292969,127664,HEROMOTOCO,Consumer Cyclical,Auto Manufacturers,N/A,EQUITY,0.0207,3.4,1.464,187.32,0.029643734720939147
2005-08-09,608.0,620.0,600.0,608.6500244140625,349.9209289550781,91948,HEROMOTOCO,Consumer Cyclical,Auto Manufacturers,N/A,EQUITY,0.0207,3.4,1.464,187.32,0.03333333333333333
2005-08-10,615.0,630.0,611.0,626.2000122070312,360.01068115234375,303663,HEROMOTOCO,Consumer Cyclical,Auto Manufacturers,N/A,EQUITY,0.0207,3.4,1.464,187.32,0.031096563011456628
2005-08-11,627.0,670.0,620.25,654.0,375.9932556152344,251341,HEROMOTOCO,Consumer Cyclical,Auto Manufacturers,N/A,EQUITY,0.0207,3.4,1.464,187.32,0.08020959290608626
2005-08-12,654.0,702.0,640.1500244140625,693.0999755859375,398.4722900390625,480634,HEROMOTOCO,Consumer Cyclical,Auto Manufacturers,N/A,EQUITY,0.0207,3.4,1.464,187.32,0.09661793833804751
2005-08-16,691.0,695.0,672.0,679.75,390.7971496582031,198723,HEROMOTOCO,Consumer Cyclical,Auto Manufacturers,N/A,EQUITY,0.0207,3.4,1.464,187.32,0.03422619047619048
2005-08-17,678.0,680.0,665.1500244140625,678.4000244140625,390.0210266113281,158128,HEROMOTOCO,Consumer Cyclical,Auto Manufacturers,N/A,EQUITY,0.0207,3.4,1.464,187.32,0.022325753650868457
2005-08-18,679.0,685.9000244140625,669.0999755859375,681.2000122070312,391.6308288574219,164828,HEROMOTOCO,Consumer Cyclical,Auto Manufacturers,N/A,EQUITY,0.0207,3.4,1.464,187.32,0.02510842839803279
2005-08-19,685.9000244140625,688.7000122070312,675.0,679.0499877929688,390.39483642578125,110392,HEROMOTOCO,Consumer Cyclical,Auto Manufacturers,N/A,EQUITY,0.0207,3.4,1.464,187.32,0.020296314380787037
2005-08-22,685.0,699.9500122070312,671.1500244140625,683.7000122070312,393.06817626953125,84327,HEROMOTOCO,Consumer Cyclical,Auto Manufacturers,N/A,EQUITY,0.0207,3.4,1.464,187.32,0.042911400946624635
2005-08-23,685.0,697.0,675.0,681.4500122070312,391.7745666503906,194151,HEROMOTOCO,Consumer Cyclical,Auto Manufacturers,N/A,EQUITY,0.0207,3.4,1.464,187.32,0.03259259259259259
2005-08-24,675.0,680.0,648.0999755859375,649.9000244140625,373.6360778808594,171538,HEROMOTOCO,Consumer Cyclical,Auto Manufacturers,N/A,EQUITY,0.0207,3.4,1.464,187.32,0.049220838783741915
2005-08-25,653.0,659.9500122070312,645.0499877929688,650.2000122070312,373.8086242675781,275598,HEROMOTOCO,Consumer Cyclical,Auto Manufacturers,N/A,EQUITY,0.0207,3.4,1.464,187.32,0.02309902286029454
2005-08-26,651.0,671.6500244140625,649.0499877929688,652.0499877929688,374.8720703125,362682,HEROMOTOCO,Consumer Cyclical,Auto Manufacturers,N/A,EQUITY,0.0207,3.4,1.464,187.32,0.03482017879384448
2005-08-29,668.7000122070312,668.7000122070312,635.0,643.5499877929688,369.98529052734375,225667,HEROMOTOCO,Consumer Cyclical,Auto Manufacturers,N/A,EQUITY,0.0207,3.4,1.464,187.32,0.053070885365403546
2005-08-30,640.0,645.9000244140625,630.25,641.2000122070312,368.6343078613281,164846,HEROMOTOCO,Consumer Cyclical,Auto Manufacturers,N/A,EQUITY,0.0207,3.4,1.464,187.32,0.02483145484182864
2005-08-31,642.0,653.9000244140625,641.0,646.4000244140625,371.6239013671875,185066,HEROMOTOCO,Consumer Cyclical,Auto Manufacturers,N/A,EQUITY,0.0207,3.4,1.464,187.32,0.020124843079660688
2005-09-01,657.7999877929688,668.0,652.9000244140625,666.0499877929688,382.9208679199219,239488,HEROMOTOCO,Consumer Cyclical,Auto Manufacturers,N/A,EQUITY,0.0207,3.4,1.464,187.32,0.02312754636437454
2005-09-02,670.0,702.5,655.1500244140625,684.5,393.5279541015625,914800,HEROMOTOCO,Consumer Cyclical,Auto Manufacturers,N/A,EQUITY,0.0207,3.4,1.464,187.32,0.07227348518880884
2005-09-05,684.5,699.0,626.6500244140625,695.0,399.5645446777344,377853,HEROMOTOCO,Consumer Cyclical,Auto Manufacturers,N/A,EQUITY,0.0207,3.4,1.464,187.32,0.11545515481881136
2005-09-06,694.0,709.9500122070312,681.0,703.4500122070312,404.422607421875,190770,HEROMOTOCO,Consumer Cyclical,Auto Manufacturers,N/A,EQUITY,0.0207,3.4,1.464,187.32,0.04251103114101505
2005-09-08,704.0,710.6500244140625,698.0,701.25,403.1578063964844,342479,HEROMOTOCO,Consumer Cyclical,Auto Manufacturers,N/A,EQUITY,0.0207,3.4,1.464,187.32,0.018123244146221348
2005-09-09,702.0,706.0,687.2999877929688,693.5999755859375,398.7596740722656,343205,HEROMOTOCO,Consumer Cyclical,Auto Manufacturers,N/A,EQUITY,0.0207,3.4,1.464,187.32,0.027207933273911453
2005-09-12,698.7999877929688,706.9000244140625,687.2000122070312,698.25,401.4331359863281,172383,HEROMOTOCO,Consumer Cyclical,Auto Manufacturers,N/A,EQUITY,0.0207,3.4,1.464,187.32,0.028667071968992153
2005-09-13,699.4000244140625,699.4000244140625,688.5,691.5999755859375,397.6098937988281,193990,HEROMOTOCO,Consumer Cyclical,Auto Manufacturers,N/A,EQUITY,0.0207,3.4,1.464,187.32,0.015831553252087873
2005-09-14,693.0,697.0,683.5,686.5999755859375,394.7355041503906,306418,HEROMOTOCO,Consumer Cyclical,Auto Manufacturers,N/A,EQUITY,0.0207,3.4,1.464,187.32,0.019751280175566936
2005-09-15,687.0,692.0,681.4000244140625,685.2000122070312,393.9304504394531,294806,HEROMOTOCO,Consumer Cyclical,Auto Manufacturers,N/A,EQUITY,0.0207,3.4,1.464,187.32,0.01555617142082207
2005-09-16,689.9000244140625,689.9000244140625,680.1500244140625,684.9000244140625,393.7580871582031,170225,HEROMOTOCO,Consumer Cyclical,Auto Manufacturers,N/A,EQUITY,0.0207,3.4,1.464,187.32,0.01433507263107056
2005-09-19,684.9000244140625,699.7000122070312,678.0499877929688,697.2000122070312,400.8294982910156,436826,HEROMOTOCO,Consumer Cyclical,Auto Manufacturers,N/A,EQUITY,0.0207,3.4,1.464,187.32,0.03192983526853624
2005-09-20,699.7000122070312,712.9000244140625,699.0,704.2000122070312,404.8538513183594,221721,HEROMOTOCO,Consumer Cyclical,Auto Manufacturers,N/A,EQUITY,0.0207,3.4,1.464,187.32,0.01988558571396638
2005-09-21,705.0,723.8499755859375,687.0999755859375,708.4000244140625,407.2686767578125,444540,HEROMOTOCO,Consumer Cyclical,Auto Manufacturers,N/A,EQUITY,0.0207,3.4,1.464,187.32,0.05348566628700684
2005-09-22,705.0,712.0,690.0,691.9500122070312,397.81121826171875,240393,HEROMOTOCO,Consumer Cyclical,Auto Manufacturers,N/A,EQUITY,0.0207,3.4,1.464,187.32,0.03188405797101449
2005-09-23,692.0,704.9000244140625,687.0,699.5999755859375,402.2093200683594,220357,HEROMOTOCO,Consumer Cyclical,Auto Manufacturers,N/A,EQUITY,0.0207,3.4,1.464,187.32,0.026055348492085153
2005-09-26,704.0,716.5,700.0,713.4000244140625,410.14306640625,235808,HEROMOTOCO,Consumer Cyclical,Auto Manufacturers,N/A,EQUITY,0.0207,3.4,1.464,187.32,0.023571428571428573
2005-09-27,716.0,720.5999755859375,708.0,715.2999877929688,411.23553466796875,206123,HEROMOTOCO,Consumer Cyclical,Auto Manufacturers,N/A,EQUITY,0.0207,3.4,1.464,187.32,0.0177965756863524
2005-09-28,715.0,729.9500122070312,710.0,726.9500122070312,417.93316650390625,298994,HEROMOTOCO,Consumer Cyclical,Auto Manufacturers,N/A,EQUITY,0.0207,3.4,1.464,187.32,0.028098608742297537
2005-09-29,730.0499877929688,754.8499755859375,730.0,744.0499877929688,427.7641296386719,953631,HEROMOTOCO,Consumer Cyclical,Auto Manufacturers,N/A,EQUITY,0.0207,3.4,1.464,187.32,0.034041062446489724
2005-09-30,745.0,748.0,731.7000122070312,741.2999877929688,426.1831970214844,343741,HEROMOTOCO,Consumer Cyclical,Auto Manufacturers,N/A,EQUITY,0.0207,3.4,1.464,187.32,0.022276872380803982
2005-10-03,750.0,758.8499755859375,745.0,748.5499877929688,430.3512878417969,202051,HEROMOTOCO,Consumer Cyclical,Auto Manufacturers,N/A,EQUITY,0.0207,3.4,1.464,187.32,0.018590571256291946
2005-10-04,750.0,770.0,745.1500244140625,763.4000244140625,438.888671875,549426,HEROMOTOCO,Consumer Cyclical,Auto Manufacturers,N/A,EQUITY,0.0207,3.4,1.464,187.32,0.0333489562796135
2005-10-05,760.0,769.0,751.5,756.8499755859375,435.1228942871094,365608,HEROMOTOCO,Consumer Cyclical,Auto Manufacturers,N/A,EQUITY,0.0207,3.4,1.464,187.32,0.023286759813705923
2005-10-06,758.5999755859375,758.5999755859375,737.0999755859375,743.75,427.5917663574219,217423,HEROMOTOCO,Consumer Cyclical,Auto Manufacturers,N/A,EQUITY,0.0207,3.4,1.464,187.32,0.029168363467803892
2005-10-07,744.5,745.0,727.0999755859375,731.0499877929688,420.2902526855469,236290,HEROMOTOCO,Consumer Cyclical,Auto Manufacturers,N/A,EQUITY,0.0207,3.4,1.464,187.32,0.02461838126130821
2005-10-10,733.0,749.4000244140625,731.2000122070312,743.4000244140625,427.39044189453125,131781,HEROMOTOCO,Consumer Cyclical,Auto Manufacturers,N/A,EQUITY,0.0207,3.4,1.464,187.32,0.024890607088608904
2005-10-11,745.75,745.75,722.0999755859375,729.4000244140625,419.3417053222656,645173,HEROMOTOCO,Consumer Cyclical,Auto Manufacturers,N/A,EQUITY,0.0207,3.4,1.464,187.32,0.03275173135807411
2005-10-13,729.9000244140625,738.0,682.2000122070312,703.25,404.30780029296875,416711,HEROMOTOCO,Consumer Cyclical,Auto Manufacturers,N/A,EQUITY,0.0207,3.4,1.464,187.32,0.08179417589343989
2005-10-14,705.0,710.3499755859375,670.0,689.9500122070312,396.6612854003906,470910,HEROMOTOCO,Consumer Cyclical,Auto Manufacturers,N/A,EQUITY,0.0207,3.4,1.464,187.32,0.06022384415811567
2005-10-17,683.0,714.9000244140625,683.0,696.0,400.1395568847656,358275,HEROMOTOCO,Consumer Cyclical,Auto Manufacturers,N/A,EQUITY,0.0207,3.4,1.464,187.32,0.04670574584782211
2005-10-18,700.0,722.1500244140625,698.0499877929688,716.4500122070312,411.8966369628906,1152176,HEROMOTOCO,Consumer Cyclical,Auto Manufacturers,N/A,EQUITY,0.0207,3.4,1.464,187.32,0.03452480057666223
2005-10-19,701.0,706.7000122070312,681.0,688.5999755859375,395.8851013183594,511099,HEROMOTOCO,Consumer Cyclical,Auto Manufacturers,N/A,EQUITY,0.0207,3.4,1.464,187.32,0.037738637602101686
2005-10-20,694.0,705.0,691.25,698.4000244140625,401.5194091796875,346662,HEROMOTOCO,Consumer Cyclical,Auto Manufacturers,N/A,EQUITY,0.0207,3.4,1.464,187.32,0.019891500904159132
2005-10-21,691.25,753.5,656.5499877929688,743.0999755859375,427.2178039550781,425142,HEROMOTOCO,Consumer Cyclical,Auto Manufacturers,N/A,EQUITY,0.0207,3.4,1.464,187.32,0.14766585029257923
2005-10-24,753.5,772.7999877929688,721.3499755859375,726.8499755859375,417.87548828125,285305,HEROMOTOCO,Consumer Cyclical,Auto Manufacturers,N/A,EQUITY,0.0207,3.4,1.464,187.32,0.07132461904533854
2005-10-25,725.0,732.0,710.0,715.5999755859375,411.4078369140625,220515,HEROMOTOCO,Consumer Cyclical,Auto Manufacturers,N/A,EQUITY,0.0207,3.4,1.464,187.32,0.030985915492957747
2005-10-26,719.0,722.5999755859375,696.25,705.3499755859375,405.51507568359375,257096,HEROMOTOCO,Consumer Cyclical,Auto Manufacturers,N/A,EQUITY,0.0207,3.4,1.464,187.32,0.03784556637118492
2005-10-27,711.0,840.0,696.1500244140625,721.0499877929688,414.5410461425781,662914,HEROMOTOCO,Consumer Cyclical,Auto Manufacturers,N/A,EQUITY,0.0207,3.4,1.464,187.32,0.20663645843726508
2005-10-28,717.0,719.7999877929688,693.2000122070312,696.2999877929688,400.31201171875,227742,HEROMOTOCO,Consumer Cyclical,Auto Manufacturers,N/A,EQUITY,0.0207,3.4,1.464,187.32,0.03837272809798097
2005-10-31,695.9000244140625,712.4000244140625,690.0,707.9000244140625,406.9811706542969,330881,HEROMOTOCO,Consumer Cyclical,Auto Manufacturers,N/A,EQUITY,0.0207,3.4,1.464,187.32,0.0324638034986413
2005-11-02,709.0,727.9000244140625,703.0499877929688,715.7000122070312,411.4653625488281,446288,HEROMOTOCO,Consumer Cyclical,Auto Manufacturers,N/A,EQUITY,0.0207,3.4,1.464,187.32,0.035346045164019665
2005-11-04,715.7000122070312,715.7000122070312,715.7000122070312,715.7000122070312,411.4653625488281,0,HEROMOTOCO,Consumer Cyclical,Auto Manufacturers,N/A,EQUITY,0.0207,3.4,1.464,187.32,0.0
2005-11-07,712.4000244140625,754.9000244140625,711.1500244140625,749.0499877929688,430.6385803222656,305157,HEROMOTOCO,Consumer Cyclical,Auto Manufacturers,N/A,EQUITY,0.0207,3.4,1.464,187.32,0.06152007100899268
2005-11-08,750.0,794.7999877929688,732.0,788.7000122070312,453.43402099609375,546699,HEROMOTOCO,Consumer Cyclical,Auto Manufacturers,N/A,EQUITY,0.0207,3.4,1.464,187.32,0.08579233305050375
2005-11-09,787.0,799.3499755859375,775.0,778.5,447.5698547363281,398816,HEROMOTOCO,Consumer Cyclical,Auto Manufacturers,N/A,EQUITY,0.0207,3.4,1.464,187.32,0.03141932333669355
2005-11-10,775.0,789.9000244140625,758.0,777.25,446.8512878417969,165970,HEROMOTOCO,Consumer Cyclical,Auto Manufacturers,N/A,EQUITY,0.0207,3.4,1.464,187.32,0.042084464926203824
2005-11-11,781.0,811.0,781.0,806.2000122070312,463.49505615234375,393150,HEROMOTOCO,Consumer Cyclical,Auto Manufacturers,N/A,EQUITY,0.0207,3.4,1.464,187.32,0.03841229193341869
2005-11-14,809.0,817.0,780.0499877929688,786.4000244140625,452.11175537109375,357471,HEROMOTOCO,Consumer Cyclical,Auto Manufacturers,N/A,EQUITY,0.0207,3.4,1.464,187.32,0.04736877480323488
2005-11-16,799.0,799.0,786.0,792.0999755859375,455.3886413574219,211090,HEROMOTOCO,Consumer Cyclical,Auto Manufacturers,N/A,EQUITY,0.0207,3.4,1.464,187.32,0.01653944020356234
2005-11-17,794.9000244140625,817.7999877929688,788.1500244140625,806.6500244140625,463.753662109375,440971,HEROMOTOCO,Consumer Cyclical,Auto Manufacturers,N/A,EQUITY,0.0207,3.4,1.464,187.32,0.037619694804867945
2005-11-18,806.0,825.8499755859375,806.0,816.9000244140625,469.6465759277344,336076,HEROMOTOCO,Consumer Cyclical,Auto Manufacturers,N/A,EQUITY,0.0207,3.4,1.464,187.32,0.02462776127287531
2005-11-21,819.8499755859375,844.7000122070312,814.0499877929688,838.6500244140625,482.1510314941406,680614,HEROMOTOCO,Consumer Cyclical,Auto Manufacturers,N/A,EQUITY,0.0207,3.4,1.464,187.32,0.03765128047868418
2005-11-22,837.0,843.0,818.3499755859375,835.6500244140625,480.4261474609375,402163,HEROMOTOCO,Consumer Cyclical,Auto Manufacturers,N/A,EQUITY,0.0207,3.4,1.464,187.32,0.03012161685031287
2005-11-23,836.0,853.5,830.0,843.4000244140625,484.88177490234375,535528,HEROMOTOCO,Consumer Cyclical,Auto Manufacturers,N/A,EQUITY,0.0207,3.4,1.464,187.32,0.028313253012048192
2005-11-24,844.9000244140625,854.75,833.5,840.8499755859375,483.41583251953125,381692,HEROMOTOCO,Consumer Cyclical,Auto Manufacturers,N/A,EQUITY,0.0207,3.4,1.464,187.32,0.02549490101979604
2005-11-25,842.0,851.0,840.25,849.2999877929688,488.27374267578125,190433,HEROMOTOCO,Consumer Cyclical,Auto Manufacturers,N/A,EQUITY,0.0207,3.4,1.464,187.32,0.012793811365664981
2005-11-28,861.2999877929688,871.0,855.1500244140625,859.9500122070312,494.39666748046875,369971,HEROMOTOCO,Consumer Cyclical,Auto Manufacturers,N/A,EQUITY,0.0207,3.4,1.464,187.32,0.018534730905021835
2005-11-29,864.2999877929688,866.9000244140625,842.1500244140625,851.6500244140625,489.62481689453125,248124,HEROMOTOCO,Consumer Cyclical,Auto Manufacturers,N/A,EQUITY,0.0207,3.4,1.464,187.32,0.029389062853997013
2005-11-30,854.0,855.0,830.1500244140625,833.75,479.33380126953125,450024,HEROMOTOCO,Consumer Cyclical,Auto Manufacturers,N/A,EQUITY,0.0207,3.4,1.464,187.32,0.02993431892443434
2005-12-01,835.0,835.0,816.0,822.5999755859375,472.92364501953125,392338,HEROMOTOCO,Consumer Cyclical,Auto Manufacturers,N/A,EQUITY,0.0207,3.4,1.464,187.32,0.023284313725490197
2005-12-02,825.0,837.0,821.0,823.5999755859375,473.4984130859375,431820,HEROMOTOCO,Consumer Cyclical,Auto Manufacturers,N/A,EQUITY,0.0207,3.4,1.464,187.32,0.0194884287454324
2005-12-05,823.0,828.4000244140625,793.1500244140625,797.8499755859375,458.6943054199219,312804,HEROMOTOCO,Consumer Cyclical,Auto Manufacturers,N/A,EQUITY,0.0207,3.4,1.464,187.32,0.04444304219247909
2005-12-06,798.0,819.0,794.5,806.4000244140625,463.61004638671875,422656,HEROMOTOCO,Consumer Cyclical,Auto Manufacturers,N/A,EQUITY,0.0207,3.4,1.464,187.32,0.030837004405286344
2005-12-07,813.7000122070312,828.5,809.0,824.4500122070312,473.98724365234375,497978,HEROMOTOCO,Consumer Cyclical,Auto Manufacturers,N/A,EQUITY,0.0207,3.4,1.464,187.32,0.024103831891223733
2005-12-08,825.5,833.0,815.2000122070312,825.0499877929688,474.3321838378906,337454,HEROMOTOCO,Consumer Cyclical,Auto Manufacturers,N/A,EQUITY,0.0207,3.4,1.464,187.32,0.021835117181583406
2005-12-09,828.0,858.9000244140625,823.0499877929688,856.0,492.1257019042969,497427,HEROMOTOCO,Consumer Cyclical,Auto Manufacturers,N/A,EQUITY,0.0207,3.4,1.464,187.32,0.04355754468477256
2005-12-12,858.9000244140625,868.7999877929688,842.0,852.2000122070312,489.94085693359375,273110,HEROMOTOCO,Consumer Cyclical,Auto Manufacturers,N/A,EQUITY,0.0207,3.4,1.464,187.32,0.03182896412466597
2005-12-13,859.0,859.0,848.0499877929688,852.7000122070312,490.2286071777344,255413,HEROMOTOCO,Consumer Cyclical,Auto Manufacturers,N/A,EQUITY,0.0207,3.4,1.464,187.32,0.012911989109897182
2005-12-14,856.0,882.0,851.1500244140625,858.0499877929688,493.3041687011719,450851,HEROMOTOCO,Consumer Cyclical,Auto Manufacturers,N/A,EQUITY,0.0207,3.4,1.464,187.32,0.03624505046237276
2005-12-15,864.0,864.9000244140625,825.25,835.8499755859375,480.5412902832031,207409,HEROMOTOCO,Consumer Cyclical,Auto Manufacturers,N/A,EQUITY,0.0207,3.4,1.464,187.32,0.048046076236367766
2005-12-16,864.7999877929688,864.7999877929688,841.3499755859375,846.9500122070312,486.92266845703125,250158,HEROMOTOCO,Consumer Cyclical,Auto Manufacturers,N/A,EQUITY,0.0207,3.4,1.464,187.32,0.02787188790336633
2005-12-19,847.0,858.9000244140625,847.0,855.25,491.6944274902344,241103,HEROMOTOCO,Consumer Cyclical,Auto Manufacturers,N/A,EQUITY,0.0207,3.4,1.464,187.32,0.014049615601018299
2005-12-20,858.9000244140625,859.7999877929688,840.0,840.1500244140625,483.01336669921875,139102,HEROMOTOCO,Consumer Cyclical,Auto Manufacturers,N/A,EQUITY,0.0207,3.4,1.464,187.32,0.023571414039248513
2005-12-21,841.0,879.0,841.0,874.6500244140625,502.8479309082031,360998,HEROMOTOCO,Consumer Cyclical,Auto Manufacturers,N/A,EQUITY,0.0207,3.4,1.464,187.32,0.04518430439952437
2005-12-22,879.7999877929688,879.7999877929688,866.2999877929688,870.1500244140625,500.26080322265625,379762,HEROMOTOCO,Consumer Cyclical,Auto Manufacturers,N/A,EQUITY,0.0207,3.4,1.464,187.32,0.015583516322553932
2005-12-23,874.0,875.0,849.0,853.2999877929688,490.5734558105469,163163,HEROMOTOCO,Consumer Cyclical,Auto Manufacturers,N/A,EQUITY,0.0207,3.4,1.464,187.32,0.030624263839811542
2005-12-26,851.0,856.0,841.25,849.7999877929688,488.5612487792969,58070,HEROMOTOCO,Consumer Cyclical,Auto Manufacturers,N/A,EQUITY,0.0207,3.4,1.464,187.32,0.017533432392273403
2005-12-27,854.0,892.2999877929688,845.0,862.5,495.86273193359375,127146,HEROMOTOCO,Consumer Cyclical,Auto Manufacturers,N/A,EQUITY,0.0207,3.4,1.464,187.32,0.055976316914755915
2005-12-28,845.0,868.0,845.0,851.5499877929688,489.5673828125,100258,HEROMOTOCO,Consumer Cyclical,Auto Manufacturers,N/A,EQUITY,0.0207,3.4,1.464,187.32,0.027218934911242602
2005-12-29,862.5,862.5,832.25,845.4500122070312,486.0604248046875,231067,HEROMOTOCO,Consumer Cyclical,Auto Manufacturers,N/A,EQUITY,0.0207,3.4,1.464,187.32,0.03634725142685491
2005-12-30,845.0,877.75,838.0,859.2000122070312,493.9652404785156,162914,HEROMOTOCO,Consumer Cyclical,Auto Manufacturers,N/A,EQUITY,0.0207,3.4,1.464,187.32,0.04743436754176611
2006-01-02,865.0,865.0,841.0,846.0999755859375,486.4339599609375,139006,HEROMOTOCO,Consumer Cyclical,Auto Manufacturers,N/A,EQUITY,0.0207,3.4,1.464,187.32,0.028537455410225922
2006-01-03,849.0,866.9000244140625,847.0,861.25,495.1440124511719,351510,HEROMOTOCO,Consumer Cyclical,Auto Manufacturers,N/A,EQUITY,0.0207,3.4,1.464,187.32,0.023494715955209564
2006-01-04,864.9500122070312,864.9500122070312,851.0,856.6500244140625,492.4993591308594,275706,HEROMOTOCO,Consumer Cyclical,Auto Manufacturers,N/A,EQUITY,0.0207,3.4,1.464,187.32,0.01639249378029524
2006-01-05,857.8499755859375,872.8499755859375,855.0499877929688,867.9500122070312,498.9960021972656,286159,HEROMOTOCO,Consumer Cyclical,Auto Manufacturers,N/A,EQUITY,0.0207,3.4,1.464,187.32,0.02081748207366634
2006-01-06,867.7999877929688,882.0,866.0,877.25,504.3425598144531,600970,HEROMOTOCO,Consumer Cyclical,Auto Manufacturers,N/A,EQUITY,0.0207,3.4,1.464,187.32,0.018475750577367205
2006-01-09,878.0,888.2000122070312,865.2999877929688,873.2000122070312,502.0141906738281,283808,HEROMOTOCO,Consumer Cyclical,Auto Manufacturers,N/A,EQUITY,0.0207,3.4,1.464,187.32,0.026464838480434082
2006-01-10,861.0999755859375,875.0,844.0499877929688,846.2999877929688,486.5491027832031,400418,HEROMOTOCO,Consumer Cyclical,Auto Manufacturers,N/A,EQUITY,0.0207,3.4,1.464,187.32,0.0366684588053365
2006-01-12,846.2999877929688,856.7999877929688,839.0499877929688,842.6500244140625,484.4506530761719,509567,HEROMOTOCO,Consumer Cyclical,Auto Manufacturers,N/A,EQUITY,0.0207,3.4,1.464,187.32,0.021154877847849658
2006-01-13,855.5,855.5,832.5,838.75,482.2083435058594,214849,HEROMOTOCO,Consumer Cyclical,Auto Manufacturers,N/A,EQUITY,0.0207,3.4,1.464,187.32,0.02762762762762763
2006-01-16,835.0,846.0,832.5999755859375,841.0,483.50201416015625,146905,HEROMOTOCO,Consumer Cyclical,Auto Manufacturers,N/A,EQUITY,0.0207,3.4,1.464,187.32,0.016094192657923525
2006-01-17,840.1500244140625,847.6500244140625,831.1500244140625,834.2999877929688,479.6500549316406,153243,HEROMOTOCO,Consumer Cyclical,Auto Manufacturers,N/A,EQUITY,0.0207,3.4,1.464,187.32,0.019852011689023338
2006-01-18,831.1500244140625,839.9500122070312,820.1500244140625,832.25,478.47149658203125,239472,HEROMOTOCO,Consumer Cyclical,Auto Manufacturers,N/A,EQUITY,0.0207,3.4,1.464,187.32,0.024141909655022446
2006-01-19,839.9500122070312,854.5,834.0,841.6500244140625,483.8755798339844,344766,HEROMOTOCO,Consumer Cyclical,Auto Manufacturers,N/A,EQUITY,0.0207,3.4,1.464,187.32,0.024580335731414868
2006-01-20,843.0,851.9000244140625,841.0,848.1500244140625,487.6127014160156,169592,HEROMOTOCO,Consumer Cyclical,Auto Manufacturers,N/A,EQUITY,0.0207,3.4,1.464,187.32,0.012960790028611772
2006-01-23,846.0,850.0,828.0,835.75,480.4837341308594,242551,HEROMOTOCO,Consumer Cyclical,Auto Manufacturers,N/A,EQUITY,0.0207,3.4,1.464,187.32,0.026570048309178744
2006-01-24,839.0,845.8499755859375,835.0999755859375,838.1500244140625,481.86358642578125,262796,HEROMOTOCO,Consumer Cyclical,Auto Manufacturers,N/A,EQUITY,0.0207,3.4,1.464,187.32,0.012872710231439531
2006-01-25,842.0,867.3499755859375,838.0499877929688,862.25,495.7189025878906,618781,HEROMOTOCO,Consumer Cyclical,Auto Manufacturers,N/A,EQUITY,0.0207,3.4,1.464,187.32,0.03496210037557688
2006-01-27,864.0,880.0,864.0,876.8499755859375,504.11260986328125,396261,HEROMOTOCO,Consumer Cyclical,Auto Manufacturers,N/A,EQUITY,0.0207,3.4,1.464,187.32,0.018518518518518517
2006-01-30,878.0,887.7999877929688,844.0999755859375,850.8499755859375,489.1648254394531,388398,HEROMOTOCO,Consumer Cyclical,Auto Manufacturers,N/A,EQUITY,0.0207,3.4,1.464,187.32,0.05177113312519243
2006-01-31,857.0,867.7999877929688,854.0999755859375,857.2000122070312,492.8157043457031,210587,HEROMOTOCO,Consumer Cyclical,Auto Manufacturers,N/A,EQUITY,0.0207,3.4,1.464,187.32,0.01604029106502742
2006-02-01,860.0499877929688,878.9000244140625,857.0,864.75,497.1562194824219,529120,HEROMOTOCO,Consumer Cyclical,Auto Manufacturers,N/A,EQUITY,0.0207,3.4,1.464,187.32,0.02555428753099475
2006-02-02,867.7999877929688,873.0,855.5,859.2000122070312,493.9652404785156,203620,HEROMOTOCO,Consumer Cyclical,Auto Manufacturers,N/A,EQUITY,0.0207,3.4,1.464,187.32,0.020455873758036237
2006-02-03,853.0999755859375,857.5,836.5999755859375,849.2999877929688,488.27374267578125,164081,HEROMOTOCO,Consumer Cyclical,Auto Manufacturers,N/A,EQUITY,0.0207,3.4,1.464,187.32,0.02498210019600413
2006-02-06,849.9000244140625,875.0,845.0999755859375,870.5999755859375,500.5193786621094,323594,HEROMOTOCO,Consumer Cyclical,Auto Manufacturers,N/A,EQUITY,0.0207,3.4,1.464,187.32,0.03538045826274195
2006-02-07,878.5,880.5,850.5,874.1500244140625,502.5604553222656,546933,HEROMOTOCO,Consumer Cyclical,Auto Manufacturers,N/A,EQUITY,0.0207,3.4,1.464,187.32,0.03527336860670194
2006-02-08,875.0,895.0,860.0,885.0499877929688,508.8270263671875,453939,HEROMOTOCO,Consumer Cyclical,Auto Manufacturers,N/A,EQUITY,0.0207,3.4,1.464,187.32,0.040697674418604654
2006-02-10,894.9000244140625,927.2999877929688,891.0,922.7000122070312,530.4725341796875,557359,HEROMOTOCO,Consumer Cyclical,Auto Manufacturers,N/A,EQUITY,0.0207,3.4,1.464,187.32,0.04074072704036897
2006-02-13,923.7999877929688,940.0,901.5,906.75,521.3024291992188,202888,HEROMOTOCO,Consumer Cyclical,Auto Manufacturers,N/A,EQUITY,0.0207,3.4,1.464,187.32,0.04270660011092623
2006-02-14,916.7000122070312,928.7999877929688,893.0,903.75,519.5777587890625,648357,HEROMOTOCO,Consumer Cyclical,Auto Manufacturers,N/A,EQUITY,0.0207,3.4,1.464,187.32,0.040089571996605546
2006-02-15,904.9000244140625,914.0,885.7999877929688,893.0,513.3973999023438,205704,HEROMOTOCO,Consumer Cyclical,Auto Manufacturers,N/A,EQUITY,0.0207,3.4,1.464,187.32,0.03183564302963416
2006-02-16,898.0,927.2000122070312,894.5,921.25,529.638916015625,323262,HEROMOTOCO,Consumer Cyclical,Auto Manufacturers,N/A,EQUITY,0.0207,3.4,1.464,187.32,0.03655674925324902
2006-02-17,926.0,937.7999877929688,884.0,889.0999755859375,511.1553649902344,454929,HEROMOTOCO,Consumer Cyclical,Auto Manufacturers,N/A,EQUITY,0.0207,3.4,1.464,187.32,0.06085971469792845
2006-02-20,906.7999877929688,906.7999877929688,868.0,885.4000244140625,509.0283203125,175232,HEROMOTOCO,Consumer Cyclical,Auto Manufacturers,N/A,EQUITY,0.0207,3.4,1.464,187.32,0.04470044676609303
2006-02-21,888.0999755859375,905.2999877929688,888.0999755859375,897.0,515.6970825195312,203143,HEROMOTOCO,Consumer Cyclical,Auto Manufacturers,N/A,EQUITY,0.0207,3.4,1.464,187.32,0.019367202657204534
2006-02-22,904.4000244140625,907.0,891.0,897.2999877929688,515.8695068359375,119137,HEROMOTOCO,Consumer Cyclical,Auto Manufacturers,N/A,EQUITY,0.0207,3.4,1.464,187.32,0.017957351290684626
2006-02-23,898.5,921.7999877929688,890.0499877929688,913.7999877929688,525.35546875,512153,HEROMOTOCO,Consumer Cyclical,Auto Manufacturers,N/A,EQUITY,0.0207,3.4,1.464,187.32,0.03567215373906083
2006-02-24,914.7999877929688,914.7999877929688,885.0999755859375,889.4500122070312,511.3564453125,187208,HEROMOTOCO,Consumer Cyclical,Auto Manufacturers,N/A,EQUITY,0.0207,3.4,1.464,187.32,0.03355554516581
2006-02-27,893.0,903.0,880.25,887.8499755859375,510.4365234375,174037,HEROMOTOCO,Consumer Cyclical,Auto Manufacturers,N/A,EQUITY,0.0207,3.4,1.464,187.32,0.02584493041749503
2006-02-28,894.9000244140625,899.0,866.1500244140625,889.2999877929688,511.2701721191406,277852,HEROMOTOCO,Consumer Cyclical,Auto Manufacturers,N/A,EQUITY,0.0207,3.4,1.464,187.32,0.03792642690065155
2006-03-01,889.5,908.7000122070312,887.0,896.4000244140625,515.3521728515625,617074,HEROMOTOCO,Consumer Cyclical,Auto Manufacturers,N/A,EQUITY,0.0207,3.4,1.464,187.32,0.024464500797104
2006-03-02,900.0,915.0,895.0,900.25,517.5654296875,556409,HEROMOTOCO,Consumer Cyclical,Auto Manufacturers,N/A,EQUITY,0.0207,3.4,1.464,187.32,0.0223463687150838
2006-03-03,907.6500244140625,911.0,872.0,879.6500244140625,505.7225036621094,569740,HEROMOTOCO,Consumer Cyclical,Auto Manufacturers,N/A,EQUITY,0.0207,3.4,1.464,187.32,0.04472477064220184
2006-03-06,888.4500122070312,893.0,881.0,884.2999877929688,508.3956604003906,220916,HEROMOTOCO,Consumer Cyclical,Auto Manufacturers,N/A,EQUITY,0.0207,3.4,1.464,187.32,0.01362088535754824
2006-03-07,889.9000244140625,892.0,875.25,887.8499755859375,510.4365234375,275860,HEROMOTOCO,Consumer Cyclical,Auto Manufacturers,N/A,EQUITY,0.0207,3.4,1.464,187.32,0.019137389317337904
2006-03-08,889.8499755859375,918.0,880.0,901.0,517.9967651367188,961205,HEROMOTOCO,Consumer Cyclical,Auto Manufacturers,N/A,EQUITY,0.0207,3.4,1.464,187.32,0.04318181818181818
2006-03-09,901.0,912.0,864.2999877929688,880.5999755859375,506.2684326171875,558839,HEROMOTOCO,Consumer Cyclical,Auto Manufacturers,N/A,EQUITY,0.0207,3.4,1.464,187.32,0.055189185330009674
2006-03-10,884.0,908.0,875.0,903.6500244140625,519.520263671875,472695,HEROMOTOCO,Consumer Cyclical,Auto Manufacturers,N/A,EQUITY,0.0207,3.4,1.464,187.32,0.037714285714285714
2006-03-13,909.0,912.4500122070312,888.2000122070312,894.5499877929688,514.2885131835938,184344,HEROMOTOCO,Consumer Cyclical,Auto Manufacturers,N/A,EQUITY,0.0207,3.4,1.464,187.32,0.02730240899202729
2006-03-14,857.5999755859375,900.0,819.0999755859375,882.4500122070312,507.33209228515625,151679,HEROMOTOCO,Consumer Cyclical,Auto Manufacturers,N/A,EQUITY,0.0207,3.4,1.464,187.32,0.09876697207345321
2006-03-16,902.0,914.7999877929688,884.0,890.5,511.9601745605469,218289,HEROMOTOCO,Consumer Cyclical,Auto Manufacturers,N/A,EQUITY,0.0207,3.4,1.464,187.32,0.034841615150417136
2006-03-17,886.2000122070312,902.0,886.0499877929688,897.9000244140625,516.2146606445312,245716,HEROMOTOCO,Consumer Cyclical,Auto Manufacturers,N/A,EQUITY,0.0207,3.4,1.464,187.32,0.018001255489840457
2006-03-20,906.0,912.7999877929688,898.0499877929688,910.2999877929688,523.3433227539062,173496,HEROMOTOCO,Consumer Cyclical,Auto Manufacturers,N/A,EQUITY,0.0207,3.4,1.464,187.32,0.016424475475189673
2006-03-21,910.2999877929688,939.7999877929688,910.0,913.7999877929688,525.35546875,521467,HEROMOTOCO,Consumer Cyclical,Auto Manufacturers,N/A,EQUITY,0.0207,3.4,1.464,187.32,0.03274723933293269
2006-03-22,914.0,919.7999877929688,885.5,895.0499877929688,514.5760498046875,251064,HEROMOTOCO,Consumer Cyclical,Auto Manufacturers,N/A,EQUITY,0.0207,3.4,1.464,187.32,0.0387351640801454
2006-03-23,894.4000244140625,904.7999877929688,885.0,887.5,510.23529052734375,119676,HEROMOTOCO,Consumer Cyclical,Auto Manufacturers,N/A,EQUITY,0.0207,3.4,1.464,187.32,0.022372867562676552
2006-03-24,885.0,899.8499755859375,870.25,889.4000244140625,511.3277893066406,153706,HEROMOTOCO,Consumer Cyclical,Auto Manufacturers,N/A,EQUITY,0.0207,3.4,1.464,187.32,0.03401318653942832
2006-03-27,894.75,910.0,880.5,887.2999877929688,510.12030029296875,243385,HEROMOTOCO,Consumer Cyclical,Auto Manufacturers,N/A,EQUITY,0.0207,3.4,1.464,187.32,0.033503691084611015
2006-03-28,895.0,902.9500122070312,881.0,885.5499877929688,509.1143493652344,194211,HEROMOTOCO,Consumer Cyclical,Auto Manufacturers,N/A,EQUITY,0.0207,3.4,1.464,187.32,0.024914883322396424
2006-03-29,887.0,899.8499755859375,874.1500244140625,880.0499877929688,505.9523620605469,425399,HEROMOTOCO,Consumer Cyclical,Auto Manufacturers,N/A,EQUITY,0.0207,3.4,1.464,187.32,0.029399931881374165
2006-03-30,894.0,909.0,882.2000122070312,893.1500244140625,513.4837646484375,252191,HEROMOTOCO,Consumer Cyclical,Auto Manufacturers,N/A,EQUITY,0.0207,3.4,1.464,187.32,0.030378584699769232
2006-03-31,895.0499877929688,909.0,885.4000244140625,890.4500122070312,511.9313049316406,536100,HEROMOTOCO,Consumer Cyclical,Auto Manufacturers,N/A,EQUITY,0.0207,3.4,1.464,187.32,0.026654591072047266
2006-04-03,905.0,906.0,889.0,896.25,515.265869140625,650287,HEROMOTOCO,Consumer Cyclical,Auto Manufacturers,N/A,EQUITY,0.0207,3.4,1.464,187.32,0.019122609673790775
2006-04-04,905.0,905.25,890.5999755859375,895.25,514.6909790039062,375060,HEROMOTOCO,Consumer Cyclical,Auto Manufacturers,N/A,EQUITY,0.0207,3.4,1.464,187.32,0.01644961241372599
2006-04-05,905.0,915.9000244140625,896.0,900.2000122070312,517.536865234375,633584,HEROMOTOCO,Consumer Cyclical,Auto Manufacturers,N/A,EQUITY,0.0207,3.4,1.464,187.32,0.02220984867640904
2006-04-07,909.8499755859375,909.9000244140625,862.5499877929688,874.7999877929688,502.93402099609375,715478,HEROMOTOCO,Consumer Cyclical,Auto Manufacturers,N/A,EQUITY,0.0207,3.4,1.464,187.32,0.05489541161811345
2006-04-10,872.0,888.9000244140625,863.25,869.5999755859375,499.9443664550781,463435,HEROMOTOCO,Consumer Cyclical,Auto Manufacturers,N/A,EQUITY,0.0207,3.4,1.464,187.32,0.02971332107044599
2006-04-12,862.2000122070312,862.2000122070312,825.0,829.25,476.7467041015625,941375,HEROMOTOCO,Consumer Cyclical,Auto Manufacturers,N/A,EQUITY,0.0207,3.4,1.464,187.32,0.045090923887310605
2006-04-13,829.0,856.7000122070312,812.0,824.5999755859375,474.0733337402344,383546,HEROMOTOCO,Consumer Cyclical,Auto Manufacturers,N/A,EQUITY,0.0207,3.4,1.464,187.32,0.05504927611703356
2006-04-17,849.4000244140625,860.0,832.0,848.6500244140625,487.9000244140625,380679,HEROMOTOCO,Consumer Cyclical,Auto Manufacturers,N/A,EQUITY,0.0207,3.4,1.464,187.32,0.03365384615384615
2006-04-18,849.7999877929688,886.7999877929688,849.7999877929688,878.7999877929688,505.2336730957031,1219421,HEROMOTOCO,Consumer Cyclical,Auto Manufacturers,N/A,EQUITY,0.0207,3.4,1.464,187.32,0.04353965701516822
2006-04-19,885.0,885.0999755859375,861.0,870.9000244140625,500.69189453125,400984,HEROMOTOCO,Consumer Cyclical,Auto Manufacturers,N/A,EQUITY,0.0207,3.4,1.464,187.32,0.027990680123040068
2006-04-20,879.9500122070312,884.4000244140625,852.2000122070312,856.9500122070312,492.67181396484375,755738,HEROMOTOCO,Consumer Cyclical,Auto Manufacturers,N/A,EQUITY,0.0207,3.4,1.464,187.32,0.037784571398490736
2006-04-21,865.0999755859375,865.0999755859375,845.0,855.0,491.55078125,907652,HEROMOTOCO,Consumer Cyclical,Auto Manufacturers,N/A,EQUITY,0.0207,3.4,1.464,187.32,0.023786953356139052
2006-04-24,859.7000122070312,859.8499755859375,840.5999755859375,849.7000122070312,488.5037841796875,140689,HEROMOTOCO,Consumer Cyclical,Auto Manufacturers,N/A,EQUITY,0.0207,3.4,1.464,187.32,0.022900309967986674
2006-04-25,854.0,854.0,821.0,826.0,474.8782653808594,191209,HEROMOTOCO,Consumer Cyclical,Auto Manufacturers,N/A,EQUITY,0.0207,3.4,1.464,187.32,0.040194884287454324
2006-04-26,840.0,850.0,826.0,847.0499877929688,486.9801940917969,418520,HEROMOTOCO,Consumer Cyclical,Auto Manufacturers,N/A,EQUITY,0.0207,3.4,1.464,187.32,0.029055690072639227
2006-04-27,850.0,865.0,812.2000122070312,825.0499877929688,474.3321838378906,790890,HEROMOTOCO,Consumer Cyclical,Auto Manufacturers,N/A,EQUITY,0.0207,3.4,1.464,187.32,0.06500860256021511
2006-04-28,826.0,855.0,792.0999755859375,844.2999877929688,485.399169921875,265320,HEROMOTOCO,Consumer Cyclical,Auto Manufacturers,N/A,EQUITY,0.0207,3.4,1.464,187.32,0.07940919877889616
2006-05-02,849.0,860.0,827.5,830.7000122070312,477.580322265625,435033,HEROMOTOCO,Consumer Cyclical,Auto Manufacturers,N/A,EQUITY,0.0207,3.4,1.464,187.32,0.03927492447129909
2006-05-03,840.25,847.5,838.0,845.4000244140625,486.0315856933594,210172,HEROMOTOCO,Consumer Cyclical,Auto Manufacturers,N/A,EQUITY,0.0207,3.4,1.464,187.32,0.011336515513126491
2006-05-04,847.5,851.9500122070312,832.1500244140625,838.5499877929688,482.09356689453125,234133,HEROMOTOCO,Consumer Cyclical,Auto Manufacturers,N/A,EQUITY,0.0207,3.4,1.464,187.32,0.02379377181045018
2006-05-05,840.0499877929688,860.0,836.0,858.2000122070312,493.39056396484375,264884,HEROMOTOCO,Consumer Cyclical,Auto Manufacturers,N/A,EQUITY,0.0207,3.4,1.464,187.32,0.028708133971291867
2006-05-08,859.0,880.0,858.0,876.5,503.911376953125,490083,HEROMOTOCO,Consumer Cyclical,Auto Manufacturers,N/A,EQUITY,0.0207,3.4,1.464,187.32,0.02564102564102564
2006-05-09,880.0,886.0,870.0999755859375,881.0,506.49853515625,549200,HEROMOTOCO,Consumer Cyclical,Auto Manufacturers,N/A,EQUITY,0.0207,3.4,1.464,187.32,0.018273790208251876
2006-05-10,886.0,890.0,872.25,879.75,505.7798767089844,425471,HEROMOTOCO,Consumer Cyclical,Auto Manufacturers,N/A,EQUITY,0.0207,3.4,1.464,187.32,0.020349670392662653
2006-05-11,873.0,884.7999877929688,865.25,871.0999755859375,500.8067626953125,84254,HEROMOTOCO,Consumer Cyclical,Auto Manufacturers,N/A,EQUITY,0.0207,3.4,1.464,187.32,0.022594611722587404
2006-05-12,872.0,886.0999755859375,847.0,879.2000122070312,505.4636535644531,493552,HEROMOTOCO,Consumer Cyclical,Auto Manufacturers,N/A,EQUITY,0.0207,3.4,1.464,187.32,0.046162899156951
2006-05-15,875.0,887.0,821.0999755859375,853.3499755859375,490.6022644042969,273665,HEROMOTOCO,Consumer Cyclical,Auto Manufacturers,N/A,EQUITY,0.0207,3.4,1.464,187.32,0.0802582223523222
2006-05-16,856.0,863.0,829.0,848.5,487.813720703125,238748,HEROMOTOCO,Consumer Cyclical,Auto Manufacturers,N/A,EQUITY,0.0207,3.4,1.464,187.32,0.04101326899879373
2006-05-17,858.7999877929688,898.4000244140625,855.0,892.6500244140625,513.1962890625,357828,HEROMOTOCO,Consumer Cyclical,Auto Manufacturers,N/A,EQUITY,0.0207,3.4,1.464,187.32,0.05076026247258772
2006-05-18,884.7000122070312,884.7000122070312,842.0999755859375,872.9000244140625,501.8416748046875,425050,HEROMOTOCO,Consumer Cyclical,Auto Manufacturers,N/A,EQUITY,0.0207,3.4,1.464,187.32,0.05058786112830893
2006-05-19,872.0,872.0,780.4000244140625,823.4000244140625,473.3835754394531,571255,HEROMOTOCO,Consumer Cyclical,Auto Manufacturers,N/A,EQUITY,0.0207,3.4,1.464,187.32,0.11737566981076443
2006-05-22,825.0,845.0,752.0,813.7999877929688,467.8643493652344,421932,HEROMOTOCO,Consumer Cyclical,Auto Manufacturers,N/A,EQUITY,0.0207,3.4,1.464,187.32,0.12367021276595745
2006-05-23,813.7999877929688,820.0,765.0499877929688,793.6500244140625,456.27978515625,727275,HEROMOTOCO,Consumer Cyclical,Auto Manufacturers,N/A,EQUITY,0.0207,3.4,1.464,187.32,0.07182538799268806
2006-05-24,815.7999877929688,815.7999877929688,757.0,773.25,444.5516662597656,362490,HEROMOTOCO,Consumer Cyclical,Auto Manufacturers,N/A,EQUITY,0.0207,3.4,1.464,187.32,0.07767501689956242
2006-05-25,757.75,825.0,757.75,792.7000122070312,455.7337341308594,1112281,HEROMOTOCO,Consumer Cyclical,Auto Manufacturers,N/A,EQUITY,0.0207,3.4,1.464,187.32,0.08874958759485319
2006-05-26,780.0,849.0,780.0,826.0999755859375,474.9356994628906,289028,HEROMOTOCO,Consumer Cyclical,Auto Manufacturers,N/A,EQUITY,0.0207,3.4,1.464,187.32,0.08846153846153847
2006-05-29,827.0,863.0,810.0,848.2000122070312,487.6414794921875,335972,HEROMOTOCO,Consumer Cyclical,Auto Manufacturers,N/A,EQUITY,0.0207,3.4,1.464,187.32,0.0654320987654321
2006-05-30,862.0,870.0,779.0,801.7999877929688,460.9654235839844,825202,HEROMOTOCO,Consumer Cyclical,Auto Manufacturers,N/A,EQUITY,0.0207,3.4,1.464,187.32,0.11681643132220795
2006-05-31,779.0,779.0,731.0999755859375,770.2000122070312,442.798095703125,803889,HEROMOTOCO,Consumer Cyclical,Auto Manufacturers,N/A,EQUITY,0.0207,3.4,1.464,187.32,0.06551774861662825
2006-06-01,800.0,809.7999877929688,700.0,719.9000244140625,413.8800964355469,741788,HEROMOTOCO,Consumer Cyclical,Auto Manufacturers,N/A,EQUITY,0.0207,3.4,1.464,187.32,0.15685712541852678
2006-06-02,720.0,769.9500122070312,703.0499877929688,762.6500244140625,438.4575500488281,527054,HEROMOTOCO,Consumer Cyclical,Auto Manufacturers,N/A,EQUITY,0.0207,3.4,1.464,187.32,0.09515685310524881
2006-06-05,769.9500122070312,793.7999877929688,750.0499877929688,755.3499755859375,434.2607116699219,398009,HEROMOTOCO,Consumer Cyclical,Auto Manufacturers,N/A,EQUITY,0.0207,3.4,1.464,187.32,0.05832944565299562
2006-06-06,748.0,788.7999877929688,710.0,756.5999755859375,434.97930908203125,556156,HEROMOTOCO,Consumer Cyclical,Auto Manufacturers,N/A,EQUITY,0.0207,3.4,1.464,187.32,0.11098589829995599
2006-06-07,748.0,771.9000244140625,731.0,739.0999755859375,424.91827392578125,499880,HEROMOTOCO,Consumer Cyclical,Auto Manufacturers,N/A,EQUITY,0.0207,3.4,1.464,187.32,0.05595078579215116
2006-06-08,743.0,757.0,708.0,735.9000244140625,423.0785827636719,706178,HEROMOTOCO,Consumer Cyclical,Auto Manufacturers,N/A,EQUITY,0.0207,3.4,1.464,187.32,0.0692090395480226
2006-06-09,740.0,765.9000244140625,730.0,751.7999877929688,432.2197570800781,439413,HEROMOTOCO,Consumer Cyclical,Auto Manufacturers,N/A,EQUITY,0.0207,3.4,1.464,187.32,0.049178115635702055
2006-06-12,765.0,765.0,695.3499755859375,705.2999877929688,405.48626708984375,434244,HEROMOTOCO,Consumer Cyclical,Auto Manufacturers,N/A,EQUITY,0.0207,3.4,1.464,187.32,0.1001654229661428
2006-06-13,695.3499755859375,695.3499755859375,636.0999755859375,656.7000122070312,377.5454406738281,489600,HEROMOTOCO,Consumer Cyclical,Auto Manufacturers,N/A,EQUITY,0.0207,3.4,1.464,187.32,0.09314573537818865
2006-06-14,658.9000244140625,690.5,635.0,642.6500244140625,369.4679260253906,388621,HEROMOTOCO,Consumer Cyclical,Auto Manufacturers,N/A,EQUITY,0.0207,3.4,1.464,187.32,0.08740157480314961
2006-06-15,674.7999877929688,709.0,643.25,700.75,402.8705139160156,613951,HEROMOTOCO,Consumer Cyclical,Auto Manufacturers,N/A,EQUITY,0.0207,3.4,1.464,187.32,0.10221531286436067
2006-06-16,709.0,763.9500122070312,709.0,740.5999755859375,425.7805480957031,605750,HEROMOTOCO,Consumer Cyclical,Auto Manufacturers,N/A,EQUITY,0.0207,3.4,1.464,187.32,0.07750354331034026
2006-06-19,740.5999755859375,747.7999877929688,710.5499877929688,743.9000244140625,427.677978515625,260271,HEROMOTOCO,Consumer Cyclical,Auto Manufacturers,N/A,EQUITY,0.0207,3.4,1.464,187.32,0.052424179353942155
2006-06-20,740.0,765.0,711.0499877929688,747.75,429.8913269042969,234219,HEROMOTOCO,Consumer Cyclical,Auto Manufacturers,N/A,EQUITY,0.0207,3.4,1.464,187.32,0.07587372636695619
2006-06-21,740.0,759.7999877929688,725.2000122070312,756.1500244140625,434.720703125,260191,HEROMOTOCO,Consumer Cyclical,Auto Manufacturers,N/A,EQUITY,0.0207,3.4,1.464,187.32,0.04771094181402171
2006-06-22,760.0,802.0,760.0,769.7999877929688,442.5680847167969,234545,HEROMOTOCO,Consumer Cyclical,Auto Manufacturers,N/A,EQUITY,0.0207,3.4,1.464,187.32,0.05526315789473684
2006-06-23,760.0,779.7999877929688,746.0,759.4500122070312,436.6177673339844,324188,HEROMOTOCO,Consumer Cyclical,Auto Manufacturers,N/A,EQUITY,0.0207,3.4,1.464,187.32,0.045308294628644434
2006-06-26,739.7999877929688,779.0,707.25,733.4000244140625,421.64141845703125,293951,HEROMOTOCO,Consumer Cyclical,Auto Manufacturers,N/A,EQUITY,0.0207,3.4,1.464,187.32,0.10144927536231885
2006-06-27,740.0,762.5,721.5,751.0999755859375,431.81719970703125,198208,HEROMOTOCO,Consumer Cyclical,Auto Manufacturers,N/A,EQUITY,0.0207,3.4,1.464,187.32,0.05682605682605683
2006-06-28,752.25,764.7999877929688,742.25,756.7999877929688,435.09429931640625,258818,HEROMOTOCO,Consumer Cyclical,Auto Manufacturers,N/A,EQUITY,0.0207,3.4,1.464,187.32,0.030380583082477264
2006-06-29,760.0,797.0,760.0,787.7999877929688,452.91656494140625,823075,HEROMOTOCO,Consumer Cyclical,Auto Manufacturers,N/A,EQUITY,0.0207,3.4,1.464,187.32,0.04868421052631579
2006-06-30,798.0,809.7999877929688,768.0999755859375,793.6500244140625,456.27978515625,382628,HEROMOTOCO,Consumer Cyclical,Auto Manufacturers,N/A,EQUITY,0.0207,3.4,1.464,187.32,0.05428982363294675
2006-07-03,808.0,810.2000122070312,780.3499755859375,790.9000244140625,454.6988830566406,336760,HEROMOTOCO,Consumer Cyclical,Auto Manufacturers,N/A,EQUITY,0.0207,3.4,1.464,187.32,0.038252114506289826
2006-07-04,794.0,801.0,785.0,792.3499755859375,455.5323486328125,222169,HEROMOTOCO,Consumer Cyclical,Auto Manufacturers,N/A,EQUITY,0.0207,3.4,1.464,187.32,0.02038216560509554
2006-07-05,790.0,799.9000244140625,780.0,792.3499755859375,455.5323486328125,244976,HEROMOTOCO,Consumer Cyclical,Auto Manufacturers,N/A,EQUITY,0.0207,3.4,1.464,187.32,0.025512851812900642
2006-07-06,781.0,790.0,771.5999755859375,776.4000244140625,446.3623352050781,170910,HEROMOTOCO,Consumer Cyclical,Auto Manufacturers,N/A,EQUITY,0.0207,3.4,1.464,187.32,0.02384658501328994
2006-07-07,774.0,788.0,740.0,748.1500244140625,430.121337890625,215655,HEROMOTOCO,Consumer Cyclical,Auto Manufacturers,N/A,EQUITY,0.0207,3.4,1.464,187.32,0.06486486486486487
2006-07-10,746.0,774.9000244140625,746.0,766.7999877929688,440.843505859375,303786,HEROMOTOCO,Consumer Cyclical,Auto Manufacturers,N/A,EQUITY,0.0207,3.4,1.464,187.32,0.03873997910732239
2006-07-11,770.0,774.7000122070312,713.0999755859375,721.25,414.6561584472656,1020913,HEROMOTOCO,Consumer Cyclical,Auto Manufacturers,N/A,EQUITY,0.0207,3.4,1.464,187.32,0.08638345075033615
2006-07-12,713.0999755859375,731.0,700.0,728.7000122070312,418.939208984375,680986,HEROMOTOCO,Consumer Cyclical,Auto Manufacturers,N/A,EQUITY,0.0207,3.4,1.464,187.32,0.04428571428571428
2006-07-13,728.7000122070312,728.7000122070312,706.0,711.1500244140625,408.8494567871094,640619,HEROMOTOCO,Consumer Cyclical,Auto Manufacturers,N/A,EQUITY,0.0207,3.4,1.464,187.32,0.03215299179466183
2006-07-14,709.9000244140625,724.9500122070312,695.0,717.75,412.6439514160156,963679,HEROMOTOCO,Consumer Cyclical,Auto Manufacturers,N/A,EQUITY,0.0207,3.4,1.464,187.32,0.043093542743929854
2006-07-17,715.0,720.0,706.0,709.75,408.0445861816406,546770,HEROMOTOCO,Consumer Cyclical,Auto Manufacturers,N/A,EQUITY,0.0207,3.4,1.464,187.32,0.019830028328611898
2006-07-18,710.0499877929688,725.0,709.0499877929688,719.2000122070312,413.4775390625,262158,HEROMOTOCO,Consumer Cyclical,Auto Manufacturers,N/A,EQUITY,0.0207,3.4,1.464,187.32,0.0224949051288728
2006-07-19,725.0,734.0,708.0,713.9000244140625,410.4305114746094,208012,HEROMOTOCO,Consumer Cyclical,Auto Manufacturers,N/A,EQUITY,0.0207,3.4,1.464,187.32,0.03672316384180791
2006-07-20,722.0,725.0,710.25,715.9000244140625,411.5802917480469,327022,HEROMOTOCO,Consumer Cyclical,Auto Manufacturers,N/A,EQUITY,0.0207,3.4,1.464,187.32,0.020767335445265753
2006-07-21,716.0,716.0,705.0,709.5999755859375,407.9584045410156,137759,HEROMOTOCO,Consumer Cyclical,Auto Manufacturers,N/A,EQUITY,0.0207,3.4,1.464,187.32,0.015602836879432624
2006-07-24,700.0999755859375,721.0,693.0,712.1500244140625,409.4244384765625,342701,HEROMOTOCO,Consumer Cyclical,Auto Manufacturers,N/A,EQUITY,0.0207,3.4,1.464,187.32,0.04040404040404041
2006-07-25,719.0,723.0,705.5999755859375,712.7000122070312,409.7406311035156,511203,HEROMOTOCO,Consumer Cyclical,Auto Manufacturers,N/A,EQUITY,0.0207,3.4,1.464,187.32,0.024659899399250035
2006-07-26,714.9000244140625,714.9000244140625,701.0,704.0,404.7388000488281,378611,HEROMOTOCO,Consumer Cyclical,Auto Manufacturers,N/A,EQUITY,0.0207,3.4,1.464,187.32,0.019828850804654064
2006-07-27,709.7999877929688,717.3499755859375,688.2999877929688,692.0,397.8399963378906,1261918,HEROMOTOCO,Consumer Cyclical,Auto Manufacturers,N/A,EQUITY,0.0207,3.4,1.464,187.32,0.042205416690645925
2006-07-28,692.0,705.0,690.0,698.2999877929688,401.46173095703125,647285,HEROMOTOCO,Consumer Cyclical,Auto Manufacturers,N/A,EQUITY,0.0207,3.4,1.464,187.32,0.021739130434782608
2006-07-31,702.0,712.0,698.0499877929688,705.9000244140625,405.8312683105469,323464,HEROMOTOCO,Consumer Cyclical,Auto Manufacturers,N/A,EQUITY,0.0207,3.4,1.464,187.32,0.01998425965329093
2006-08-01,702.0,711.25,689.0,696.7999877929688,400.5995178222656,648847,HEROMOTOCO,Consumer Cyclical,Auto Manufacturers,N/A,EQUITY,0.0207,3.4,1.464,187.32,0.03229317851959362
2006-08-02,694.5,703.9500122070312,690.0,696.6500244140625,400.51324462890625,184004,HEROMOTOCO,Consumer Cyclical,Auto Manufacturers,N/A,EQUITY,0.0207,3.4,1.464,187.32,0.020217408995697465
2006-08-03,700.0,705.0,698.0,700.8499755859375,402.9277648925781,224763,HEROMOTOCO,Consumer Cyclical,Auto Manufacturers,N/A,EQUITY,0.0207,3.4,1.464,187.32,0.01002865329512894
2006-08-04,702.0,702.2999877929688,685.0999755859375,688.0999755859375,395.5977478027344,328679,HEROMOTOCO,Consumer Cyclical,Auto Manufacturers,N/A,EQUITY,0.0207,3.4,1.464,187.32,0.025105842679852376
2006-08-07,689.0,689.0,665.2999877929688,669.9000244140625,385.1344299316406,376262,HEROMOTOCO,Consumer Cyclical,Auto Manufacturers,N/A,EQUITY,0.0207,3.4,1.464,187.32,0.03562304620754981
2006-08-08,680.0,680.0,664.0,668.9500122070312,384.5882263183594,436905,HEROMOTOCO,Consumer Cyclical,Auto Manufacturers,N/A,EQUITY,0.0207,3.4,1.464,187.32,0.024096385542168676
2006-08-09,670.0,685.0,670.0,678.0999755859375,389.8486633300781,657080,HEROMOTOCO,Consumer Cyclical,Auto Manufacturers,N/A,EQUITY,0.0207,3.4,1.464,187.32,0.022388059701492536
2006-08-10,680.0999755859375,691.0,670.0999755859375,674.2999877929688,387.6639404296875,479803,HEROMOTOCO,Consumer Cyclical,Auto Manufacturers,N/A,EQUITY,0.0207,3.4,1.464,187.32,0.03118941228999069
2006-08-11,679.7999877929688,699.7000122070312,678.0999755859375,695.9500122070312,400.11083984375,853532,HEROMOTOCO,Consumer Cyclical,Auto Manufacturers,N/A,EQUITY,0.0207,3.4,1.464,187.32,0.03185376404479212
2006-08-14,697.7999877929688,697.7999877929688,680.2000122070312,682.5499877929688,404.01751708984375,1213529,HEROMOTOCO,Consumer Cyclical,Auto Manufacturers,N/A,EQUITY,0.0207,3.4,1.464,187.32,0.025874706365898486
2006-08-16,694.9000244140625,716.7000122070312,688.0,705.1500244140625,417.3950500488281,778710,HEROMOTOCO,Consumer Cyclical,Auto Manufacturers,N/A,EQUITY,0.0207,3.4,1.464,187.32,0.04171513402184775
2006-08-17,710.0,713.0,692.0,693.6500244140625,410.587890625,751218,HEROMOTOCO,Consumer Cyclical,Auto Manufacturers,N/A,EQUITY,0.0207,3.4,1.464,187.32,0.030346820809248554
2006-08-18,697.0999755859375,711.0,681.1500244140625,706.2000122070312,418.01654052734375,416478,HEROMOTOCO,Consumer Cyclical,Auto Manufacturers,N/A,EQUITY,0.0207,3.4,1.464,187.32,0.04382290907442158
2006-08-21,702.0,704.9500122070312,690.6500244140625,697.5999755859375,412.926025390625,338884,HEROMOTOCO,Consumer Cyclical,Auto Manufacturers,N/A,EQUITY,0.0207,3.4,1.464,187.32,0.02070511443925692
2006-08-22,698.5999755859375,712.75,698.5999755859375,705.3499755859375,417.513427734375,553242,HEROMOTOCO,Consumer Cyclical,Auto Manufacturers,N/A,EQUITY,0.0207,3.4,1.464,187.32,0.02025483095987004
2006-08-23,704.8499755859375,706.7999877929688,699.0,700.1500244140625,414.435302734375,391612,HEROMOTOCO,Consumer Cyclical,Auto Manufacturers,N/A,EQUITY,0.0207,3.4,1.464,187.32,0.011158780819697782
2006-08-24,700.0,719.0,696.0,713.4000244140625,422.2783508300781,1019621,HEROMOTOCO,Consumer Cyclical,Auto Manufacturers,N/A,EQUITY,0.0207,3.4,1.464,187.32,0.033045977011494254
2006-08-25,719.0,731.0,709.9000244140625,714.2000122070312,422.7519226074219,891810,HEROMOTOCO,Consumer Cyclical,Auto Manufacturers,N/A,EQUITY,0.0207,3.4,1.464,187.32,0.02972246071318705
2006-08-28,715.0,724.2000122070312,713.0,715.3499755859375,423.4326477050781,438141,HEROMOTOCO,Consumer Cyclical,Auto Manufacturers,N/A,EQUITY,0.0207,3.4,1.464,187.32,0.0157082920154716
2006-08-29,718.0999755859375,723.5,714.0,719.2999877929688,425.7706298828125,749544,HEROMOTOCO,Consumer Cyclical,Auto Manufacturers,N/A,EQUITY,0.0207,3.4,1.464,187.32,0.01330532212885154
2006-08-30,723.0,725.0,712.25,720.4000244140625,426.42193603515625,546792,HEROMOTOCO,Consumer Cyclical,Auto Manufacturers,N/A,EQUITY,0.0207,3.4,1.464,187.32,0.0179010179010179
2006-08-31,724.9000244140625,724.9000244140625,717.1500244140625,721.0,426.77691650390625,914561,HEROMOTOCO,Consumer Cyclical,Auto Manufacturers,N/A,EQUITY,0.0207,3.4,1.464,187.32,0.010806664904365066
2006-09-01,711.5,729.0,706.0999755859375,726.0999755859375,429.7957458496094,366525,HEROMOTOCO,Consumer Cyclical,Auto Manufacturers,N/A,EQUITY,0.0207,3.4,1.464,187.32,0.03243170259998883
2006-09-04,722.0,728.9000244140625,715.0,721.9000244140625,427.3096923828125,487717,HEROMOTOCO,Consumer Cyclical,Auto Manufacturers,N/A,EQUITY,0.0207,3.4,1.464,187.32,0.0194405935861014
2006-09-05,723.0,732.5,718.2999877929688,722.7000122070312,427.7833557128906,418828,HEROMOTOCO,Consumer Cyclical,Auto Manufacturers,N/A,EQUITY,0.0207,3.4,1.464,187.32,0.019768916119102083
2006-09-06,724.0,727.5,717.0499877929688,719.5999755859375,425.9482421875,640955,HEROMOTOCO,Consumer Cyclical,Auto Manufacturers,N/A,EQUITY,0.0207,3.4,1.464,187.32,0.014573617439414063
2006-09-07,712.0,715.5,684.5999755859375,710.25,420.413818359375,674434,HEROMOTOCO,Consumer Cyclical,Auto Manufacturers,N/A,EQUITY,0.0207,3.4,1.464,187.32,0.04513588302076069
2006-09-08,711.25,738.0,711.1500244140625,735.1500244140625,435.15277099609375,706420,HEROMOTOCO,Consumer Cyclical,Auto Manufacturers,N/A,EQUITY,0.0207,3.4,1.464,187.32,0.037755712105979305
2006-09-11,739.5,756.8499755859375,739.0,744.7000122070312,440.8056640625,1545565,HEROMOTOCO,Consumer Cyclical,Auto Manufacturers,N/A,EQUITY,0.0207,3.4,1.464,187.32,0.024154229480294317
2006-09-12,745.0,777.0,744.5999755859375,771.0499877929688,456.4027404785156,752754,HEROMOTOCO,Consumer Cyclical,Auto Manufacturers,N/A,EQUITY,0.0207,3.4,1.464,187.32,0.04351332994413062
2006-09-13,771.25,789.75,765.0,779.75,461.5525817871094,876785,HEROMOTOCO,Consumer Cyclical,Auto Manufacturers,N/A,EQUITY,0.0207,3.4,1.464,187.32,0.03235294117647059
2006-09-14,780.0,780.0,756.3499755859375,765.5499877929688,453.1473083496094,680344,HEROMOTOCO,Consumer Cyclical,Auto Manufacturers,N/A,EQUITY,0.0207,3.4,1.464,187.32,0.03126862587090194
2006-09-15,765.0,778.7000122070312,758.0,767.1500244140625,454.0942077636719,416704,HEROMOTOCO,Consumer Cyclical,Auto Manufacturers,N/A,EQUITY,0.0207,3.4,1.464,187.32,0.027308723228273418
2006-09-18,765.0999755859375,775.9500122070312,765.0999755859375,771.8499755859375,456.8762512207031,192091,HEROMOTOCO,Consumer Cyclical,Auto Manufacturers,N/A,EQUITY,0.0207,3.4,1.464,187.32,0.014181201107455863
2006-09-19,771.1500244140625,772.9500122070312,765.0,767.25,454.153564453125,625591,HEROMOTOCO,Consumer Cyclical,Auto Manufacturers,N/A,EQUITY,0.0207,3.4,1.464,187.32,0.010392172819648693
2006-09-20,769.9000244140625,778.9000244140625,760.0,773.25,457.705078125,418649,HEROMOTOCO,Consumer Cyclical,Auto Manufacturers,N/A,EQUITY,0.0207,3.4,1.464,187.32,0.024868453176398027
2006-09-21,789.0,789.0,761.2000122070312,768.2999877929688,454.7749938964844,637786,HEROMOTOCO,Consumer Cyclical,Auto Manufacturers,N/A,EQUITY,0.0207,3.4,1.464,187.32,0.03652126556378418
2006-09-22,769.0,772.0,760.0,765.7999877929688,453.2951965332031,352943,HEROMOTOCO,Consumer Cyclical,Auto Manufacturers,N/A,EQUITY,0.0207,3.4,1.464,187.32,0.015789473684210527
2006-09-25,760.0499877929688,778.5,760.0499877929688,771.6500244140625,456.75799560546875,310103,HEROMOTOCO,Consumer Cyclical,Auto Manufacturers,N/A,EQUITY,0.0207,3.4,1.464,187.32,0.024274735219200975
2006-09-26,773.25,791.0,768.25,788.25,466.58367919921875,431294,HEROMOTOCO,Consumer Cyclical,Auto Manufacturers,N/A,EQUITY,0.0207,3.4,1.464,187.32,0.029612756264236904
2006-09-27,790.0,797.0,774.25,778.5999755859375,460.87176513671875,336664,HEROMOTOCO,Consumer Cyclical,Auto Manufacturers,N/A,EQUITY,0.0207,3.4,1.464,187.32,0.0293832741362609
2006-09-28,782.0,794.0,772.0499877929688,790.3499755859375,467.82684326171875,510339,HEROMOTOCO,Consumer Cyclical,Auto Manufacturers,N/A,EQUITY,0.0207,3.4,1.464,187.32,0.028430817374635226
2006-09-29,785.0999755859375,790.0,773.25,774.9000244140625,458.6817626953125,193327,HEROMOTOCO,Consumer Cyclical,Auto Manufacturers,N/A,EQUITY,0.0207,3.4,1.464,187.32,0.021661817006142902
2006-10-03,789.0,789.7999877929688,767.7999877929688,772.1500244140625,457.053955078125,441442,HEROMOTOCO,Consumer Cyclical,Auto Manufacturers,N/A,EQUITY,0.0207,3.4,1.464,187.32,0.02865329558449033
2006-10-04,775.0,781.7999877929688,749.9000244140625,751.7000122070312,444.94903564453125,614998,HEROMOTOCO,Consumer Cyclical,Auto Manufacturers,N/A,EQUITY,0.0207,3.4,1.464,187.32,0.04253895498114088
2006-10-05,755.0499877929688,763.5,750.0,753.4500122070312,445.9849853515625,561687,HEROMOTOCO,Consumer Cyclical,Auto Manufacturers,N/A,EQUITY,0.0207,3.4,1.464,187.32,0.018
2006-10-06,759.7999877929688,759.7999877929688,749.25,752.5,445.4225769042969,447223,HEROMOTOCO,Consumer Cyclical,Auto Manufacturers,N/A,EQUITY,0.0207,3.4,1.464,187.32,0.014080731121746747
2006-10-09,753.0499877929688,757.75,750.1500244140625,752.6500244140625,445.5113830566406,204816,HEROMOTOCO,Consumer Cyclical,Auto Manufacturers,N/A,EQUITY,0.0207,3.4,1.464,187.32,0.010131274196616595
2006-10-10,759.0,759.0,750.0,750.3499755859375,444.1499938964844,165354,HEROMOTOCO,Consumer Cyclical,Auto Manufacturers,N/A,EQUITY,0.0207,3.4,1.464,187.32,0.012
2006-10-11,754.0,759.0,737.0,748.25,442.9069519042969,493525,HEROMOTOCO,Consumer Cyclical,Auto Manufacturers,N/A,EQUITY,0.0207,3.4,1.464,187.32,0.029850746268656716
2006-10-12,752.0,752.0,739.0,747.5999755859375,442.52215576171875,593691,HEROMOTOCO,Consumer Cyclical,Auto Manufacturers,N/A,EQUITY,0.0207,3.4,1.464,187.32,0.017591339648173207
2006-10-13,748.9000244140625,757.0,743.0,749.25,443.498779296875,350152,HEROMOTOCO,Consumer Cyclical,Auto Manufacturers,N/A,EQUITY,0.0207,3.4,1.464,187.32,0.018842530282637954
2006-10-16,757.0,757.0,743.75,747.6500244140625,442.5517272949219,188929,HEROMOTOCO,Consumer Cyclical,Auto Manufacturers,N/A,EQUITY,0.0207,3.4,1.464,187.32,0.01781512605042017
2006-10-17,747.0,762.0,740.0,757.4000244140625,448.3230285644531,366862,HEROMOTOCO,Consumer Cyclical,Auto Manufacturers,N/A,EQUITY,0.0207,3.4,1.464,187.32,0.02972972972972973
2006-10-18,760.0499877929688,768.9000244140625,743.5,749.0999755859375,443.4101257324219,799804,HEROMOTOCO,Consumer Cyclical,Auto Manufacturers,N/A,EQUITY,0.0207,3.4,1.464,187.32,0.03416277661608944
2006-10-19,758.0,758.0,743.5,750.7999877929688,444.4163513183594,798128,HEROMOTOCO,Consumer Cyclical,Auto Manufacturers,N/A,EQUITY,0.0207,3.4,1.464,187.32,0.019502353732347006
2006-10-20,758.0,760.0,749.5499877929688,752.8499755859375,445.6297912597656,354994,HEROMOTOCO,Consumer Cyclical,Auto Manufacturers,N/A,EQUITY,0.0207,3.4,1.464,187.32,0.013941714865210057
2006-10-23,758.6500244140625,758.6500244140625,750.0,751.4500122070312,444.801025390625,266130,HEROMOTOCO,Consumer Cyclical,Auto Manufacturers,N/A,EQUITY,0.0207,3.4,1.464,187.32,0.011533365885416667
2006-10-26,735.0,750.0,703.5999755859375,739.75,437.8756103515625,1385531,HEROMOTOCO,Consumer Cyclical,Auto Manufacturers,N/A,EQUITY,0.0207,3.4,1.464,187.32,0.06594659753281247
2006-10-27,749.9000244140625,749.9000244140625,731.0999755859375,739.7999877929688,437.9052429199219,436262,HEROMOTOCO,Consumer Cyclical,Auto Manufacturers,N/A,EQUITY,0.0207,3.4,1.464,187.32,0.025714744160752798
2006-10-30,731.0999755859375,752.0,730.2999877929688,745.7999877929688,441.45660400390625,441541,HEROMOTOCO,Consumer Cyclical,Auto Manufacturers,N/A,EQUITY,0.0207,3.4,1.464,187.32,0.029713833451662255
2006-10-31,752.0,761.0,745.25,757.9000244140625,448.6189880371094,751788,HEROMOTOCO,Consumer Cyclical,Auto Manufacturers,N/A,EQUITY,0.0207,3.4,1.464,187.32,0.021133847702113386
2006-11-01,757.0,768.75,757.0,765.2000122070312,452.9400329589844,420301,HEROMOTOCO,Consumer Cyclical,Auto Manufacturers,N/A,EQUITY,0.0207,3.4,1.464,187.32,0.015521796565389696
2006-11-02,770.0,770.0,760.3499755859375,766.0499877929688,453.4432067871094,252642,HEROMOTOCO,Consumer Cyclical,Auto Manufacturers,N/A,EQUITY,0.0207,3.4,1.464,187.32,0.012691556156921083
2006-11-03,762.0,768.9000244140625,758.0999755859375,761.0499877929688,450.4835205078125,357522,HEROMOTOCO,Consumer Cyclical,Auto Manufacturers,N/A,EQUITY,0.0207,3.4,1.464,187.32,0.01424620653730745
2006-11-06,763.9000244140625,763.9000244140625,756.0,760.8499755859375,450.36517333984375,433812,HEROMOTOCO,Consumer Cyclical,Auto Manufacturers,N/A,EQUITY,0.0207,3.4,1.464,187.32,0.010449767743468915
2006-11-07,769.7999877929688,769.7999877929688,734.2999877929688,742.5499877929688,439.5330505371094,529352,HEROMOTOCO,Consumer Cyclical,Auto Manufacturers,N/A,EQUITY,0.0207,3.4,1.464,187.32,0.04834536373437746
2006-11-08,742.5499877929688,742.5499877929688,706.0,712.5,421.74560546875,914944,HEROMOTOCO,Consumer Cyclical,Auto Manufacturers,N/A,EQUITY,0.0207,3.4,1.464,187.32,0.05177052095321353
2006-11-09,716.9000244140625,729.7000122070312,712.0,717.2999877929688,424.5868835449219,610949,HEROMOTOCO,Consumer Cyclical,Auto Manufacturers,N/A,EQUITY,0.0207,3.4,1.464,187.32,0.024859567706504566
2006-11-10,718.0,727.0,716.0,725.5499877929688,429.47021484375,181793,HEROMOTOCO,Consumer Cyclical,Auto Manufacturers,N/A,EQUITY,0.0207,3.4,1.464,187.32,0.015363128491620111
2006-11-13,727.0,727.0,711.0499877929688,714.5,422.9294128417969,264634,HEROMOTOCO,Consumer Cyclical,Auto Manufacturers,N/A,EQUITY,0.0207,3.4,1.464,187.32,0.02243163276964333
2006-11-14,719.0,723.9000244140625,702.0,706.3499755859375,418.1053466796875,400253,HEROMOTOCO,Consumer Cyclical,Auto Manufacturers,N/A,EQUITY,0.0207,3.4,1.464,187.32,0.031196615974448005
2006-11-15,702.0499877929688,725.0,702.0499877929688,713.7000122070312,422.4559631347656,229833,HEROMOTOCO,Consumer Cyclical,Auto Manufacturers,N/A,EQUITY,0.0207,3.4,1.464,187.32,0.03268999730229908
2006-11-16,702.0499877929688,729.9000244140625,702.0499877929688,709.4000244140625,419.9106140136719,168125,HEROMOTOCO,Consumer Cyclical,Auto Manufacturers,N/A,EQUITY,0.0207,3.4,1.464,187.32,0.039669592059456874
2006-11-17,703.2000122070312,717.5,690.0,694.9000244140625,411.32781982421875,571185,HEROMOTOCO,Consumer Cyclical,Auto Manufacturers,N/A,EQUITY,0.0207,3.4,1.464,187.32,0.03985507246376811
2006-11-20,690.0,721.5,680.0999755859375,708.2999877929688,419.259521484375,861623,HEROMOTOCO,Consumer Cyclical,Auto Manufacturers,N/A,EQUITY,0.0207,3.4,1.464,187.32,0.06087343905341927
2006-11-21,702.5,718.7999877929688,702.3499755859375,709.5,419.969970703125,649414,HEROMOTOCO,Consumer Cyclical,Auto Manufacturers,N/A,EQUITY,0.0207,3.4,1.464,187.32,0.023421389305677387
2006-11-22,710.0,739.0,709.3499755859375,730.1500244140625,432.19305419921875,579275,HEROMOTOCO,Consumer Cyclical,Auto Manufacturers,N/A,EQUITY,0.0207,3.4,1.464,187.32,0.04179886577083615
2006-11-23,732.0,758.0,725.0,748.75,443.2029113769531,340766,HEROMOTOCO,Consumer Cyclical,Auto Manufacturers,N/A,EQUITY,0.0207,3.4,1.464,187.32,0.04551724137931035
2006-11-24,748.0,749.9500122070312,736.0,739.8499755859375,437.9346923828125,501575,HEROMOTOCO,Consumer Cyclical,Auto Manufacturers,N/A,EQUITY,0.0207,3.4,1.464,187.32,0.018953820933466373
2006-11-27,738.0999755859375,743.0,724.6500244140625,736.5499877929688,435.9813537597656,650391,HEROMOTOCO,Consumer Cyclical,Auto Manufacturers,N/A,EQUITY,0.0207,3.4,1.464,187.32,0.025322534972347408
2006-11-28,738.0499877929688,746.2000122070312,730.0,741.5,438.9113464355469,578932,HEROMOTOCO,Consumer Cyclical,Auto Manufacturers,N/A,EQUITY,0.0207,3.4,1.464,187.32,0.022191797543878424
2006-11-29,745.0,749.0,739.0,744.3499755859375,440.5985107421875,305647,HEROMOTOCO,Consumer Cyclical,Auto Manufacturers,N/A,EQUITY,0.0207,3.4,1.464,187.32,0.013531799729364006
2006-11-30,742.0,756.0,726.3499755859375,742.25,439.3554382324219,208526,HEROMOTOCO,Consumer Cyclical,Auto Manufacturers,N/A,EQUITY,0.0207,3.4,1.464,187.32,0.04082057604551331
2006-12-01,740.0,795.0,730.0,771.1500244140625,456.4619140625,567205,HEROMOTOCO,Consumer Cyclical,Auto Manufacturers,N/A,EQUITY,0.0207,3.4,1.464,187.32,0.08904109589041095
2006-12-04,784.4500122070312,784.4500122070312,754.0499877929688,765.0,452.8215637207031,485500,HEROMOTOCO,Consumer Cyclical,Auto Manufacturers,N/A,EQUITY,0.0207,3.4,1.464,187.32,0.0403156619669744
2006-12-05,764.9000244140625,773.8499755859375,759.0,768.6500244140625,454.9821472167969,283049,HEROMOTOCO,Consumer Cyclical,Auto Manufacturers,N/A,EQUITY,0.0207,3.4,1.464,187.32,0.019565185225214096
2006-12-06,770.0,771.0,759.0999755859375,767.75,454.4494323730469,296404,HEROMOTOCO,Consumer Cyclical,Auto Manufacturers,N/A,EQUITY,0.0207,3.4,1.464,187.32,0.01567649163060117
2006-12-07,770.0,770.0,746.0,750.4500122070312,444.2091064453125,241614,HEROMOTOCO,Consumer Cyclical,Auto Manufacturers,N/A,EQUITY,0.0207,3.4,1.464,187.32,0.032171581769437
2006-12-08,750.0,753.0,740.0,745.3499755859375,441.1902770996094,173135,HEROMOTOCO,Consumer Cyclical,Auto Manufacturers,N/A,EQUITY,0.0207,3.4,1.464,187.32,0.01756756756756757
2006-12-11,748.0,748.7000122070312,724.0,738.7999877929688,437.313232421875,361129,HEROMOTOCO,Consumer Cyclical,Auto Manufacturers,N/A,EQUITY,0.0207,3.4,1.464,187.32,0.03411603895998792
2006-12-12,732.0,739.75,715.0,724.9000244140625,429.0854797363281,419416,HEROMOTOCO,Consumer Cyclical,Auto Manufacturers,N/A,EQUITY,0.0207,3.4,1.464,187.32,0.03461538461538462
2006-12-13,725.0,725.5,705.25,718.5999755859375,425.3563537597656,1014090,HEROMOTOCO,Consumer Cyclical,Auto Manufacturers,N/A,EQUITY,0.0207,3.4,1.464,187.32,0.02871322226160936
2006-12-14,720.0,720.0,709.0,712.2000122070312,421.56793212890625,538246,HEROMOTOCO,Consumer Cyclical,Auto Manufacturers,N/A,EQUITY,0.0207,3.4,1.464,187.32,0.015514809590973202
2006-12-15,722.5,742.0,720.0,737.0,436.2478332519531,450119,HEROMOTOCO,Consumer Cyclical,Auto Manufacturers,N/A,EQUITY,0.0207,3.4,1.464,187.32,0.030555555555555555
2006-12-18,730.1500244140625,756.9000244140625,730.0499877929688,750.6500244140625,444.3276062011719,406720,HEROMOTOCO,Consumer Cyclical,Auto Manufacturers,N/A,EQUITY,0.0207,3.4,1.464,187.32,0.0367783536333789
2006-12-19,742.0,759.5,737.0,753.9500122070312,446.2809143066406,211511,HEROMOTOCO,Consumer Cyclical,Auto Manufacturers,N/A,EQUITY,0.0207,3.4,1.464,187.32,0.030529172320217096
2006-12-20,758.0,765.0,720.5499877929688,725.25,429.2926940917969,517760,HEROMOTOCO,Consumer Cyclical,Auto Manufacturers,N/A,EQUITY,0.0207,3.4,1.464,187.32,0.06168900556529161
2006-12-21,725.25,739.5,715.0,729.75,431.95635986328125,206540,HEROMOTOCO,Consumer Cyclical,Auto Manufacturers,N/A,EQUITY,0.0207,3.4,1.464,187.32,0.03426573426573427
2006-12-22,730.0,761.0,725.0999755859375,750.25,444.09075927734375,160813,HEROMOTOCO,Consumer Cyclical,Auto Manufacturers,N/A,EQUITY,0.0207,3.4,1.464,187.32,0.049510447693854175
2006-12-26,750.0,756.0,737.0,748.3499755859375,442.96600341796875,274056,HEROMOTOCO,Consumer Cyclical,Auto Manufacturers,N/A,EQUITY,0.0207,3.4,1.464,187.32,0.025780189959294438
2006-12-27,754.9000244140625,754.9000244140625,736.25,746.3499755859375,441.7822265625,279344,HEROMOTOCO,Consumer Cyclical,Auto Manufacturers,N/A,EQUITY,0.0207,3.4,1.464,187.32,0.02533110276952462
2006-12-28,748.0,763.0999755859375,745.25,760.25,450.010009765625,542983,HEROMOTOCO,Consumer Cyclical,Auto Manufacturers,N/A,EQUITY,0.0207,3.4,1.464,187.32,0.023951661302834618
2006-12-29,763.0,774.5,759.0,763.7000122070312,452.0522155761719,234060,HEROMOTOCO,Consumer Cyclical,Auto Manufacturers,N/A,EQUITY,0.0207,3.4,1.464,187.32,0.020421607378129116
2007-01-02,765.0,807.2000122070312,752.0499877929688,785.4500122070312,464.9266357421875,486923,HEROMOTOCO,Consumer Cyclical,Auto Manufacturers,N/A,EQUITY,0.0207,3.4,1.464,187.32,0.07333292375405863
2007-01-03,786.0,795.0,766.3499755859375,778.2999877929688,460.6942443847656,633713,HEROMOTOCO,Consumer Cyclical,Auto Manufacturers,N/A,EQUITY,0.0207,3.4,1.464,187.32,0.037385039899240816
2007-01-04,779.9000244140625,779.9000244140625,752.25,755.4000244140625,447.1392517089844,250497,HEROMOTOCO,Consumer Cyclical,Auto Manufacturers,N/A,EQUITY,0.0207,3.4,1.464,187.32,0.03675642992896311
2007-01-05,755.0,760.9000244140625,747.2000122070312,749.9500122070312,443.9130859375,910475,HEROMOTOCO,Consumer Cyclical,Auto Manufacturers,N/A,EQUITY,0.0207,3.4,1.464,187.32,0.01833513381051084
2007-01-08,750.5999755859375,752.0,731.0999755859375,733.7000122070312,434.2944641113281,257308,HEROMOTOCO,Consumer Cyclical,Auto Manufacturers,N/A,EQUITY,0.0207,3.4,1.464,187.32,0.028587094941854223
2007-01-09,736.0,739.9000244140625,728.0,730.2999877929688,432.2817687988281,330129,HEROMOTOCO,Consumer Cyclical,Auto Manufacturers,N/A,EQUITY,0.0207,3.4,1.464,187.32,0.016346187381953984
2007-01-10,738.0,743.0,725.0,730.0999755859375,432.16351318359375,343318,HEROMOTOCO,Consumer Cyclical,Auto Manufacturers,N/A,EQUITY,0.0207,3.4,1.464,187.32,0.02482758620689655
2007-01-11,740.0,740.0,721.0,733.0499877929688,433.9096374511719,555307,HEROMOTOCO,Consumer Cyclical,Auto Manufacturers,N/A,EQUITY,0.0207,3.4,1.464,187.32,0.026352288488210817
2007-01-12,741.0,747.7999877929688,737.0999755859375,743.1500244140625,439.8880920410156,280872,HEROMOTOCO,Consumer Cyclical,Auto Manufacturers,N/A,EQUITY,0.0207,3.4,1.464,187.32,0.014516364891377954
2007-01-15,747.0,750.0,732.0,734.0999755859375,434.5312194824219,305765,HEROMOTOCO,Consumer Cyclical,Auto Manufacturers,N/A,EQUITY,0.0207,3.4,1.464,187.32,0.02459016393442623
2007-01-16,736.0,739.9000244140625,724.5,726.5499877929688,430.0621337890625,372430,HEROMOTOCO,Consumer Cyclical,Auto Manufacturers,N/A,EQUITY,0.0207,3.4,1.464,187.32,0.021256072345151828
2007-01-17,732.7999877929688,739.7000122070312,725.0,728.8499755859375,431.4234313964844,215968,HEROMOTOCO,Consumer Cyclical,Auto Manufacturers,N/A,EQUITY,0.0207,3.4,1.464,187.32,0.02027587890625
2007-01-18,735.7999877929688,735.9000244140625,727.1500244140625,730.2999877929688,432.2817687988281,162986,HEROMOTOCO,Consumer Cyclical,Auto Manufacturers,N/A,EQUITY,0.0207,3.4,1.464,187.32,0.012033280212086564
2007-01-19,731.0,738.4000244140625,725.0499877929688,729.8499755859375,432.0155944824219,424013,HEROMOTOCO,Consumer Cyclical,Auto Manufacturers,N/A,EQUITY,0.0207,3.4,1.464,187.32,0.01841257409262343
2007-01-22,734.7999877929688,734.7999877929688,720.0999755859375,724.3499755859375,428.7598876953125,119743,HEROMOTOCO,Consumer Cyclical,Auto Manufacturers,N/A,EQUITY,0.0207,3.4,1.464,187.32,0.020413849056264737
2007-01-23,725.0,726.0,715.0,717.0999755859375,424.4684753417969,609502,HEROMOTOCO,Consumer Cyclical,Auto Manufacturers,N/A,EQUITY,0.0207,3.4,1.464,187.32,0.015384615384615385
2007-01-24,718.0,722.5,715.0,719.25,425.740966796875,227568,HEROMOTOCO,Consumer Cyclical,Auto Manufacturers,N/A,EQUITY,0.0207,3.4,1.464,187.32,0.01048951048951049
2007-01-25,717.0,721.5,714.0499877929688,717.0,424.409423828125,584368,HEROMOTOCO,Consumer Cyclical,Auto Manufacturers,N/A,EQUITY,0.0207,3.4,1.464,187.32,0.010433460310052274
2007-01-29,718.0,720.0,715.0,716.0499877929688,423.8469543457031,241008,HEROMOTOCO,Consumer Cyclical,Auto Manufacturers,N/A,EQUITY,0.0207,3.4,1.464,187.32,0.006993006993006993
2007-01-31,716.0,728.0,703.0,716.2999877929688,423.994873046875,958492,HEROMOTOCO,Consumer Cyclical,Auto Manufacturers,N/A,EQUITY,0.0207,3.4,1.464,187.32,0.03556187766714083
2007-02-01,710.4000244140625,728.9500122070312,709.1500244140625,725.7000122070312,429.5589599609375,296607,HEROMOTOCO,Consumer Cyclical,Auto Manufacturers,N/A,EQUITY,0.0207,3.4,1.464,187.32,0.027920732019051334
2007-02-02,731.9500122070312,734.7999877929688,715.0,716.25,423.9654235839844,300393,HEROMOTOCO,Consumer Cyclical,Auto Manufacturers,N/A,EQUITY,0.0207,3.4,1.464,187.32,0.027692290619536715
2007-02-05,722.9000244140625,737.7000122070312,710.0499877929688,731.3499755859375,432.90350341796875,306162,HEROMOTOCO,Consumer Cyclical,Auto Manufacturers,N/A,EQUITY,0.0207,3.4,1.464,187.32,0.03894095470659242
2007-02-06,732.0,735.0,717.0,719.5499877929688,425.9186706542969,168054,HEROMOTOCO,Consumer Cyclical,Auto Manufacturers,N/A,EQUITY,0.0207,3.4,1.464,187.32,0.02510460251046025
2007-02-07,728.0,744.2999877929688,715.0,738.9500122070312,437.4019775390625,562069,HEROMOTOCO,Consumer Cyclical,Auto Manufacturers,N/A,EQUITY,0.0207,3.4,1.464,187.32,0.04097900390625
2007-02-08,731.5999755859375,737.0,726.0,728.1500244140625,431.00927734375,232097,HEROMOTOCO,Consumer Cyclical,Auto Manufacturers,N/A,EQUITY,0.0207,3.4,1.464,187.32,0.015151515151515152
2007-02-09,729.5,733.0,722.0,726.0999755859375,429.7957458496094,385903,HEROMOTOCO,Consumer Cyclical,Auto Manufacturers,N/A,EQUITY,0.0207,3.4,1.464,187.32,0.015235457063711912
2007-02-12,726.0999755859375,736.5,716.0,733.25,434.0281066894531,211560,HEROMOTOCO,Consumer Cyclical,Auto Manufacturers,N/A,EQUITY,0.0207,3.4,1.464,187.32,0.02863128491620112
2007-02-13,725.9500122070312,729.0,715.0,720.3499755859375,426.3921813964844,175550,HEROMOTOCO,Consumer Cyclical,Auto Manufacturers,N/A,EQUITY,0.0207,3.4,1.464,187.32,0.019580419580419582
2007-02-14,716.2999877929688,719.7999877929688,703.0,711.5499877929688,421.1832580566406,336224,HEROMOTOCO,Consumer Cyclical,Auto Manufacturers,N/A,EQUITY,0.0207,3.4,1.464,187.32,0.023897564428120556
2007-02-15,725.0,754.0,706.0,745.5,441.279052734375,225338,HEROMOTOCO,Consumer Cyclical,Auto Manufacturers,N/A,EQUITY,0.0207,3.4,1.464,187.32,0.0679886685552408
2007-02-19,740.0,753.7000122070312,715.0,717.25,424.55731201171875,299267,HEROMOTOCO,Consumer Cyclical,Auto Manufacturers,N/A,EQUITY,0.0207,3.4,1.464,187.32,0.0541258911986451
2007-02-20,730.0,730.0,715.0499877929688,718.4500122070312,425.2676086425781,107731,HEROMOTOCO,Consumer Cyclical,Auto Manufacturers,N/A,EQUITY,0.0207,3.4,1.464,187.32,0.020907646265647915
2007-02-21,724.0,748.2000122070312,715.0499877929688,740.4500122070312,438.2899169921875,309537,HEROMOTOCO,Consumer Cyclical,Auto Manufacturers,N/A,EQUITY,0.0207,3.4,1.464,187.32,0.0463604293126155
2007-02-22,700.0,742.7999877929688,684.9500122070312,715.5,423.5213928222656,397339,HEROMOTOCO,Consumer Cyclical,Auto Manufacturers,N/A,EQUITY,0.0207,3.4,1.464,187.32,0.0844586824657971
2007-02-23,714.7000122070312,714.7999877929688,702.5,706.2999877929688,418.07574462890625,321995,HEROMOTOCO,Consumer Cyclical,Auto Manufacturers,N/A,EQUITY,0.0207,3.4,1.464,187.32,0.017508879420596084
2007-02-26,702.0,709.9500122070312,693.0,698.9500122070312,413.7250671386719,361896,HEROMOTOCO,Consumer Cyclical,Auto Manufacturers,N/A,EQUITY,0.0207,3.4,1.464,187.32,0.024458892073638168
2007-02-27,695.0499877929688,704.0,675.0,687.2000122070312,406.77001953125,378715,HEROMOTOCO,Consumer Cyclical,Auto Manufacturers,N/A,EQUITY,0.0207,3.4,1.464,187.32,0.04296296296296296
2007-02-28,669.9500122070312,699.0,636.0,677.75,401.1764221191406,421589,HEROMOTOCO,Consumer Cyclical,Auto Manufacturers,N/A,EQUITY,0.0207,3.4,1.464,187.32,0.09905660377358491
2007-03-01,658.2999877929688,671.0,650.0,668.25,395.552978515625,143635,HEROMOTOCO,Consumer Cyclical,Auto Manufacturers,N/A,EQUITY,0.0207,3.4,1.464,187.32,0.03230769230769231
2007-03-02,662.0999755859375,705.0,662.0999755859375,692.75,410.05511474609375,316637,HEROMOTOCO,Consumer Cyclical,Auto Manufacturers,N/A,EQUITY,0.0207,3.4,1.464,187.32,0.06479387705172068
2007-03-05,681.0999755859375,703.5,611.0,684.9500122070312,405.4382629394531,588890,HEROMOTOCO,Consumer Cyclical,Auto Manufacturers,N/A,EQUITY,0.0207,3.4,1.464,187.32,0.1513911620294599
2007-03-06,686.0,697.0,660.25,667.2000122070312,394.9315185546875,537950,HEROMOTOCO,Consumer Cyclical,Auto Manufacturers,N/A,EQUITY,0.0207,3.4,1.464,187.32,0.05566073457023855
2007-03-07,675.0,677.9500122070312,661.1500244140625,666.75,394.66510009765625,310219,HEROMOTOCO,Consumer Cyclical,Auto Manufacturers,N/A,EQUITY,0.0207,3.4,1.464,187.32,0.02541025058247191
2007-03-08,660.0499877929688,674.7999877929688,656.0,668.3499755859375,395.6120910644531,251507,HEROMOTOCO,Consumer Cyclical,Auto Manufacturers,N/A,EQUITY,0.0207,3.4,1.464,187.32,0.02865851797708651
2007-03-09,670.0,701.4000244140625,665.0,691.4000244140625,409.256103515625,267284,HEROMOTOCO,Consumer Cyclical,Auto Manufacturers,N/A,EQUITY,0.0207,3.4,1.464,187.32,0.0547368788181391
2007-03-12,691.0,705.0,670.0499877929688,698.7999877929688,413.63629150390625,148475,HEROMOTOCO,Consumer Cyclical,Auto Manufacturers,N/A,EQUITY,0.0207,3.4,1.464,187.32,0.05216030571413138
2007-03-13,707.5,707.5,693.0999755859375,697.8499755859375,413.0738830566406,83881,HEROMOTOCO,Consumer Cyclical,Auto Manufacturers,N/A,EQUITY,0.0207,3.4,1.464,187.32,0.020776258723554146
2007-03-14,684.5,695.0,660.0,677.2000122070312,400.8507995605469,166038,HEROMOTOCO,Consumer Cyclical,Auto Manufacturers,N/A,EQUITY,0.0207,3.4,1.464,187.32,0.05303030303030303
2007-03-15,680.0,686.0,660.0499877929688,673.2999877929688,398.542236328125,107495,HEROMOTOCO,Consumer Cyclical,Auto Manufacturers,N/A,EQUITY,0.0207,3.4,1.464,187.32,0.039315222614882815
2007-03-16,685.0,685.0,645.0,650.2000122070312,384.868896484375,145338,HEROMOTOCO,Consumer Cyclical,Auto Manufacturers,N/A,EQUITY,0.0207,3.4,1.464,187.32,0.06201550387596899
2007-03-19,655.0,662.0,637.0,640.3499755859375,379.0382995605469,178356,HEROMOTOCO,Consumer Cyclical,Auto Manufacturers,N/A,EQUITY,0.0207,3.4,1.464,187.32,0.03924646781789639
2007-03-20,647.0,652.7999877929688,627.0499877929688,635.75,376.31549072265625,290273,HEROMOTOCO,Consumer Cyclical,Auto Manufacturers,N/A,EQUITY,0.0207,3.4,1.464,187.32,0.04106530659642051
2007-03-21,639.9000244140625,653.0,630.0499877929688,651.0999755859375,385.4015808105469,357999,HEROMOTOCO,Consumer Cyclical,Auto Manufacturers,N/A,EQUITY,0.0207,3.4,1.464,187.32,0.03642570058198701
2007-03-22,656.9000244140625,694.5,656.9000244140625,685.25,405.6157531738281,238050,HEROMOTOCO,Consumer Cyclical,Auto Manufacturers,N/A,EQUITY,0.0207,3.4,1.464,187.32,0.057238505386684506
2007-03-23,685.0,690.0,670.4000244140625,677.8499755859375,401.2354431152344,253816,HEROMOTOCO,Consumer Cyclical,Auto Manufacturers,N/A,EQUITY,0.0207,3.4,1.464,187.32,0.0292362393677836
2007-03-26,680.0,687.0,655.25,667.4000244140625,395.0498352050781,257631,HEROMOTOCO,Consumer Cyclical,Auto Manufacturers,N/A,EQUITY,0.0207,3.4,1.464,187.32,0.04845478824876002
2007-03-28,640.7000122070312,666.0,640.7000122070312,658.2000122070312,389.6041259765625,163032,HEROMOTOCO,Consumer Cyclical,Auto Manufacturers,N/A,EQUITY,0.0207,3.4,1.464,187.32,0.039488040129447496
2007-03-29,652.0999755859375,689.0,652.0999755859375,676.5999755859375,400.4955749511719,760534,HEROMOTOCO,Consumer Cyclical,Auto Manufacturers,N/A,EQUITY,0.0207,3.4,1.464,187.32,0.056586452684508036
2007-03-30,674.7999877929688,699.5,661.2000122070312,688.75,407.6874694824219,524461,HEROMOTOCO,Consumer Cyclical,Auto Manufacturers,N/A,EQUITY,0.0207,3.4,1.464,187.32,0.057924965344641394
2007-04-02,660.0499877929688,669.2000122070312,632.1500244140625,639.5,378.53533935546875,154539,HEROMOTOCO,Consumer Cyclical,Auto Manufacturers,N/A,EQUITY,0.0207,3.4,1.464,187.32,0.058609485663328485
2007-04-03,640.0499877929688,664.7999877929688,638.0,657.8499755859375,389.3970031738281,373429,HEROMOTOCO,Consumer Cyclical,Auto Manufacturers,N/A,EQUITY,0.0207,3.4,1.464,187.32,0.04200625045919867
2007-04-04,672.0,672.0,637.0,639.2999877929688,378.4168701171875,157340,HEROMOTOCO,Consumer Cyclical,Auto Manufacturers,N/A,EQUITY,0.0207,3.4,1.464,187.32,0.054945054945054944
2007-04-05,640.0,647.0,629.9000244140625,632.5999755859375,374.45086669921875,138522,HEROMOTOCO,Consumer Cyclical,Auto Manufacturers,N/A,EQUITY,0.0207,3.4,1.464,187.32,0.027147126406042006
2007-04-09,639.7999877929688,645.0,636.0,638.9000244140625,378.1800842285156,71872,HEROMOTOCO,Consumer Cyclical,Auto Manufacturers,N/A,EQUITY,0.0207,3.4,1.464,187.32,0.014150943396226415
2007-04-10,642.0,645.0,638.0999755859375,640.0999755859375,378.8902893066406,97479,HEROMOTOCO,Consumer Cyclical,Auto Manufacturers,N/A,EQUITY,0.0207,3.4,1.464,187.32,0.010813390813448204
2007-04-11,638.4000244140625,646.0,635.0499877929688,640.0999755859375,378.8902893066406,58745,HEROMOTOCO,Consumer Cyclical,Auto Manufacturers,N/A,EQUITY,0.0207,3.4,1.464,187.32,0.01724275634597924
2007-04-12,640.0,641.0,620.9000244140625,629.2999877929688,372.49749755859375,238021,HEROMOTOCO,Consumer Cyclical,Auto Manufacturers,N/A,EQUITY,0.0207,3.4,1.464,187.32,0.03237232210597134
2007-04-13,625.0,654.0,621.0999755859375,647.5499877929688,383.3001708984375,373386,HEROMOTOCO,Consumer Cyclical,Auto Manufacturers,N/A,EQUITY,0.0207,3.4,1.464,187.32,0.052970577535484606
2007-04-16,647.0,657.5,646.1500244140625,650.2999877929688,384.9280090332031,159082,HEROMOTOCO,Consumer Cyclical,Auto Manufacturers,N/A,EQUITY,0.0207,3.4,1.464,187.32,0.017565542299916817
2007-04-17,653.5,656.9500122070312,647.0,649.9000244140625,384.69122314453125,127379,HEROMOTOCO,Consumer Cyclical,Auto Manufacturers,N/A,EQUITY,0.0207,3.4,1.464,187.32,0.015378689655380603
2007-04-18,642.0,661.5,642.0,652.9500122070312,386.4966735839844,396394,HEROMOTOCO,Consumer Cyclical,Auto Manufacturers,N/A,EQUITY,0.0207,3.4,1.464,187.32,0.030373831775700934
2007-04-19,649.0,660.0,625.0,657.1500244140625,388.9827575683594,110784,HEROMOTOCO,Consumer Cyclical,Auto Manufacturers,N/A,EQUITY,0.0207,3.4,1.464,187.32,0.056
2007-04-20,642.0,662.0,642.0,650.25,384.8984375,168934,HEROMOTOCO,Consumer Cyclical,Auto Manufacturers,N/A,EQUITY,0.0207,3.4,1.464,187.32,0.03115264797507788
2007-04-23,660.0,660.0,638.0,655.5999755859375,388.0652160644531,214997,HEROMOTOCO,Consumer Cyclical,Auto Manufacturers,N/A,EQUITY,0.0207,3.4,1.464,187.32,0.034482758620689655
2007-04-24,650.0,668.5499877929688,650.0,665.9500122070312,394.1915283203125,301200,HEROMOTOCO,Consumer Cyclical,Auto Manufacturers,N/A,EQUITY,0.0207,3.4,1.464,187.32,0.02853844275841346
2007-04-25,661.0,700.0,656.0499877929688,694.25,410.9430236816406,335022,HEROMOTOCO,Consumer Cyclical,Auto Manufacturers,N/A,EQUITY,0.0207,3.4,1.464,187.32,0.06699186498712452
2007-04-26,697.9000244140625,699.0,664.0499877929688,681.1500244140625,403.1888732910156,423455,HEROMOTOCO,Consumer Cyclical,Auto Manufacturers,N/A,EQUITY,0.0207,3.4,1.464,187.32,0.05263159829757822
2007-04-27,683.0,683.0,666.0,667.4000244140625,395.0498352050781,170142,HEROMOTOCO,Consumer Cyclical,Auto Manufacturers,N/A,EQUITY,0.0207,3.4,1.464,187.32,0.025525525525525526
2007-04-30,669.7000122070312,699.0,650.0499877929688,691.2999877929688,409.19677734375,194985,HEROMOTOCO,Consumer Cyclical,Auto Manufacturers,N/A,EQUITY,0.0207,3.4,1.464,187.32,0.07530192004652587
2007-05-03,695.2000122070312,710.0,691.0,704.2999877929688,416.8917541503906,291016,HEROMOTOCO,Consumer Cyclical,Auto Manufacturers,N/A,EQUITY,0.0207,3.4,1.464,187.32,0.027496382054992764
2007-05-04,704.5,718.0,686.5,699.4500122070312,414.02099609375,196045,HEROMOTOCO,Consumer Cyclical,Auto Manufacturers,N/A,EQUITY,0.0207,3.4,1.464,187.32,0.045884923525127456
2007-05-07,704.4500122070312,714.0,690.0,706.0499877929688,417.92767333984375,162653,HEROMOTOCO,Consumer Cyclical,Auto Manufacturers,N/A,EQUITY,0.0207,3.4,1.464,187.32,0.034782608695652174
2007-05-08,711.0,711.0,668.0,679.7000122070312,402.33038330078125,703357,HEROMOTOCO,Consumer Cyclical,Auto Manufacturers,N/A,EQUITY,0.0207,3.4,1.464,187.32,0.06437125748502993
2007-05-09,679.0,704.9000244140625,670.0,700.1500244140625,414.435302734375,186008,HEROMOTOCO,Consumer Cyclical,Auto Manufacturers,N/A,EQUITY,0.0207,3.4,1.464,187.32,0.052089588677705224
2007-05-10,702.0,718.0,680.0499877929688,706.9500122070312,418.46051025390625,262691,HEROMOTOCO,Consumer Cyclical,Auto Manufacturers,N/A,EQUITY,0.0207,3.4,1.464,187.32,0.05580473919306146
2007-05-11,685.5499877929688,705.0,660.0499877929688,704.7999877929688,417.18768310546875,422375,HEROMOTOCO,Consumer Cyclical,Auto Manufacturers,N/A,EQUITY,0.0207,3.4,1.464,187.32,0.06810092120042621
2007-05-14,700.0,700.0,684.5,688.0999755859375,407.30267333984375,193798,HEROMOTOCO,Consumer Cyclical,Auto Manufacturers,N/A,EQUITY,0.0207,3.4,1.464,187.32,0.022644265887509132
2007-05-15,693.4500122070312,700.0,673.0,697.5999755859375,412.926025390625,202668,HEROMOTOCO,Consumer Cyclical,Auto Manufacturers,N/A,EQUITY,0.0207,3.4,1.464,187.32,0.04011887072808321
2007-05-16,699.0,703.0,670.0,677.8499755859375,401.2354431152344,284796,HEROMOTOCO,Consumer Cyclical,Auto Manufacturers,N/A,EQUITY,0.0207,3.4,1.464,187.32,0.049253731343283584
2007-05-17,686.0,688.2000122070312,674.0,678.2999877929688,401.50177001953125,126041,HEROMOTOCO,Consumer Cyclical,Auto Manufacturers,N/A,EQUITY,0.0207,3.4,1.464,187.32,0.021068267369482568
2007-05-18,685.0,690.0,662.7000122070312,685.5499877929688,405.7933349609375,110222,HEROMOTOCO,Consumer Cyclical,Auto Manufacturers,N/A,EQUITY,0.0207,3.4,1.464,187.32,0.041195091730947604
2007-05-21,683.0999755859375,694.0,672.0,681.8499755859375,403.6033020019531,54876,HEROMOTOCO,Consumer Cyclical,Auto Manufacturers,N/A,EQUITY,0.0207,3.4,1.464,187.32,0.03273809523809524
2007-05-22,668.0,693.3499755859375,647.7999877929688,689.9500122070312,408.3977355957031,123080,HEROMOTOCO,Consumer Cyclical,Auto Manufacturers,N/A,EQUITY,0.0207,3.4,1.464,187.32,0.07031489449105413
2007-05-23,699.9000244140625,699.9000244140625,679.0,690.2000122070312,408.5457458496094,207720,HEROMOTOCO,Consumer Cyclical,Auto Manufacturers,N/A,EQUITY,0.0207,3.4,1.464,187.32,0.030780595602448453
2007-05-24,694.0,694.9000244140625,671.1500244140625,674.8499755859375,399.4595947265625,96982,HEROMOTOCO,Consumer Cyclical,Auto Manufacturers,N/A,EQUITY,0.0207,3.4,1.464,187.32,0.03538702098794466
2007-05-25,670.0,682.5,648.2000122070312,679.2000122070312,402.03460693359375,187710,HEROMOTOCO,Consumer Cyclical,Auto Manufacturers,N/A,EQUITY,0.0207,3.4,1.464,187.32,0.05291574690994226
2007-05-28,673.0,688.0,673.0,682.25,403.8399353027344,246566,HEROMOTOCO,Consumer Cyclical,Auto Manufacturers,N/A,EQUITY,0.0207,3.4,1.464,187.32,0.022288261515601784
2007-05-29,690.0,692.5,676.0,688.6500244140625,407.6282653808594,73340,HEROMOTOCO,Consumer Cyclical,Auto Manufacturers,N/A,EQUITY,0.0207,3.4,1.464,187.32,0.02440828402366864
2007-05-30,689.0,699.9000244140625,680.25,697.25,412.7187805175781,192060,HEROMOTOCO,Consumer Cyclical,Auto Manufacturers,N/A,EQUITY,0.0207,3.4,1.464,187.32,0.028886474699099596
2007-05-31,700.0,742.7999877929688,675.0,732.4000244140625,433.52508544921875,1082189,HEROMOTOCO,Consumer Cyclical,Auto Manufacturers,N/A,EQUITY,0.0207,3.4,1.464,187.32,0.10044442635995371
2007-06-01,744.0,744.8499755859375,712.5499877929688,716.6500244140625,424.20208740234375,287935,HEROMOTOCO,Consumer Cyclical,Auto Manufacturers,N/A,EQUITY,0.0207,3.4,1.464,187.32,0.04533013591511492
2007-06-04,701.5999755859375,726.9000244140625,701.25,712.5,421.74560546875,200314,HEROMOTOCO,Consumer Cyclical,Auto Manufacturers,N/A,EQUITY,0.0207,3.4,1.464,187.32,0.03657757492201426
2007-06-05,714.0,719.9000244140625,704.0,716.0999755859375,423.87652587890625,55387,HEROMOTOCO,Consumer Cyclical,Auto Manufacturers,N/A,EQUITY,0.0207,3.4,1.464,187.32,0.022585261951793324
2007-06-06,710.0,720.0,702.5,716.3499755859375,424.0245361328125,184968,HEROMOTOCO,Consumer Cyclical,Auto Manufacturers,N/A,EQUITY,0.0207,3.4,1.464,187.32,0.02491103202846975
2007-06-07,703.0,709.9000244140625,688.0,701.2000122070312,415.05694580078125,154477,HEROMOTOCO,Consumer Cyclical,Auto Manufacturers,N/A,EQUITY,0.0207,3.4,1.464,187.32,0.031831430834393167
2007-06-08,690.0,696.7999877929688,670.0,684.5999755859375,405.2310485839844,238834,HEROMOTOCO,Consumer Cyclical,Auto Manufacturers,N/A,EQUITY,0.0207,3.4,1.464,187.32,0.03999998178055037
2007-06-11,698.7999877929688,705.9000244140625,675.2999877929688,698.5999755859375,413.51800537109375,465804,HEROMOTOCO,Consumer Cyclical,Auto Manufacturers,N/A,EQUITY,0.0207,3.4,1.464,187.32,0.04531324918441285
2007-06-12,710.0,710.0,680.0,704.5,417.01019287109375,237368,HEROMOTOCO,Consumer Cyclical,Auto Manufacturers,N/A,EQUITY,0.0207,3.4,1.464,187.32,0.04411764705882353
2007-06-13,734.0,734.0,690.5,694.7000122070312,411.20947265625,197153,HEROMOTOCO,Consumer Cyclical,Auto Manufacturers,N/A,EQUITY,0.0207,3.4,1.464,187.32,0.06299782766111513
2007-06-14,700.0,700.0,674.5,682.9500122070312,404.25433349609375,490053,HEROMOTOCO,Consumer Cyclical,Auto Manufacturers,N/A,EQUITY,0.0207,3.4,1.464,187.32,0.03780578206078577
2007-06-15,693.5,693.5,677.1500244140625,680.0499877929688,402.5377197265625,137007,HEROMOTOCO,Consumer Cyclical,Auto Manufacturers,N/A,EQUITY,0.0207,3.4,1.464,187.32,0.024145277998158715
2007-06-18,686.7999877929688,687.0,653.0,654.3499755859375,387.3251953125,266220,HEROMOTOCO,Consumer Cyclical,Auto Manufacturers,N/A,EQUITY,0.0207,3.4,1.464,187.32,0.05206738131699847
2007-06-19,659.0,669.9000244140625,650.0,666.0999755859375,394.2803039550781,153965,HEROMOTOCO,Consumer Cyclical,Auto Manufacturers,N/A,EQUITY,0.0207,3.4,1.464,187.32,0.03061542217548077
2007-06-20,674.5,678.0,665.0,669.4000244140625,396.2337646484375,91733,HEROMOTOCO,Consumer Cyclical,Auto Manufacturers,N/A,EQUITY,0.0207,3.4,1.464,187.32,0.019548872180451128
2007-06-21,669.4000244140625,679.9000244140625,658.0,663.0999755859375,392.5046691894531,167009,HEROMOTOCO,Consumer Cyclical,Auto Manufacturers,N/A,EQUITY,0.0207,3.4,1.464,187.32,0.03328271187547492
2007-06-22,663.0,672.0,652.0,668.4000244140625,395.641845703125,126141,HEROMOTOCO,Consumer Cyclical,Auto Manufacturers,N/A,EQUITY,0.0207,3.4,1.464,187.32,0.03067484662576687
2007-06-25,665.0,675.0,660.0499877929688,670.4000244140625,396.8257141113281,78876,HEROMOTOCO,Consumer Cyclical,Auto Manufacturers,N/A,EQUITY,0.0207,3.4,1.464,187.32,0.022649818170620842
2007-06-26,669.0999755859375,672.9500122070312,661.0,670.1500244140625,396.6776428222656,95724,HEROMOTOCO,Consumer Cyclical,Auto Manufacturers,N/A,EQUITY,0.0207,3.4,1.464,187.32,0.018078687151333206
2007-06-27,672.1500244140625,682.0,665.25,676.7000122070312,400.5547790527344,158184,HEROMOTOCO,Consumer Cyclical,Auto Manufacturers,N/A,EQUITY,0.0207,3.4,1.464,187.32,0.025178504321683576
2007-06-28,678.0,683.9000244140625,674.9500122070312,678.75,401.7682189941406,284345,HEROMOTOCO,Consumer Cyclical,Auto Manufacturers,N/A,EQUITY,0.0207,3.4,1.464,187.32,0.013260259345377954
2007-06-29,680.0,701.0,670.0999755859375,692.5999755859375,409.96630859375,277118,HEROMOTOCO,Consumer Cyclical,Auto Manufacturers,N/A,EQUITY,0.0207,3.4,1.464,187.32,0.046112558632827025
2007-07-02,683.0999755859375,695.9500122070312,670.0,691.7999877929688,409.4928283691406,298290,HEROMOTOCO,Consumer Cyclical,Auto Manufacturers,N/A,EQUITY,0.0207,3.4,1.464,187.32,0.03873136150303172
2007-07-03,690.0999755859375,730.0,686.0,689.25,407.9833679199219,103368,HEROMOTOCO,Consumer Cyclical,Auto Manufacturers,N/A,EQUITY,0.0207,3.4,1.464,187.32,0.0641399416909621
2007-07-04,690.0,690.0,682.0,685.4500122070312,405.7341003417969,43888,HEROMOTOCO,Consumer Cyclical,Auto Manufacturers,N/A,EQUITY,0.0207,3.4,1.464,187.32,0.011730205278592375
2007-07-05,685.0499877929688,690.0,676.0,688.1500244140625,407.332275390625,57911,HEROMOTOCO,Consumer Cyclical,Auto Manufacturers,N/A,EQUITY,0.0207,3.4,1.464,187.32,0.020710059171597635
2007-07-06,666.0,701.7000122070312,666.0,699.2999877929688,413.9324035644531,231737,HEROMOTOCO,Consumer Cyclical,Auto Manufacturers,N/A,EQUITY,0.0207,3.4,1.464,187.32,0.053603621932479355
2007-07-09,700.0,704.0,685.0999755859375,687.7000122070312,407.06591796875,87003,HEROMOTOCO,Consumer Cyclical,Auto Manufacturers,N/A,EQUITY,0.0207,3.4,1.464,187.32,0.027587250164325425
2007-07-10,677.25,677.25,666.0499877929688,670.4500122070312,406.9141845703125,145345,HEROMOTOCO,Consumer Cyclical,Auto Manufacturers,N/A,EQUITY,0.0207,3.4,1.464,187.32,0.016815573023495945
2007-07-11,671.0,679.5,655.0999755859375,669.7000122070312,406.4590148925781,222773,HEROMOTOCO,Consumer Cyclical,Auto Manufacturers,N/A,EQUITY,0.0207,3.4,1.464,187.32,0.037246260606617364
2007-07-12,675.0,680.0,670.0,673.4000244140625,408.7046203613281,177502,HEROMOTOCO,Consumer Cyclical,Auto Manufacturers,N/A,EQUITY,0.0207,3.4,1.464,187.32,0.014925373134328358
2007-07-13,679.9500122070312,684.3499755859375,675.0,678.7999877929688,411.9819030761719,198384,HEROMOTOCO,Consumer Cyclical,Auto Manufacturers,N/A,EQUITY,0.0207,3.4,1.464,187.32,0.01385181568287037
2007-07-16,682.0,690.0,670.2999877929688,685.2000122070312,415.8663635253906,253144,HEROMOTOCO,Consumer Cyclical,Auto Manufacturers,N/A,EQUITY,0.0207,3.4,1.464,187.32,0.029389844197812914
2007-07-17,689.0,710.0,687.0499877929688,700.0499877929688,424.8793029785156,909068,HEROMOTOCO,Consumer Cyclical,Auto Manufacturers,N/A,EQUITY,0.0207,3.4,1.464,187.32,0.03340370077111021
2007-07-18,702.0,726.7000122070312,690.0,719.0999755859375,436.4411315917969,311362,HEROMOTOCO,Consumer Cyclical,Auto Manufacturers,N/A,EQUITY,0.0207,3.4,1.464,187.32,0.053188423488451084
2007-07-19,718.0999755859375,718.0999755859375,684.0,694.0999755859375,421.2679443359375,293109,HEROMOTOCO,Consumer Cyclical,Auto Manufacturers,N/A,EQUITY,0.0207,3.4,1.464,187.32,0.04985376547651681
2007-07-20,698.0,700.0,675.0,684.0999755859375,415.19879150390625,152711,HEROMOTOCO,Consumer Cyclical,Auto Manufacturers,N/A,EQUITY,0.0207,3.4,1.464,187.32,0.037037037037037035
2007-07-23,678.0,709.9500122070312,673.0,708.9500122070312,430.2809753417969,178064,HEROMOTOCO,Consumer Cyclical,Auto Manufacturers,N/A,EQUITY,0.0207,3.4,1.464,187.32,0.05490343567166605
2007-07-24,704.0,705.0,686.0999755859375,697.4000244140625,423.2708435058594,120552,HEROMOTOCO,Consumer Cyclical,Auto Manufacturers,N/A,EQUITY,0.0207,3.4,1.464,187.32,0.027547041373848842
2007-07-25,692.0999755859375,705.0,680.0,698.9000244140625,424.181396484375,129338,HEROMOTOCO,Consumer Cyclical,Auto Manufacturers,N/A,EQUITY,0.0207,3.4,1.464,187.32,0.03676470588235294
2007-07-26,698.9000244140625,720.0,688.0999755859375,716.9500122070312,435.13616943359375,231769,HEROMOTOCO,Consumer Cyclical,Auto Manufacturers,N/A,EQUITY,0.0207,3.4,1.464,187.32,0.04635957788967902
2007-07-27,693.0,695.0,671.5499877929688,683.5999755859375,414.89532470703125,54131,HEROMOTOCO,Consumer Cyclical,Auto Manufacturers,N/A,EQUITY,0.0207,3.4,1.464,187.32,0.03491923554953682
2007-07-30,673.0,691.0,662.0499877929688,685.0499877929688,415.7752685546875,107128,HEROMOTOCO,Consumer Cyclical,Auto Manufacturers,N/A,EQUITY,0.0207,3.4,1.464,187.32,0.04372783436419952
2007-07-31,685.0,704.0,670.0,674.0499877929688,409.0990905761719,72757,HEROMOTOCO,Consumer Cyclical,Auto Manufacturers,N/A,EQUITY,0.0207,3.4,1.464,187.32,0.050746268656716415
2007-08-01,670.0,675.0,655.0,668.25,405.5789794921875,212153,HEROMOTOCO,Consumer Cyclical,Auto Manufacturers,N/A,EQUITY,0.0207,3.4,1.464,187.32,0.030534351145038167
2007-08-02,660.0,675.0,624.7999877929688,652.25,395.8680114746094,354942,HEROMOTOCO,Consumer Cyclical,Auto Manufacturers,N/A,EQUITY,0.0207,3.4,1.464,187.32,0.08034573173465766
2007-08-03,659.8499755859375,664.0,645.0499877929688,655.4500122070312,397.81024169921875,194290,HEROMOTOCO,Consumer Cyclical,Auto Manufacturers,N/A,EQUITY,0.0207,3.4,1.464,187.32,0.029377587110525346
2007-08-06,655.4500122070312,655.4500122070312,636.0,649.4500122070312,394.1687927246094,91600,HEROMOTOCO,Consumer Cyclical,Auto Manufacturers,N/A,EQUITY,0.0207,3.4,1.464,187.32,0.03058178019973467
2007-08-07,651.0,659.0,646.2000122070312,654.2999877929688,397.1122741699219,124281,HEROMOTOCO,Consumer Cyclical,Auto Manufacturers,N/A,EQUITY,0.0207,3.4,1.464,187.32,0.019808089679930023
2007-08-08,654.2999877929688,683.0,640.0499877929688,679.0,412.1033935546875,172524,HEROMOTOCO,Consumer Cyclical,Auto Manufacturers,N/A,EQUITY,0.0207,3.4,1.464,187.32,0.06710415284145572
2007-08-09,675.0,684.0,675.0,679.5999755859375,412.46759033203125,219978,HEROMOTOCO,Consumer Cyclical,Auto Manufacturers,N/A,EQUITY,0.0207,3.4,1.464,187.32,0.013333333333333334
2007-08-10,665.0,675.0,645.0499877929688,656.9500122070312,398.720703125,146826,HEROMOTOCO,Consumer Cyclical,Auto Manufacturers,N/A,EQUITY,0.0207,3.4,1.464,187.32,0.04643052906566959
2007-08-13,679.0,679.0,654.3499755859375,659.9000244140625,400.5110778808594,91680,HEROMOTOCO,Consumer Cyclical,Auto Manufacturers,N/A,EQUITY,0.0207,3.4,1.464,187.32,0.037671009908710765
2007-08-14,668.8499755859375,668.8499755859375,648.5,652.25,395.8680114746094,58259,HEROMOTOCO,Consumer Cyclical,Auto Manufacturers,N/A,EQUITY,0.0207,3.4,1.464,187.32,0.031380070294429456
2007-08-16,631.0,655.0,613.0,644.0999755859375,390.9217224121094,346606,HEROMOTOCO,Consumer Cyclical,Auto Manufacturers,N/A,EQUITY,0.0207,3.4,1.464,187.32,0.06851549755301795
2007-08-17,649.9500122070312,649.9500122070312,611.9000244140625,623.6500244140625,378.5099792480469,467625,HEROMOTOCO,Consumer Cyclical,Auto Manufacturers,N/A,EQUITY,0.0207,3.4,1.464,187.32,0.06218334086422746
2007-08-20,658.0,658.0,631.0,642.5499877929688,389.9809875488281,54855,HEROMOTOCO,Consumer Cyclical,Auto Manufacturers,N/A,EQUITY,0.0207,3.4,1.464,187.32,0.042789223454833596
2007-08-21,642.0,664.4000244140625,626.0,630.5999755859375,382.7281494140625,857904,HEROMOTOCO,Consumer Cyclical,Auto Manufacturers,N/A,EQUITY,0.0207,3.4,1.464,187.32,0.06134189203524361
2007-08-22,656.0,656.0,622.0499877929688,625.1500244140625,379.42047119140625,101438,HEROMOTOCO,Consumer Cyclical,Auto Manufacturers,N/A,EQUITY,0.0207,3.4,1.464,187.32,0.05457762699664343
2007-08-23,634.7000122070312,639.0,615.0,622.7999877929688,377.9941101074219,220943,HEROMOTOCO,Consumer Cyclical,Auto Manufacturers,N/A,EQUITY,0.0207,3.4,1.464,187.32,0.03902439024390244
2007-08-24,631.0,640.0,610.0,639.2000122070312,387.94775390625,81740,HEROMOTOCO,Consumer Cyclical,Auto Manufacturers,N/A,EQUITY,0.0207,3.4,1.464,187.32,0.04918032786885246
2007-08-27,649.0,650.0,634.5,640.9500122070312,389.0098571777344,218878,HEROMOTOCO,Consumer Cyclical,Auto Manufacturers,N/A,EQUITY,0.0207,3.4,1.464,187.32,0.02442868400315209
2007-08-28,644.0,644.7000122070312,630.0,631.25,383.1225891113281,91361,HEROMOTOCO,Consumer Cyclical,Auto Manufacturers,N/A,EQUITY,0.0207,3.4,1.464,187.32,0.023333352709573412
2007-08-29,630.0,639.9000244140625,620.0,637.7999877929688,387.0981140136719,89832,HEROMOTOCO,Consumer Cyclical,Auto Manufacturers,N/A,EQUITY,0.0207,3.4,1.464,187.32,0.03209681357106855
2007-08-30,642.9500122070312,661.0,636.2000122070312,649.9500122070312,394.47216796875,688371,HEROMOTOCO,Consumer Cyclical,Auto Manufacturers,N/A,EQUITY,0.0207,3.4,1.464,187.32,0.03898143243810309
2007-08-31,646.1500244140625,653.0,645.0,648.2000122070312,393.4100036621094,169147,HEROMOTOCO,Consumer Cyclical,Auto Manufacturers,N/A,EQUITY,0.0207,3.4,1.464,187.32,0.012403100775193798
2007-09-03,720.0,720.0,640.0499877929688,647.7000122070312,393.1065979003906,184076,HEROMOTOCO,Consumer Cyclical,Auto Manufacturers,N/A,EQUITY,0.0207,3.4,1.464,187.32,0.12491213769523883
2007-09-04,649.0,658.0,640.0499877929688,641.75,389.4953918457031,65216,HEROMOTOCO,Consumer Cyclical,Auto Manufacturers,N/A,EQUITY,0.0207,3.4,1.464,187.32,0.028044703615926606
2007-09-05,644.0499877929688,648.7999877929688,633.5,635.5,385.7019958496094,65151,HEROMOTOCO,Consumer Cyclical,Auto Manufacturers,N/A,EQUITY,0.0207,3.4,1.464,187.32,0.024151519799477113
2007-09-06,637.9500122070312,655.0,635.0,653.0499877929688,396.3536071777344,163155,HEROMOTOCO,Consumer Cyclical,Auto Manufacturers,N/A,EQUITY,0.0207,3.4,1.464,187.32,0.031496062992125984
2007-09-07,660.0,672.9500122070312,653.0,668.9500122070312,406.0038146972656,296423,HEROMOTOCO,Consumer Cyclical,Auto Manufacturers,N/A,EQUITY,0.0207,3.4,1.464,187.32,0.030551320378302067
2007-09-10,661.0,662.3499755859375,648.5,660.3499755859375,400.78411865234375,70685,HEROMOTOCO,Consumer Cyclical,Auto Manufacturers,N/A,EQUITY,0.0207,3.4,1.464,187.32,0.021356939993735544
2007-09-11,665.0,671.0,656.0999755859375,661.3499755859375,401.3912658691406,96784,HEROMOTOCO,Consumer Cyclical,Auto Manufacturers,N/A,EQUITY,0.0207,3.4,1.464,187.32,0.022709990807050197
2007-09-12,662.2999877929688,666.6500244140625,654.4000244140625,657.6500244140625,399.1454772949219,37120,HEROMOTOCO,Consumer Cyclical,Auto Manufacturers,N/A,EQUITY,0.0207,3.4,1.464,187.32,0.018719436954435356
2007-09-13,660.0,669.9000244140625,651.3499755859375,666.4000244140625,404.4560852050781,71853,HEROMOTOCO,Consumer Cyclical,Auto Manufacturers,N/A,EQUITY,0.0207,3.4,1.464,187.32,0.028479388229711466
2007-09-14,661.0,674.0,658.0,667.7000122070312,405.2452392578125,45759,HEROMOTOCO,Consumer Cyclical,Auto Manufacturers,N/A,EQUITY,0.0207,3.4,1.464,187.32,0.0243161094224924
2007-09-17,668.0,668.7999877929688,661.0,666.0499877929688,404.2437438964844,30696,HEROMOTOCO,Consumer Cyclical,Auto Manufacturers,N/A,EQUITY,0.0207,3.4,1.464,187.32,0.011800284104340015
2007-09-18,660.0,686.0,658.0499877929688,675.9000244140625,410.22198486328125,88636,HEROMOTOCO,Consumer Cyclical,Auto Manufacturers,N/A,EQUITY,0.0207,3.4,1.464,187.32,0.04247399547984597
2007-09-19,685.0,704.0,685.0,700.5,425.1523132324219,113287,HEROMOTOCO,Consumer Cyclical,Auto Manufacturers,N/A,EQUITY,0.0207,3.4,1.464,187.32,0.027737226277372264
2007-09-20,709.0,719.0,701.5999755859375,708.8499755859375,430.22015380859375,127282,HEROMOTOCO,Consumer Cyclical,Auto Manufacturers,N/A,EQUITY,0.0207,3.4,1.464,187.32,0.024800491761036568
2007-09-21,697.0,747.0,697.0,738.0,447.912109375,276771,HEROMOTOCO,Consumer Cyclical,Auto Manufacturers,N/A,EQUITY,0.0207,3.4,1.464,187.32,0.07173601147776183
2007-09-24,700.0,770.0,700.0,767.8499755859375,466.0289001464844,464389,HEROMOTOCO,Consumer Cyclical,Auto Manufacturers,N/A,EQUITY,0.0207,3.4,1.464,187.32,0.1
2007-09-25,761.0,775.0,727.0,744.5999755859375,451.9177551269531,337672,HEROMOTOCO,Consumer Cyclical,Auto Manufacturers,N/A,EQUITY,0.0207,3.4,1.464,187.32,0.06602475928473177
2007-09-26,743.4500122070312,747.0,727.9000244140625,738.2999877929688,448.09417724609375,284945,HEROMOTOCO,Consumer Cyclical,Auto Manufacturers,N/A,EQUITY,0.0207,3.4,1.464,187.32,0.026239833693249844
2007-09-27,750.0,750.0,726.0499877929688,745.0,452.1607360839844,741209,HEROMOTOCO,Consumer Cyclical,Auto Manufacturers,N/A,EQUITY,0.0207,3.4,1.464,187.32,0.03298672627188382
2007-09-28,740.0999755859375,751.0,727.0,746.8499755859375,453.2833557128906,135986,HEROMOTOCO,Consumer Cyclical,Auto Manufacturers,N/A,EQUITY,0.0207,3.4,1.464,187.32,0.033012379642365884
2007-10-01,732.0999755859375,762.0,727.5,733.6500244140625,445.27203369140625,282186,HEROMOTOCO,Consumer Cyclical,Auto Manufacturers,N/A,EQUITY,0.0207,3.4,1.464,187.32,0.04742268041237113
2007-10-03,705.0,743.9000244140625,690.0,735.6500244140625,446.4858703613281,161838,HEROMOTOCO,Consumer Cyclical,Auto Manufacturers,N/A,EQUITY,0.0207,3.4,1.464,187.32,0.07811597741168479
2007-10-04,730.0,732.9000244140625,718.0,721.75,438.049560546875,160829,HEROMOTOCO,Consumer Cyclical,Auto Manufacturers,N/A,EQUITY,0.0207,3.4,1.464,187.32,0.020752123139362814
2007-10-05,712.2999877929688,735.9000244140625,710.0,720.7999877929688,437.4730529785156,250858,HEROMOTOCO,Consumer Cyclical,Auto Manufacturers,N/A,EQUITY,0.0207,3.4,1.464,187.32,0.03647890762544014
2007-10-08,721.0,732.5,715.0499877929688,728.25,441.9945068359375,74327,HEROMOTOCO,Consumer Cyclical,Auto Manufacturers,N/A,EQUITY,0.0207,3.4,1.464,187.32,0.024403905328201504
2007-10-09,720.0,754.4000244140625,720.0,748.3499755859375,454.19378662109375,119238,HEROMOTOCO,Consumer Cyclical,Auto Manufacturers,N/A,EQUITY,0.0207,3.4,1.464,187.32,0.047777811686197914
2007-10-10,721.5999755859375,759.4500122070312,721.5999755859375,753.7999877929688,457.5015563964844,129169,HEROMOTOCO,Consumer Cyclical,Auto Manufacturers,N/A,EQUITY,0.0207,3.4,1.464,187.32,0.05245293500787553
2007-10-11,762.0,772.0,745.0,754.4000244140625,457.8656005859375,115862,HEROMOTOCO,Consumer Cyclical,Auto Manufacturers,N/A,EQUITY,0.0207,3.4,1.464,187.32,0.036241610738255034
2007-10-12,760.0,760.0,740.0499877929688,755.9500122070312,458.80645751953125,283388,HEROMOTOCO,Consumer Cyclical,Auto Manufacturers,N/A,EQUITY,0.0207,3.4,1.464,187.32,0.026957654936969375
2007-10-15,757.0,774.7000122070312,744.0,766.2000122070312,465.0274658203125,332802,HEROMOTOCO,Consumer Cyclical,Auto Manufacturers,N/A,EQUITY,0.0207,3.4,1.464,187.32,0.04126345726751512
2007-10-16,761.0,768.0,743.0,754.0999755859375,457.68359375,295543,HEROMOTOCO,Consumer Cyclical,Auto Manufacturers,N/A,EQUITY,0.0207,3.4,1.464,187.32,0.033647375504710635
2007-10-17,720.0,760.0,703.0,738.0999755859375,447.9728088378906,49872,HEROMOTOCO,Consumer Cyclical,Auto Manufacturers,N/A,EQUITY,0.0207,3.4,1.464,187.32,0.08108108108108109
2007-10-18,730.0,761.9500122070312,721.0499877929688,725.7999877929688,440.5075988769531,207003,HEROMOTOCO,Consumer Cyclical,Auto Manufacturers,N/A,EQUITY,0.0207,3.4,1.464,187.32,0.05672286957420476
2007-10-19,720.0,752.5,704.7000122070312,745.6500244140625,452.5550842285156,112174,HEROMOTOCO,Consumer Cyclical,Auto Manufacturers,N/A,EQUITY,0.0207,3.4,1.464,187.32,0.06783026389238342
2007-10-22,715.0,770.0,715.0,757.5999755859375,459.80792236328125,516713,HEROMOTOCO,Consumer Cyclical,Auto Manufacturers,N/A,EQUITY,0.0207,3.4,1.464,187.32,0.07692307692307693
2007-10-23,760.0,768.0,740.0,759.75,461.11273193359375,384741,HEROMOTOCO,Consumer Cyclical,Auto Manufacturers,N/A,EQUITY,0.0207,3.4,1.464,187.32,0.03783783783783784
2007-10-24,768.0,768.0,723.0,741.6500244140625,450.1274108886719,450541,HEROMOTOCO,Consumer Cyclical,Auto Manufacturers,N/A,EQUITY,0.0207,3.4,1.464,187.32,0.06224066390041494
2007-10-25,745.0,745.0,722.9500122070312,739.75,448.9742126464844,641969,HEROMOTOCO,Consumer Cyclical,Auto Manufacturers,N/A,EQUITY,0.0207,3.4,1.464,187.32,0.03050001718051606
2007-10-26,759.0,759.0,729.0,738.6500244140625,448.30670166015625,87979,HEROMOTOCO,Consumer Cyclical,Auto Manufacturers,N/A,EQUITY,0.0207,3.4,1.464,187.32,0.0411522633744856
2007-10-29,748.0,750.0,739.0,744.2000122070312,451.6750183105469,61596,HEROMOTOCO,Consumer Cyclical,Auto Manufacturers,N/A,EQUITY,0.0207,3.4,1.464,187.32,0.014884979702300407
2007-10-30,750.0,755.0,714.0,725.3499755859375,440.23455810546875,48340,HEROMOTOCO,Consumer Cyclical,Auto Manufacturers,N/A,EQUITY,0.0207,3.4,1.464,187.32,0.05742296918767507
2007-10-31,725.0,739.9000244140625,712.0,725.2000122070312,440.1434326171875,217596,HEROMOTOCO,Consumer Cyclical,Auto Manufacturers,N/A,EQUITY,0.0207,3.4,1.464,187.32,0.03918542754784059
2007-11-01,730.0,732.0,678.0,689.4500122070312,418.4457702636719,239715,HEROMOTOCO,Consumer Cyclical,Auto Manufacturers,N/A,EQUITY,0.0207,3.4,1.464,187.32,0.07964601769911504
2007-11-02,752.0,752.0,660.0,673.7000122070312,408.88677978515625,335338,HEROMOTOCO,Consumer Cyclical,Auto Manufacturers,N/A,EQUITY,0.0207,3.4,1.464,187.32,0.1393939393939394
2007-11-05,675.0,675.0499877929688,660.0499877929688,663.8499755859375,402.90850830078125,108197,HEROMOTOCO,Consumer Cyclical,Auto Manufacturers,N/A,EQUITY,0.0207,3.4,1.464,187.32,0.022725551514902687
2007-11-06,665.0,678.0,663.0,669.1500244140625,406.1251525878906,44650,HEROMOTOCO,Consumer Cyclical,Auto Manufacturers,N/A,EQUITY,0.0207,3.4,1.464,187.32,0.02262443438914027
2007-11-07,674.9000244140625,694.9000244140625,666.0,679.7000122070312,412.5280456542969,175196,HEROMOTOCO,Consumer Cyclical,Auto Manufacturers,N/A,EQUITY,0.0207,3.4,1.464,187.32,0.0433934300511449
2007-11-08,679.7000122070312,682.0,660.0,671.3499755859375,407.4603576660156,50904,HEROMOTOCO,Consumer Cyclical,Auto Manufacturers,N/A,EQUITY,0.0207,3.4,1.464,187.32,0.03333333333333333
2007-11-12,662.75,677.7000122070312,656.0,665.5999755859375,403.9705505371094,62040,HEROMOTOCO,Consumer Cyclical,Auto Manufacturers,N/A,EQUITY,0.0207,3.4,1.464,187.32,0.03307928690096227
2007-11-13,675.0,675.0,655.0,662.7999877929688,402.2713317871094,82656,HEROMOTOCO,Consumer Cyclical,Auto Manufacturers,N/A,EQUITY,0.0207,3.4,1.464,187.32,0.030534351145038167
2007-11-14,679.0,679.0,662.25,670.7000122070312,407.0659484863281,187499,HEROMOTOCO,Consumer Cyclical,Auto Manufacturers,N/A,EQUITY,0.0207,3.4,1.464,187.32,0.025292563231408077
2007-11-15,686.0,690.0,670.1500244140625,685.9000244140625,416.2912292480469,104563,HEROMOTOCO,Consumer Cyclical,Auto Manufacturers,N/A,EQUITY,0.0207,3.4,1.464,187.32,0.029620196766079483
2007-11-16,690.0,705.5,670.0999755859375,697.9500122070312,423.6047668457031,207493,HEROMOTOCO,Consumer Cyclical,Auto Manufacturers,N/A,EQUITY,0.0207,3.4,1.464,187.32,0.05282797448710337
2007-11-19,705.0,717.9500122070312,690.7999877929688,705.9500122070312,428.4600830078125,183159,HEROMOTOCO,Consumer Cyclical,Auto Manufacturers,N/A,EQUITY,0.0207,3.4,1.464,187.32,0.039302294287531604
2007-11-20,705.0,716.7999877929688,693.2999877929688,701.3499755859375,425.6681823730469,256310,HEROMOTOCO,Consumer Cyclical,Auto Manufacturers,N/A,EQUITY,0.0207,3.4,1.464,187.32,0.033895860974712005
2007-11-21,705.0,722.5,685.0,712.5999755859375,432.4963073730469,328348,HEROMOTOCO,Consumer Cyclical,Auto Manufacturers,N/A,EQUITY,0.0207,3.4,1.464,187.32,0.05474452554744526
2007-11-22,703.0,717.0,692.0,709.7999877929688,430.7967224121094,97797,HEROMOTOCO,Consumer Cyclical,Auto Manufacturers,N/A,EQUITY,0.0207,3.4,1.464,187.32,0.036127167630057806
2007-11-23,619.9000244140625,720.2999877929688,619.9000244140625,714.3499755859375,433.55816650390625,199643,HEROMOTOCO,Consumer Cyclical,Auto Manufacturers,N/A,EQUITY,0.0207,3.4,1.464,187.32,0.16196154125627854
2007-11-26,725.0,732.2999877929688,708.0,727.2000122070312,441.3573303222656,399150,HEROMOTOCO,Consumer Cyclical,Auto Manufacturers,N/A,EQUITY,0.0207,3.4,1.464,187.32,0.034322016656735524
2007-11-27,680.4000244140625,731.7999877929688,680.4000244140625,727.7999877929688,441.72149658203125,520610,HEROMOTOCO,Consumer Cyclical,Auto Manufacturers,N/A,EQUITY,0.0207,3.4,1.464,187.32,0.07554374123247594
2007-11-28,721.0,734.0,696.9500122070312,707.4500122070312,429.3705749511719,647478,HEROMOTOCO,Consumer Cyclical,Auto Manufacturers,N/A,EQUITY,0.0207,3.4,1.464,187.32,0.0531601795595678
2007-11-29,715.0,742.75,710.5,740.2000122070312,449.24737548828125,547412,HEROMOTOCO,Consumer Cyclical,Auto Manufacturers,N/A,EQUITY,0.0207,3.4,1.464,187.32,0.045390570021111895
2007-11-30,749.9000244140625,749.9000244140625,715.0499877929688,720.9500122070312,437.5640563964844,199862,HEROMOTOCO,Consumer Cyclical,Auto Manufacturers,N/A,EQUITY,0.0207,3.4,1.464,187.32,0.04873790254672939
2007-12-03,720.5499877929688,728.0,698.25,704.9000244140625,427.8228454589844,223805,HEROMOTOCO,Consumer Cyclical,Auto Manufacturers,N/A,EQUITY,0.0207,3.4,1.464,187.32,0.042606516290726815
2007-12-04,714.0,714.0,695.1500244140625,697.8499755859375,423.5439758300781,201750,HEROMOTOCO,Consumer Cyclical,Auto Manufacturers,N/A,EQUITY,0.0207,3.4,1.464,187.32,0.02711641361420655
2007-12-05,705.0,709.9000244140625,689.0999755859375,696.9000244140625,422.967529296875,329608,HEROMOTOCO,Consumer Cyclical,Auto Manufacturers,N/A,EQUITY,0.0207,3.4,1.464,187.32,0.03018437028740111
2007-12-06,702.0,709.9000244140625,684.25,690.8499755859375,419.29547119140625,117749,HEROMOTOCO,Consumer Cyclical,Auto Manufacturers,N/A,EQUITY,0.0207,3.4,1.464,187.32,0.03748633454740592
2007-12-07,697.0,699.9500122070312,682.5,689.25,418.32440185546875,140226,HEROMOTOCO,Consumer Cyclical,Auto Manufacturers,N/A,EQUITY,0.0207,3.4,1.464,187.32,0.02556778345352564
2007-12-10,694.0,694.0,680.0,688.5,417.8691711425781,91320,HEROMOTOCO,Consumer Cyclical,Auto Manufacturers,N/A,EQUITY,0.0207,3.4,1.464,187.32,0.020588235294117647
2007-12-11,690.0,704.9500122070312,685.0,701.1500244140625,425.5468444824219,114763,HEROMOTOCO,Consumer Cyclical,Auto Manufacturers,N/A,EQUITY,0.0207,3.4,1.464,187.32,0.029124105411724454
2007-12-12,699.5999755859375,711.0,696.2000122070312,706.9000244140625,429.03668212890625,279584,HEROMOTOCO,Consumer Cyclical,Auto Manufacturers,N/A,EQUITY,0.0207,3.4,1.464,187.32,0.021258241214404963
2007-12-13,715.0,723.0,711.25,714.4000244140625,433.5886535644531,169747,HEROMOTOCO,Consumer Cyclical,Auto Manufacturers,N/A,EQUITY,0.0207,3.4,1.464,187.32,0.016520210896309315
2007-12-14,728.0,728.0,701.1500244140625,714.0499877929688,433.3763122558594,53060,HEROMOTOCO,Consumer Cyclical,Auto Manufacturers,N/A,EQUITY,0.0207,3.4,1.464,187.32,0.03829419475293537
2007-12-17,714.0499877929688,727.7999877929688,703.2999877929688,708.5,430.0077819824219,158032,HEROMOTOCO,Consumer Cyclical,Auto Manufacturers,N/A,EQUITY,0.0207,3.4,1.464,187.32,0.03483577481194567
2007-12-18,715.0,715.0,701.4000244140625,706.0,428.4903869628906,38872,HEROMOTOCO,Consumer Cyclical,Auto Manufacturers,N/A,EQUITY,0.0207,3.4,1.464,187.32,0.019389756362353544
2007-12-19,706.7999877929688,712.0,698.0,706.8499755859375,429.0063171386719,46364,HEROMOTOCO,Consumer Cyclical,Auto Manufacturers,N/A,EQUITY,0.0207,3.4,1.464,187.32,0.02005730659025788
2007-12-20,714.5,714.5,690.0,696.7000122070312,422.8460388183594,97807,HEROMOTOCO,Consumer Cyclical,Auto Manufacturers,N/A,EQUITY,0.0207,3.4,1.464,187.32,0.035507246376811595
2007-12-24,700.0,708.0,698.0499877929688,702.0999755859375,426.1235046386719,176622,HEROMOTOCO,Consumer Cyclical,Auto Manufacturers,N/A,EQUITY,0.0207,3.4,1.464,187.32,0.014254011003553339
2007-12-26,749.0,749.0,695.2000122070312,701.7999877929688,425.9414367675781,52786,HEROMOTOCO,Consumer Cyclical,Auto Manufacturers,N/A,EQUITY,0.0207,3.4,1.464,187.32,0.0773877831534719
2007-12-27,715.0,715.0,693.0,704.25,427.42840576171875,1188325,HEROMOTOCO,Consumer Cyclical,Auto Manufacturers,N/A,EQUITY,0.0207,3.4,1.464,187.32,0.031746031746031744
2007-12-28,700.0,709.0,697.5,699.4000244140625,424.4847717285156,36050,HEROMOTOCO,Consumer Cyclical,Auto Manufacturers,N/A,EQUITY,0.0207,3.4,1.464,187.32,0.016487455197132617
2007-12-31,697.2000122070312,710.0,690.25,696.3499755859375,422.6335754394531,166589,HEROMOTOCO,Consumer Cyclical,Auto Manufacturers,N/A,EQUITY,0.0207,3.4,1.464,187.32,0.0286128214415067
2008-01-01,697.7000122070312,704.0,693.0,698.4500122070312,423.9081115722656,38394,HEROMOTOCO,Consumer Cyclical,Auto Manufacturers,N/A,EQUITY,0.0207,3.4,1.464,187.32,0.015873015873015872
2008-01-02,695.0,700.9500122070312,683.0,698.75,424.09027099609375,186602,HEROMOTOCO,Consumer Cyclical,Auto Manufacturers,N/A,EQUITY,0.0207,3.4,1.464,187.32,0.026281130610587483
2008-01-03,690.0,721.0,688.25,710.0,430.9181213378906,730380,HEROMOTOCO,Consumer Cyclical,Auto Manufacturers,N/A,EQUITY,0.0207,3.4,1.464,187.32,0.04758445332364693
2008-01-04,715.0,718.9000244140625,695.2000122070312,700.5999755859375,425.21295166015625,97820,HEROMOTOCO,Consumer Cyclical,Auto Manufacturers,N/A,EQUITY,0.0207,3.4,1.464,187.32,0.034090926051326596
2008-01-07,685.0,705.0,685.0,702.0,426.062744140625,458655,HEROMOTOCO,Consumer Cyclical,Auto Manufacturers,N/A,EQUITY,0.0207,3.4,1.464,187.32,0.029197080291970802
2008-01-08,714.9000244140625,714.9000244140625,681.0999755859375,691.5999755859375,419.75067138671875,69812,HEROMOTOCO,Consumer Cyclical,Auto Manufacturers,N/A,EQUITY,0.0207,3.4,1.464,187.32,0.0496256791068704
2008-01-09,695.0,696.0,686.0,688.2000122070312,417.6872253417969,57512,HEROMOTOCO,Consumer Cyclical,Auto Manufacturers,N/A,EQUITY,0.0207,3.4,1.464,187.32,0.014577259475218658
2008-01-10,690.0,690.0,676.0999755859375,683.2999877929688,414.71331787109375,113567,HEROMOTOCO,Consumer Cyclical,Auto Manufacturers,N/A,EQUITY,0.0207,3.4,1.464,187.32,0.020559125744703862
2008-01-11,685.0999755859375,688.7000122070312,657.5999755859375,661.25,401.33038330078125,136637,HEROMOTOCO,Consumer Cyclical,Auto Manufacturers,N/A,EQUITY,0.0207,3.4,1.464,187.32,0.04729324479275241
2008-01-14,674.7999877929688,709.7999877929688,662.2000122070312,704.5999755859375,427.6407470703125,373565,HEROMOTOCO,Consumer Cyclical,Auto Manufacturers,N/A,EQUITY,0.0207,3.4,1.464,187.32,0.07188156857214882
2008-01-15,704.5999755859375,714.7999877929688,701.2000122070312,706.1500244140625,428.5815124511719,163532,HEROMOTOCO,Consumer Cyclical,Auto Manufacturers,N/A,EQUITY,0.0207,3.4,1.464,187.32,0.019395287149427586
2008-01-16,691.0499877929688,713.7999877929688,686.25,704.1500244140625,427.3675842285156,698279,HEROMOTOCO,Consumer Cyclical,Auto Manufacturers,N/A,EQUITY,0.0207,3.4,1.464,187.32,0.04014570170195811
2008-01-17,701.0,706.0,694.0499877929688,697.1500244140625,423.1191101074219,70509,HEROMOTOCO,Consumer Cyclical,Auto Manufacturers,N/A,EQUITY,0.0207,3.4,1.464,187.32,0.017217797589812612
2008-01-18,685.0999755859375,702.7999877929688,685.0,696.0,422.421142578125,104981,HEROMOTOCO,Consumer Cyclical,Auto Manufacturers,N/A,EQUITY,0.0207,3.4,1.464,187.32,0.02598538363937044
2008-01-21,675.0,697.75,634.0999755859375,643.0,390.25408935546875,127430,HEROMOTOCO,Consumer Cyclical,Auto Manufacturers,N/A,EQUITY,0.0207,3.4,1.464,187.32,0.10037853156396506
2008-01-22,634.0,665.0,550.0,592.7999877929688,359.7862548828125,282771,HEROMOTOCO,Consumer Cyclical,Auto Manufacturers,N/A,EQUITY,0.0207,3.4,1.464,187.32,0.20909090909090908
2008-01-23,629.0,699.9000244140625,575.0,605.5,367.49420166015625,183017,HEROMOTOCO,Consumer Cyclical,Auto Manufacturers,N/A,EQUITY,0.0207,3.4,1.464,187.32,0.21721743376358696
2008-01-24,575.0,655.0,575.0,648.2999877929688,393.4707946777344,379925,HEROMOTOCO,Consumer Cyclical,Auto Manufacturers,N/A,EQUITY,0.0207,3.4,1.464,187.32,0.1391304347826087
2008-01-25,655.0,700.0,645.0999755859375,691.2000122070312,419.5079040527344,207095,HEROMOTOCO,Consumer Cyclical,Auto Manufacturers,N/A,EQUITY,0.0207,3.4,1.464,187.32,0.0851031258592087
2008-01-28,690.0,701.0,675.0499877929688,695.6500244140625,422.20880126953125,224417,HEROMOTOCO,Consumer Cyclical,Auto Manufacturers,N/A,EQUITY,0.0207,3.4,1.464,187.32,0.03844161569704356
2008-01-29,699.0,700.9000244140625,670.0,688.4500122070312,417.8388977050781,88065,HEROMOTOCO,Consumer Cyclical,Auto Manufacturers,N/A,EQUITY,0.0207,3.4,1.464,187.32,0.04611943942397388
2008-01-30,686.0,700.0,665.5999755859375,690.2000122070312,418.9009704589844,119240,HEROMOTOCO,Consumer Cyclical,Auto Manufacturers,N/A,EQUITY,0.0207,3.4,1.464,187.32,0.05168273088318498
2008-01-31,691.0,710.0,656.9500122070312,692.5999755859375,420.3576354980469,416281,HEROMOTOCO,Consumer Cyclical,Auto Manufacturers,N/A,EQUITY,0.0207,3.4,1.464,187.32,0.08075193973244128
2008-02-01,696.0,731.8499755859375,675.0,728.3499755859375,442.0552978515625,296949,HEROMOTOCO,Consumer Cyclical,Auto Manufacturers,N/A,EQUITY,0.0207,3.4,1.464,187.32,0.08422218605324074
2008-02-04,740.0,779.0,731.1500244140625,768.4500122070312,466.39312744140625,454881,HEROMOTOCO,Consumer Cyclical,Auto Manufacturers,N/A,EQUITY,0.0207,3.4,1.464,187.32,0.06544481158197878
2008-02-05,760.0,760.0,725.0,728.25,441.9945068359375,191583,HEROMOTOCO,Consumer Cyclical,Auto Manufacturers,N/A,EQUITY,0.0207,3.4,1.464,187.32,0.04827586206896552
2008-02-06,722.0,747.9500122070312,701.0,717.4000244140625,435.409423828125,171944,HEROMOTOCO,Consumer Cyclical,Auto Manufacturers,N/A,EQUITY,0.0207,3.4,1.464,187.32,0.06697576634383916
2008-02-07,716.0,716.0,685.0,706.75,428.9455261230469,240540,HEROMOTOCO,Consumer Cyclical,Auto Manufacturers,N/A,EQUITY,0.0207,3.4,1.464,187.32,0.04525547445255475
2008-02-08,700.0,719.2999877929688,690.5,707.1500244140625,429.1884765625,176921,HEROMOTOCO,Consumer Cyclical,Auto Manufacturers,N/A,EQUITY,0.0207,3.4,1.464,187.32,0.04170888891088885
2008-02-11,702.0,715.0,675.2999877929688,687.8499755859375,417.47467041015625,55817,HEROMOTOCO,Consumer Cyclical,Auto Manufacturers,N/A,EQUITY,0.0207,3.4,1.464,187.32,0.058788705648847646
2008-02-12,687.8499755859375,700.0,662.2999877929688,675.6500244140625,410.0701599121094,368631,HEROMOTOCO,Consumer Cyclical,Auto Manufacturers,N/A,EQUITY,0.0207,3.4,1.464,187.32,0.05692286411277432
2008-02-13,690.0,731.0,672.0,724.4500122070312,439.6882629394531,284963,HEROMOTOCO,Consumer Cyclical,Auto Manufacturers,N/A,EQUITY,0.0207,3.4,1.464,187.32,0.08779761904761904
2008-02-14,736.0,740.0,723.0,730.1500244140625,443.1476745605469,645990,HEROMOTOCO,Consumer Cyclical,Auto Manufacturers,N/A,EQUITY,0.0207,3.4,1.464,187.32,0.02351313969571231
2008-02-15,725.0,733.0,690.0,729.3499755859375,442.662109375,587853,HEROMOTOCO,Consumer Cyclical,Auto Manufacturers,N/A,EQUITY,0.0207,3.4,1.464,187.32,0.06231884057971015
2008-02-18,735.0,735.0,711.0,718.5,436.0770568847656,133657,HEROMOTOCO,Consumer Cyclical,Auto Manufacturers,N/A,EQUITY,0.0207,3.4,1.464,187.32,0.03375527426160337
2008-02-19,723.9000244140625,734.9000244140625,720.2000122070312,729.5,442.7532958984375,144270,HEROMOTOCO,Consumer Cyclical,Auto Manufacturers,N/A,EQUITY,0.0207,3.4,1.464,187.32,0.020411013548838335
2008-02-20,718.0,724.7000122070312,707.0,718.3499755859375,435.9859924316406,75946,HEROMOTOCO,Consumer Cyclical,Auto Manufacturers,N/A,EQUITY,0.0207,3.4,1.464,187.32,0.025035377944881542
2008-02-21,715.5499877929688,732.4000244140625,713.0,727.4000244140625,441.4787902832031,174047,HEROMOTOCO,Consumer Cyclical,Auto Manufacturers,N/A,EQUITY,0.0207,3.4,1.464,187.32,0.027209010398404627
2008-02-22,720.0,727.7999877929688,715.0,720.5999755859375,437.35150146484375,71949,HEROMOTOCO,Consumer Cyclical,Auto Manufacturers,N/A,EQUITY,0.0207,3.4,1.464,187.32,0.017902080829326924
2008-02-25,720.0,745.0,708.0,741.4000244140625,449.9756774902344,713209,HEROMOTOCO,Consumer Cyclical,Auto Manufacturers,N/A,EQUITY,0.0207,3.4,1.464,187.32,0.052259887005649715
2008-02-26,749.9500122070312,754.0,729.0,734.2000122070312,445.6058654785156,798942,HEROMOTOCO,Consumer Cyclical,Auto Manufacturers,N/A,EQUITY,0.0207,3.4,1.464,187.32,0.03429355281207133
2008-02-27,740.0999755859375,744.4000244140625,715.2999877929688,722.9000244140625,438.7474670410156,56274,HEROMOTOCO,Consumer Cyclical,Auto Manufacturers,N/A,EQUITY,0.0207,3.4,1.464,187.32,0.04068228312275081
2008-02-28,727.0,750.5,721.25,748.1500244140625,454.07244873046875,311141,HEROMOTOCO,Consumer Cyclical,Auto Manufacturers,N/A,EQUITY,0.0207,3.4,1.464,187.32,0.04055459272097054
2008-02-29,744.9000244140625,774.7000122070312,740.0999755859375,761.6500244140625,462.26593017578125,731801,HEROMOTOCO,Consumer Cyclical,Auto Manufacturers,N/A,EQUITY,0.0207,3.4,1.464,187.32,0.04675049015330785
2008-03-03,759.0,785.0,742.1500244140625,774.9000244140625,470.3078308105469,815989,HEROMOTOCO,Consumer Cyclical,Auto Manufacturers,N/A,EQUITY,0.0207,3.4,1.464,187.32,0.05773761931729118
2008-03-04,771.0999755859375,784.7999877929688,755.0499877929688,772.5499877929688,468.8814697265625,434573,HEROMOTOCO,Consumer Cyclical,Auto Manufacturers,N/A,EQUITY,0.0207,3.4,1.464,187.32,0.039401364785078725
2008-03-05,778.0,778.8499755859375,760.0,773.5,469.45794677734375,480016,HEROMOTOCO,Consumer Cyclical,Auto Manufacturers,N/A,EQUITY,0.0207,3.4,1.464,187.32,0.024802599455180922
2008-03-07,758.0,774.9500122070312,734.8499755859375,766.6500244140625,465.300537109375,270499,HEROMOTOCO,Consumer Cyclical,Auto Manufacturers,N/A,EQUITY,0.0207,3.4,1.464,187.32,0.054569011299374026
2008-03-10,749.0,765.0,744.0,757.1500244140625,459.5348205566406,166397,HEROMOTOCO,Consumer Cyclical,Auto Manufacturers,N/A,EQUITY,0.0207,3.4,1.464,187.32,0.028225806451612902
2008-03-11,706.25,751.0,700.0499877929688,735.5999755859375,446.4554748535156,274971,HEROMOTOCO,Consumer Cyclical,Auto Manufacturers,N/A,EQUITY,0.0207,3.4,1.464,187.32,0.0727805343839233
2008-03-12,715.0,750.0,715.0,732.9000244140625,444.8168640136719,261080,HEROMOTOCO,Consumer Cyclical,Auto Manufacturers,N/A,EQUITY,0.0207,3.4,1.464,187.32,0.04895104895104895
2008-03-13,716.0,746.7999877929688,703.2000122070312,737.2000122070312,447.4266357421875,171846,HEROMOTOCO,Consumer Cyclical,Auto Manufacturers,N/A,EQUITY,0.0207,3.4,1.464,187.32,0.06200223951802364
2008-03-14,738.5,745.0,695.0,716.2999877929688,434.74169921875,414778,HEROMOTOCO,Consumer Cyclical,Auto Manufacturers,N/A,EQUITY,0.0207,3.4,1.464,187.32,0.07194244604316546
2008-03-17,714.0,714.0,676.9500122070312,686.2999877929688,416.53399658203125,291437,HEROMOTOCO,Consumer Cyclical,Auto Manufacturers,N/A,EQUITY,0.0207,3.4,1.464,187.32,0.054730758733833616
2008-03-18,677.6500244140625,695.9500122070312,676.0999755859375,685.0499877929688,415.7752685546875,437653,HEROMOTOCO,Consumer Cyclical,Auto Manufacturers,N/A,EQUITY,0.0207,3.4,1.464,187.32,0.02935961742032434
2008-03-19,688.0,695.0,635.0499877929688,650.3499755859375,394.71490478515625,665043,HEROMOTOCO,Consumer Cyclical,Auto Manufacturers,N/A,EQUITY,0.0207,3.4,1.464,187.32,0.09440203662609221
2008-03-24,651.2999877929688,669.8499755859375,631.3499755859375,647.7000122070312,393.1065979003906,507010,HEROMOTOCO,Consumer Cyclical,Auto Manufacturers,N/A,EQUITY,0.0207,3.4,1.464,187.32,0.06098044110046773
2008-03-25,651.0499877929688,695.0,643.0,678.7000122070312,411.9213562011719,614983,HEROMOTOCO,Consumer Cyclical,Auto Manufacturers,N/A,EQUITY,0.0207,3.4,1.464,187.32,0.08087091757387248
2008-03-26,678.0,682.8499755859375,662.0,679.5999755859375,412.46759033203125,392497,HEROMOTOCO,Consumer Cyclical,Auto Manufacturers,N/A,EQUITY,0.0207,3.4,1.464,187.32,0.03149543139869713
2008-03-27,650.0999755859375,694.8499755859375,650.0999755859375,686.0499877929688,416.3822326660156,706309,HEROMOTOCO,Consumer Cyclical,Auto Manufacturers,N/A,EQUITY,0.0207,3.4,1.464,187.32,0.06883556634449442
2008-03-28,690.0,720.0,682.25,700.2999877929688,425.03094482421875,159416,HEROMOTOCO,Consumer Cyclical,Auto Manufacturers,N/A,EQUITY,0.0207,3.4,1.464,187.32,0.05533162330524002
2008-03-31,700.2999877929688,733.0,685.0,694.5499877929688,421.5411376953125,236473,HEROMOTOCO,Consumer Cyclical,Auto Manufacturers,N/A,EQUITY,0.0207,3.4,1.464,187.32,0.07007299270072993
2008-04-01,700.0,725.0,694.0,704.0499877929688,427.3069763183594,269683,HEROMOTOCO,Consumer Cyclical,Auto Manufacturers,N/A,EQUITY,0.0207,3.4,1.464,187.32,0.0446685878962536
2008-04-02,704.0499877929688,751.0,704.0499877929688,740.3499755859375,449.3382263183594,298633,HEROMOTOCO,Consumer Cyclical,Auto Manufacturers,N/A,EQUITY,0.0207,3.4,1.464,187.32,0.06668562321009124
2008-04-03,742.5,755.0,731.0499877929688,749.8499755859375,455.1042175292969,149523,HEROMOTOCO,Consumer Cyclical,Auto Manufacturers,N/A,EQUITY,0.0207,3.4,1.464,187.32,0.03276111429717146
2008-04-04,744.25,768.0,735.2999877929688,759.6500244140625,461.0521545410156,465762,HEROMOTOCO,Consumer Cyclical,Auto Manufacturers,N/A,EQUITY,0.0207,3.4,1.464,187.32,0.04447166156656904
2008-04-07,762.0,762.0,745.25,750.0499877929688,455.2255554199219,168219,HEROMOTOCO,Consumer Cyclical,Auto Manufacturers,N/A,EQUITY,0.0207,3.4,1.464,187.32,0.02247567930224757
2008-04-08,745.0,754.0,734.25,739.5,448.8225402832031,266218,HEROMOTOCO,Consumer Cyclical,Auto Manufacturers,N/A,EQUITY,0.0207,3.4,1.464,187.32,0.02689819543752128
2008-04-09,744.7999877929688,759.9000244140625,730.0,745.2000122070312,452.2818908691406,149168,HEROMOTOCO,Consumer Cyclical,Auto Manufacturers,N/A,EQUITY,0.0207,3.4,1.464,187.32,0.04095893755351027
2008-04-10,736.0999755859375,753.9000244140625,736.0999755859375,746.0999755859375,452.8281555175781,197168,HEROMOTOCO,Consumer Cyclical,Auto Manufacturers,N/A,EQUITY,0.0207,3.4,1.464,187.32,0.024181564214774107
2008-04-11,746.0,746.0,734.2000122070312,739.4500122070312,448.7920227050781,267586,HEROMOTOCO,Consumer Cyclical,Auto Manufacturers,N/A,EQUITY,0.0207,3.4,1.464,187.32,0.01607189811601551
2008-04-15,735.0,744.9000244140625,725.0499877929688,739.9500122070312,449.095703125,136226,HEROMOTOCO,Consumer Cyclical,Auto Manufacturers,N/A,EQUITY,0.0207,3.4,1.464,187.32,0.027377473216042232
2008-04-16,740.1500244140625,743.0,736.0,742.2000122070312,450.461181640625,239331,HEROMOTOCO,Consumer Cyclical,Auto Manufacturers,N/A,EQUITY,0.0207,3.4,1.464,187.32,0.009510869565217392
2008-04-17,737.1500244140625,748.0,730.0,741.3499755859375,449.9453430175781,210015,HEROMOTOCO,Consumer Cyclical,Auto Manufacturers,N/A,EQUITY,0.0207,3.4,1.464,187.32,0.024657534246575342
2008-04-21,745.0,755.0,735.3499755859375,747.5,453.6778869628906,81033,HEROMOTOCO,Consumer Cyclical,Auto Manufacturers,N/A,EQUITY,0.0207,3.4,1.464,187.32,0.026722003218134435
2008-04-22,760.0,760.0,735.0999755859375,747.7000122070312,453.7992248535156,59493,HEROMOTOCO,Consumer Cyclical,Auto Manufacturers,N/A,EQUITY,0.0207,3.4,1.464,187.32,0.03387297679368722
2008-04-23,747.0,753.0,736.0499877929688,748.9000244140625,454.52764892578125,109914,HEROMOTOCO,Consumer Cyclical,Auto Manufacturers,N/A,EQUITY,0.0207,3.4,1.464,187.32,0.023028343846394895
2008-04-24,760.0,780.0,745.1500244140625,772.9000244140625,469.09393310546875,188908,HEROMOTOCO,Consumer Cyclical,Auto Manufacturers,N/A,EQUITY,0.0207,3.4,1.464,187.32,0.04676907259493315
2008-04-25,780.0,814.9000244140625,779.4500122070312,807.9000244140625,490.3364562988281,315164,HEROMOTOCO,Consumer Cyclical,Auto Manufacturers,N/A,EQUITY,0.0207,3.4,1.464,187.32,0.04548080268374581
2008-04-28,810.0999755859375,825.0,810.0999755859375,818.75,496.92144775390625,243197,HEROMOTOCO,Consumer Cyclical,Auto Manufacturers,N/A,EQUITY,0.0207,3.4,1.464,187.32,0.018392821704858658
2008-04-29,819.9000244140625,867.7000122070312,815.0,863.0,523.7780151367188,558930,HEROMOTOCO,Consumer Cyclical,Auto Manufacturers,N/A,EQUITY,0.0207,3.4,1.464,187.32,0.06466259166506902
2008-04-30,862.9000244140625,863.0,845.0,851.5999755859375,516.8589477539062,281555,HEROMOTOCO,Consumer Cyclical,Auto Manufacturers,N/A,EQUITY,0.0207,3.4,1.464,187.32,0.021301775147928994
2008-05-02,850.0499877929688,865.0,841.0,846.4500122070312,513.7333374023438,342126,HEROMOTOCO,Consumer Cyclical,Auto Manufacturers,N/A,EQUITY,0.0207,3.4,1.464,187.32,0.028537455410225922
2008-05-05,847.25,847.25,814.25,818.2000122070312,496.5877380371094,206286,HEROMOTOCO,Consumer Cyclical,Auto Manufacturers,N/A,EQUITY,0.0207,3.4,1.464,187.32,0.04052809333742708
2008-05-06,824.0,835.0,814.0499877929688,821.5499877929688,498.62091064453125,167530,HEROMOTOCO,Consumer Cyclical,Auto Manufacturers,N/A,EQUITY,0.0207,3.4,1.464,187.32,0.025735535312555412
2008-05-07,819.9000244140625,835.0,802.6500244140625,820.7999877929688,498.1656188964844,205523,HEROMOTOCO,Consumer Cyclical,Auto Manufacturers,N/A,EQUITY,0.0207,3.4,1.464,187.32,0.04030396138037011
2008-05-08,818.7999877929688,818.7999877929688,806.25,813.75,493.88677978515625,184512,HEROMOTOCO,Consumer Cyclical,Auto Manufacturers,N/A,EQUITY,0.0207,3.4,1.464,187.32,0.01556587633236434
2008-05-09,814.0,817.7999877929688,796.7999877929688,810.6500244140625,492.0053405761719,276594,HEROMOTOCO,Consumer Cyclical,Auto Manufacturers,N/A,EQUITY,0.0207,3.4,1.464,187.32,0.02635542209051388
2008-05-12,809.0,826.2999877929688,791.0,798.5999755859375,484.6917724609375,225954,HEROMOTOCO,Consumer Cyclical,Auto Manufacturers,N/A,EQUITY,0.0207,3.4,1.464,187.32,0.04462703892916403
2008-05-13,805.0999755859375,814.0,792.5999755859375,798.5,484.6311950683594,208713,HEROMOTOCO,Consumer Cyclical,Auto Manufacturers,N/A,EQUITY,0.0207,3.4,1.464,187.32,0.026999779300071663
2008-05-14,790.5,828.2000122070312,790.1500244140625,820.7000122070312,498.10498046875,196131,HEROMOTOCO,Consumer Cyclical,Auto Manufacturers,N/A,EQUITY,0.0207,3.4,1.464,187.32,0.0481553965921659
2008-05-15,810.2000122070312,823.0,804.0,808.25,490.5487976074219,136632,HEROMOTOCO,Consumer Cyclical,Auto Manufacturers,N/A,EQUITY,0.0207,3.4,1.464,187.32,0.0236318407960199
2008-05-16,818.7999877929688,818.7999877929688,804.0,806.4000244140625,489.4260559082031,75522,HEROMOTOCO,Consumer Cyclical,Auto Manufacturers,N/A,EQUITY,0.0207,3.4,1.464,187.32,0.018407945016130287
2008-05-20,800.0,817.0,796.0499877929688,802.2000122070312,486.8768310546875,263867,HEROMOTOCO,Consumer Cyclical,Auto Manufacturers,N/A,EQUITY,0.0207,3.4,1.464,187.32,0.026317458109778636
2008-05-21,796.0,796.0,779.0,785.5499877929688,476.7714538574219,287379,HEROMOTOCO,Consumer Cyclical,Auto Manufacturers,N/A,EQUITY,0.0207,3.4,1.464,187.32,0.021822849807445442
2008-05-22,780.0,798.0,772.2000122070312,788.6500244140625,478.65289306640625,468659,HEROMOTOCO,Consumer Cyclical,Auto Manufacturers,N/A,EQUITY,0.0207,3.4,1.464,187.32,0.033411017074746724
2008-05-23,796.5,800.0,773.0,797.5,484.024169921875,127061,HEROMOTOCO,Consumer Cyclical,Auto Manufacturers,N/A,EQUITY,0.0207,3.4,1.464,187.32,0.03492884864165589
2008-05-26,787.0,795.0,780.0,787.2999877929688,477.83355712890625,216293,HEROMOTOCO,Consumer Cyclical,Auto Manufacturers,N/A,EQUITY,0.0207,3.4,1.464,187.32,0.019230769230769232
2008-05-27,793.0,797.0,767.0,785.4500122070312,476.71087646484375,446927,HEROMOTOCO,Consumer Cyclical,Auto Manufacturers,N/A,EQUITY,0.0207,3.4,1.464,187.32,0.03911342894393742
2008-05-28,789.7000122070312,802.9000244140625,772.0,796.2000122070312,483.23529052734375,354146,HEROMOTOCO,Consumer Cyclical,Auto Manufacturers,N/A,EQUITY,0.0207,3.4,1.464,187.32,0.04002593836018459
2008-05-29,800.0,801.9000244140625,765.0499877929688,777.9500122070312,472.1587829589844,285568,HEROMOTOCO,Consumer Cyclical,Auto Manufacturers,N/A,EQUITY,0.0207,3.4,1.464,187.32,0.048166835120668994
2008-05-30,778.0,778.0,732.3499755859375,746.1500244140625,452.8586730957031,258499,HEROMOTOCO,Consumer Cyclical,Auto Manufacturers,N/A,EQUITY,0.0207,3.4,1.464,187.32,0.062333619083606705
2008-06-02,759.9000244140625,798.9000244140625,753.0,787.5,477.9551086425781,498580,HEROMOTOCO,Consumer Cyclical,Auto Manufacturers,N/A,EQUITY,0.0207,3.4,1.464,187.32,0.06095620772119854
2008-06-03,776.0,800.0,763.0,798.2999877929688,484.5098876953125,197361,HEROMOTOCO,Consumer Cyclical,Auto Manufacturers,N/A,EQUITY,0.0207,3.4,1.464,187.32,0.04849279161205767
2008-06-04,800.0,803.0,754.0,777.0,471.582275390625,405584,HEROMOTOCO,Consumer Cyclical,Auto Manufacturers,N/A,EQUITY,0.0207,3.4,1.464,187.32,0.0649867374005305
2008-06-05,770.0,784.7000122070312,765.0,769.0499877929688,466.7571716308594,155579,HEROMOTOCO,Consumer Cyclical,Auto Manufacturers,N/A,EQUITY,0.0207,3.4,1.464,187.32,0.0257516499438317
2008-06-06,771.0,776.75,752.25,756.0499877929688,458.86712646484375,37563,HEROMOTOCO,Consumer Cyclical,Auto Manufacturers,N/A,EQUITY,0.0207,3.4,1.464,187.32,0.03256895978730475
2008-06-09,764.7999877929688,793.8499755859375,726.0,772.2000122070312,468.6689758300781,308462,HEROMOTOCO,Consumer Cyclical,Auto Manufacturers,N/A,EQUITY,0.0207,3.4,1.464,187.32,0.09345726664729684
2008-06-10,772.2000122070312,774.0,755.0,765.4000244140625,464.5419921875,121979,HEROMOTOCO,Consumer Cyclical,Auto Manufacturers,N/A,EQUITY,0.0207,3.4,1.464,187.32,0.025165562913907286
2008-06-11,766.0499877929688,835.0,762.6500244140625,810.25,491.7625427246094,178037,HEROMOTOCO,Consumer Cyclical,Auto Manufacturers,N/A,EQUITY,0.0207,3.4,1.464,187.32,0.09486654857386698
2008-06-12,784.6500244140625,825.0,765.6500244140625,814.5,494.34197998046875,197123,HEROMOTOCO,Consumer Cyclical,Auto Manufacturers,N/A,EQUITY,0.0207,3.4,1.464,187.32,0.0775158018591548
2008-06-13,814.0,814.0,780.2000122070312,784.25,475.9823913574219,100271,HEROMOTOCO,Consumer Cyclical,Auto Manufacturers,N/A,EQUITY,0.0207,3.4,1.464,187.32,0.04332220874664598
2008-06-16,784.0,797.9500122070312,761.5999755859375,764.75,464.1474304199219,164766,HEROMOTOCO,Consumer Cyclical,Auto Manufacturers,N/A,EQUITY,0.0207,3.4,1.464,187.32,0.04772851600097259
2008-06-17,766.0,787.2999877929688,762.25,777.3499755859375,471.79473876953125,81768,HEROMOTOCO,Consumer Cyclical,Auto Manufacturers,N/A,EQUITY,0.0207,3.4,1.464,187.32,0.03286321783269105
2008-06-18,764.0,795.0,760.0,789.2000122070312,478.98663330078125,215013,HEROMOTOCO,Consumer Cyclical,Auto Manufacturers,N/A,EQUITY,0.0207,3.4,1.464,187.32,0.046052631578947366
2008-06-19,790.0,810.0,773.0,797.0999755859375,483.78143310546875,62817,HEROMOTOCO,Consumer Cyclical,Auto Manufacturers,N/A,EQUITY,0.0207,3.4,1.464,187.32,0.047865459249676584
2008-06-20,799.0,800.0,751.0,758.2999877929688,460.2326965332031,57460,HEROMOTOCO,Consumer Cyclical,Auto Manufacturers,N/A,EQUITY,0.0207,3.4,1.464,187.32,0.06524633821571238
2008-06-23,750.0,758.5,730.5499877929688,736.2999877929688,446.88037109375,141167,HEROMOTOCO,Consumer Cyclical,Auto Manufacturers,N/A,EQUITY,0.0207,3.4,1.464,187.32,0.038258863423528015
2008-06-24,730.0,744.9000244140625,690.0,703.1500244140625,426.7607421875,119074,HEROMOTOCO,Consumer Cyclical,Auto Manufacturers,N/A,EQUITY,0.0207,3.4,1.464,187.32,0.07956525277400363
2008-06-25,685.0499877929688,717.0,663.0,704.4500122070312,427.54974365234375,218902,HEROMOTOCO,Consumer Cyclical,Auto Manufacturers,N/A,EQUITY,0.0207,3.4,1.464,187.32,0.08144796380090498
2008-06-26,705.0,748.8499755859375,678.0,719.6500244140625,436.77508544921875,332199,HEROMOTOCO,Consumer Cyclical,Auto Manufacturers,N/A,EQUITY,0.0207,3.4,1.464,187.32,0.10449848906480458
2008-06-27,699.0,715.0,672.4000244140625,682.9000244140625,414.470458984375,226823,HEROMOTOCO,Consumer Cyclical,Auto Manufacturers,N/A,EQUITY,0.0207,3.4,1.464,187.32,0.06335510713739137
2008-06-30,686.0,710.0,672.6500244140625,692.2999877929688,420.175537109375,142597,HEROMOTOCO,Consumer Cyclical,Auto Manufacturers,N/A,EQUITY,0.0207,3.4,1.464,187.32,0.05552661002052683
2008-07-01,685.0999755859375,694.7000122070312,674.5499877929688,681.0499877929688,413.34759521484375,144879,HEROMOTOCO,Consumer Cyclical,Auto Manufacturers,N/A,EQUITY,0.0207,3.4,1.464,187.32,0.02987180309644731
2008-07-02,675.6500244140625,699.9500122070312,665.25,680.3499755859375,412.9227294921875,307288,HEROMOTOCO,Consumer Cyclical,Auto Manufacturers,N/A,EQUITY,0.0207,3.4,1.464,187.32,0.05216086013834085
2008-07-03,672.0499877929688,762.0,651.5999755859375,663.9500122070312,402.9691162109375,167513,HEROMOTOCO,Consumer Cyclical,Auto Manufacturers,N/A,EQUITY,0.0207,3.4,1.464,187.32,0.16942914142190937
2008-07-04,673.0,684.7000122070312,656.0,666.5999755859375,404.5775146484375,196575,HEROMOTOCO,Consumer Cyclical,Auto Manufacturers,N/A,EQUITY,0.0207,3.4,1.464,187.32,0.043750018608279345
2008-07-07,648.7000122070312,699.0,645.5999755859375,689.6500244140625,418.5671081542969,408122,HEROMOTOCO,Consumer Cyclical,Auto Manufacturers,N/A,EQUITY,0.0207,3.4,1.464,187.32,0.08271379559083376
2008-07-08,668.0,695.5499877929688,668.0,689.4500122070312,418.4457702636719,108822,HEROMOTOCO,Consumer Cyclical,Auto Manufacturers,N/A,EQUITY,0.0207,3.4,1.464,187.32,0.041242496696061004
2008-07-09,699.0,749.7000122070312,672.0999755859375,715.25,434.1045227050781,413894,HEROMOTOCO,Consumer Cyclical,Auto Manufacturers,N/A,EQUITY,0.0207,3.4,1.464,187.32,0.11545906775765309
2008-07-10,701.2999877929688,725.0,685.0,688.5999755859375,417.9298400878906,331449,HEROMOTOCO,Consumer Cyclical,Auto Manufacturers,N/A,EQUITY,0.0207,3.4,1.464,187.32,0.058394160583941604
2008-07-11,695.0,695.0,657.0499877929688,666.75,404.6686096191406,263079,HEROMOTOCO,Consumer Cyclical,Auto Manufacturers,N/A,EQUITY,0.0207,3.4,1.464,187.32,0.057758181130944636
2008-07-14,652.2999877929688,682.0,650.0999755859375,660.9500122070312,401.1482849121094,148034,HEROMOTOCO,Consumer Cyclical,Auto Manufacturers,N/A,EQUITY,0.0207,3.4,1.464,187.32,0.04906941333955733
2008-07-15,654.9000244140625,660.0,643.0,654.9000244140625,397.4765625,118362,HEROMOTOCO,Consumer Cyclical,Auto Manufacturers,N/A,EQUITY,0.0207,3.4,1.464,187.32,0.026438569206842923
2008-07-16,658.0,664.0,632.5,638.0999755859375,387.2801208496094,183679,HEROMOTOCO,Consumer Cyclical,Auto Manufacturers,N/A,EQUITY,0.0207,3.4,1.464,187.32,0.04980237154150197
2008-07-17,645.0,666.0,641.2000122070312,659.6500244140625,400.359375,355865,HEROMOTOCO,Consumer Cyclical,Auto Manufacturers,N/A,EQUITY,0.0207,3.4,1.464,187.32,0.03867745995139081
2008-07-18,654.0,687.7999877929688,653.9000244140625,679.6500244140625,412.4979553222656,319534,HEROMOTOCO,Consumer Cyclical,Auto Manufacturers,N/A,EQUITY,0.0207,3.4,1.464,187.32,0.05184273147761823
2008-07-21,682.0,727.0,682.0,717.7999877929688,435.65203857421875,110732,HEROMOTOCO,Consumer Cyclical,Auto Manufacturers,N/A,EQUITY,0.0207,3.4,1.464,187.32,0.06598240469208211
2008-07-22,717.0,742.0,703.0499877929688,726.0,440.62896728515625,199006,HEROMOTOCO,Consumer Cyclical,Auto Manufacturers,N/A,EQUITY,0.0207,3.4,1.464,187.32,0.05540148337005745
2008-07-23,758.0,758.0,735.4000244140625,749.9000244140625,455.1346130371094,356133,HEROMOTOCO,Consumer Cyclical,Auto Manufacturers,N/A,EQUITY,0.0207,3.4,1.464,187.32,0.03073154043466923
2008-07-24,736.7000122070312,770.0,732.0,762.9500122070312,463.0549011230469,184897,HEROMOTOCO,Consumer Cyclical,Auto Manufacturers,N/A,EQUITY,0.0207,3.4,1.464,187.32,0.05191256830601093
2008-07-25,754.0,768.0,741.0,757.1500244140625,459.5348205566406,204078,HEROMOTOCO,Consumer Cyclical,Auto Manufacturers,N/A,EQUITY,0.0207,3.4,1.464,187.32,0.03643724696356275
2008-07-28,742.3499755859375,771.0,730.0,761.2999877929688,462.0534973144531,316317,HEROMOTOCO,Consumer Cyclical,Auto Manufacturers,N/A,EQUITY,0.0207,3.4,1.464,187.32,0.056164383561643834
2008-07-29,760.0,760.0,727.0,735.5499877929688,446.4252014160156,120375,HEROMOTOCO,Consumer Cyclical,Auto Manufacturers,N/A,EQUITY,0.0207,3.4,1.464,187.32,0.0453920220082531
2008-07-30,749.9000244140625,788.0,740.0,782.75,475.07220458984375,214404,HEROMOTOCO,Consumer Cyclical,Auto Manufacturers,N/A,EQUITY,0.0207,3.4,1.464,187.32,0.06486486486486487
2008-07-31,785.0,808.9000244140625,775.0,803.8499755859375,487.878173828125,619127,HEROMOTOCO,Consumer Cyclical,Auto Manufacturers,N/A,EQUITY,0.0207,3.4,1.464,187.32,0.043741966985887094
2008-08-01,785.0,800.0,770.25,794.9500122070312,482.4765930175781,244947,HEROMOTOCO,Consumer Cyclical,Auto Manufacturers,N/A,EQUITY,0.0207,3.4,1.464,187.32,0.038623823433950016
2008-08-04,775.1500244140625,800.0,775.1500244140625,795.2000122070312,482.6283874511719,168879,HEROMOTOCO,Consumer Cyclical,Auto Manufacturers,N/A,EQUITY,0.0207,3.4,1.464,187.32,0.03205827878896301
2008-08-05,796.0,848.0,790.0,828.8499755859375,503.05126953125,642626,HEROMOTOCO,Consumer Cyclical,Auto Manufacturers,N/A,EQUITY,0.0207,3.4,1.464,187.32,0.07341772151898734
2008-08-06,832.0,846.0,817.0,819.2000122070312,497.1946716308594,152164,HEROMOTOCO,Consumer Cyclical,Auto Manufacturers,N/A,EQUITY,0.0207,3.4,1.464,187.32,0.03549571603427173
2008-08-07,819.0,828.3499755859375,808.0499877929688,820.5499877929688,498.01397705078125,162623,HEROMOTOCO,Consumer Cyclical,Auto Manufacturers,N/A,EQUITY,0.0207,3.4,1.464,187.32,0.025122193056910026
2008-08-08,822.0,827.5,815.0999755859375,821.7000122070312,498.71185302734375,167483,HEROMOTOCO,Consumer Cyclical,Auto Manufacturers,N/A,EQUITY,0.0207,3.4,1.464,187.32,0.015212887726010173
2008-08-11,843.0,843.7999877929688,820.25,828.2000122070312,502.6568908691406,163348,HEROMOTOCO,Consumer Cyclical,Auto Manufacturers,N/A,EQUITY,0.0207,3.4,1.464,187.32,0.028710744032878696
2008-08-12,833.0,833.0,817.0999755859375,820.6500244140625,498.0745849609375,115469,HEROMOTOCO,Consumer Cyclical,Auto Manufacturers,N/A,EQUITY,0.0207,3.4,1.464,187.32,0.019459092998577912
2008-08-13,812.0999755859375,827.5,810.5,817.5499877929688,496.193115234375,176243,HEROMOTOCO,Consumer Cyclical,Auto Manufacturers,N/A,EQUITY,0.0207,3.4,1.464,187.32,0.020974706971005553
2008-08-14,800.6500244140625,813.0,775.5999755859375,784.2000122070312,475.9521179199219,229533,HEROMOTOCO,Consumer Cyclical,Auto Manufacturers,N/A,EQUITY,0.0207,3.4,1.464,187.32,0.04822076533177834
2008-08-18,789.0,798.0,775.0,792.1500244140625,480.777099609375,252603,HEROMOTOCO,Consumer Cyclical,Auto Manufacturers,N/A,EQUITY,0.0207,3.4,1.464,187.32,0.02967741935483871
2008-08-19,784.0,799.9000244140625,778.0,789.2999877929688,479.04736328125,356918,HEROMOTOCO,Consumer Cyclical,Auto Manufacturers,N/A,EQUITY,0.0207,3.4,1.464,187.32,0.028149131637612467
2008-08-20,797.2999877929688,809.0,795.0,804.9500122070312,488.5458984375,124092,HEROMOTOCO,Consumer Cyclical,Auto Manufacturers,N/A,EQUITY,0.0207,3.4,1.464,187.32,0.01761006289308176
2008-08-21,805.0,808.0,780.5999755859375,802.7000122070312,487.1802673339844,138057,HEROMOTOCO,Consumer Cyclical,Auto Manufacturers,N/A,EQUITY,0.0207,3.4,1.464,187.32,0.03510123657574466
2008-08-22,800.0,808.9000244140625,795.0,801.0999755859375,486.2093200683594,343066,HEROMOTOCO,Consumer Cyclical,Auto Manufacturers,N/A,EQUITY,0.0207,3.4,1.464,187.32,0.017484307439072328
2008-08-25,815.0,815.0,801.1500244140625,803.25,487.51422119140625,420408,HEROMOTOCO,Consumer Cyclical,Auto Manufacturers,N/A,EQUITY,0.0207,3.4,1.464,187.32,0.017287618003964944
2008-08-26,800.0,804.75,793.4500122070312,799.4500122070312,485.2078857421875,170339,HEROMOTOCO,Consumer Cyclical,Auto Manufacturers,N/A,EQUITY,0.0207,3.4,1.464,187.32,0.01424158752173577
2008-08-27,799.0,813.7999877929688,799.0,810.3499755859375,491.8231506347656,501115,HEROMOTOCO,Consumer Cyclical,Auto Manufacturers,N/A,EQUITY,0.0207,3.4,1.464,187.32,0.018523138664541614
2008-08-28,810.0,832.9000244140625,810.0,822.0999755859375,498.9547119140625,874643,HEROMOTOCO,Consumer Cyclical,Auto Manufacturers,N/A,EQUITY,0.0207,3.4,1.464,187.32,0.028271635079089506
2008-08-29,829.0,834.0,822.9000244140625,828.7000122070312,502.9603271484375,406090,HEROMOTOCO,Consumer Cyclical,Auto Manufacturers,N/A,EQUITY,0.0207,3.4,1.464,187.32,0.013488850718945018
2008-09-01,824.0,851.0,822.0,848.0,514.6741943359375,271495,HEROMOTOCO,Consumer Cyclical,Auto Manufacturers,N/A,EQUITY,0.0207,3.4,1.464,187.32,0.03527980535279805
2008-09-02,850.0,866.7999877929688,835.0999755859375,860.0499877929688,521.9874877929688,655702,HEROMOTOCO,Consumer Cyclical,Auto Manufacturers,N/A,EQUITY,0.0207,3.4,1.464,187.32,0.03795954153248458
2008-09-04,864.4000244140625,890.0,855.0499877929688,870.2000122070312,528.147705078125,618649,HEROMOTOCO,Consumer Cyclical,Auto Manufacturers,N/A,EQUITY,0.0207,3.4,1.464,187.32,0.04087481750305997
2008-09-05,862.0,877.9000244140625,853.5499877929688,860.25,522.1089477539062,181637,HEROMOTOCO,Consumer Cyclical,Auto Manufacturers,N/A,EQUITY,0.0207,3.4,1.464,187.32,0.028527956147074457
2008-09-08,865.0,889.0,853.0,861.5999755859375,522.9282836914062,368306,HEROMOTOCO,Consumer Cyclical,Auto Manufacturers,N/A,EQUITY,0.0207,3.4,1.464,187.32,0.04220398593200469
2008-09-09,847.7999877929688,847.7999877929688,823.0,829.0,514.4879150390625,555306,HEROMOTOCO,Consumer Cyclical,Auto Manufacturers,N/A,EQUITY,0.0207,3.4,1.464,187.32,0.030133642518795564
2008-09-10,815.0999755859375,845.0,815.0999755859375,837.7999877929688,519.9494018554688,715015,HEROMOTOCO,Consumer Cyclical,Auto Manufacturers,N/A,EQUITY,0.0207,3.4,1.464,187.32,0.0366826466809409
2008-09-11,838.0,851.7999877929688,825.0,836.7999877929688,519.328857421875,313748,HEROMOTOCO,Consumer Cyclical,Auto Manufacturers,N/A,EQUITY,0.0207,3.4,1.464,187.32,0.03248483368844697
2008-09-12,740.0,855.0,740.0,837.9500122070312,520.0423583984375,306664,HEROMOTOCO,Consumer Cyclical,Auto Manufacturers,N/A,EQUITY,0.0207,3.4,1.464,187.32,0.1554054054054054
2008-09-15,800.0,835.0,770.0,825.2000122070312,512.1298217773438,439681,HEROMOTOCO,Consumer Cyclical,Auto Manufacturers,N/A,EQUITY,0.0207,3.4,1.464,187.32,0.08441558441558442
2008-09-16,790.2999877929688,862.9000244140625,790.2999877929688,854.0999755859375,530.0652465820312,335309,HEROMOTOCO,Consumer Cyclical,Auto Manufacturers,N/A,EQUITY,0.0207,3.4,1.464,187.32,0.09186389692835532
2008-09-17,860.0,870.5,810.2999877929688,817.4000244140625,507.2889099121094,587178,HEROMOTOCO,Consumer Cyclical,Auto Manufacturers,N/A,EQUITY,0.0207,3.4,1.464,187.32,0.07429348773779362
2008-09-18,792.4000244140625,848.0,785.25,839.5,521.00439453125,279419,HEROMOTOCO,Consumer Cyclical,Auto Manufacturers,N/A,EQUITY,0.0207,3.4,1.464,187.32,0.07991085641515441
2008-09-19,810.0,860.0,802.0499877929688,821.25,509.67816162109375,1174172,HEROMOTOCO,Consumer Cyclical,Auto Manufacturers,N/A,EQUITY,0.0207,3.4,1.464,187.32,0.0722523696640087
2008-09-22,830.0,830.0,801.0999755859375,817.25,507.1957702636719,867721,HEROMOTOCO,Consumer Cyclical,Auto Manufacturers,N/A,EQUITY,0.0207,3.4,1.464,187.32,0.036075427905143245
2008-09-23,813.0,835.75,810.0,827.9500122070312,513.83642578125,553121,HEROMOTOCO,Consumer Cyclical,Auto Manufacturers,N/A,EQUITY,0.0207,3.4,1.464,187.32,0.03179012345679012
2008-09-24,827.9500122070312,852.0,822.1500244140625,844.25,523.9522705078125,496659,HEROMOTOCO,Consumer Cyclical,Auto Manufacturers,N/A,EQUITY,0.0207,3.4,1.464,187.32,0.036307212430251104
2008-09-25,840.0,874.7999877929688,832.7999877929688,860.7999877929688,534.223388671875,859229,HEROMOTOCO,Consumer Cyclical,Auto Manufacturers,N/A,EQUITY,0.0207,3.4,1.464,187.32,0.05043227739628769
2008-09-26,852.0,859.5,843.5499877929688,849.5,527.2106323242188,192678,HEROMOTOCO,Consumer Cyclical,Auto Manufacturers,N/A,EQUITY,0.0207,3.4,1.464,187.32,0.018908200388648263
2008-09-29,850.0,865.0,832.5999755859375,846.25,525.1934814453125,313392,HEROMOTOCO,Consumer Cyclical,Auto Manufacturers,N/A,EQUITY,0.0207,3.4,1.464,187.32,0.03891427499894072
2008-09-30,825.0,879.9000244140625,824.0999755859375,872.2999877929688,541.3604125976562,448215,HEROMOTOCO,Consumer Cyclical,Auto Manufacturers,N/A,EQUITY,0.0207,3.4,1.464,187.32,0.06771029059726764
2008-10-01,880.0,885.0,855.6500244140625,874.7000122070312,542.8499145507812,539876,HEROMOTOCO,Consumer Cyclical,Auto Manufacturers,N/A,EQUITY,0.0207,3.4,1.464,187.32,0.03430137877461754
2008-10-03,856.0499877929688,898.0,856.0499877929688,888.4000244140625,551.3523559570312,751098,HEROMOTOCO,Consumer Cyclical,Auto Manufacturers,N/A,EQUITY,0.0207,3.4,1.464,187.32,0.04900416191253617
2008-10-06,875.0,891.0999755859375,841.3499755859375,856.5999755859375,531.6168823242188,638511,HEROMOTOCO,Consumer Cyclical,Auto Manufacturers,N/A,EQUITY,0.0207,3.4,1.464,187.32,0.05913115997341396
2008-10-07,856.0499877929688,879.7999877929688,856.0499877929688,871.25,540.7088623046875,304414,HEROMOTOCO,Consumer Cyclical,Auto Manufacturers,N/A,EQUITY,0.0207,3.4,1.464,187.32,0.027743706954813735
2008-10-08,862.0,895.0,818.6500244140625,872.5,541.4846801757812,878782,HEROMOTOCO,Consumer Cyclical,Auto Manufacturers,N/A,EQUITY,0.0207,3.4,1.464,187.32,0.09326326673059583
2008-10-10,858.75,880.0,807.2999877929688,815.4000244140625,506.0477294921875,659626,HEROMOTOCO,Consumer Cyclical,Auto Manufacturers,N/A,EQUITY,0.0207,3.4,1.464,187.32,0.09005328044879779
2008-10-13,816.2000122070312,846.0,792.5999755859375,831.4500122070312,516.0086059570312,745816,HEROMOTOCO,Consumer Cyclical,Auto Manufacturers,N/A,EQUITY,0.0207,3.4,1.464,187.32,0.06737323499737177
2008-10-14,854.7999877929688,854.7999877929688,805.25,825.4000244140625,512.2537231445312,612187,HEROMOTOCO,Consumer Cyclical,Auto Manufacturers,N/A,EQUITY,0.0207,3.4,1.464,187.32,0.06153367003162838
2008-10-15,810.0,836.0,807.0,826.3499755859375,512.8434448242188,505576,HEROMOTOCO,Consumer Cyclical,Auto Manufacturers,N/A,EQUITY,0.0207,3.4,1.464,187.32,0.03593556381660471
2008-10-16,815.0,852.7000122070312,795.0,845.0,524.4176635742188,760214,HEROMOTOCO,Consumer Cyclical,Auto Manufacturers,N/A,EQUITY,0.0207,3.4,1.464,187.32,0.07257863170695755
2008-10-17,850.1500244140625,853.9500122070312,796.2000122070312,814.5999755859375,505.5511474609375,662872,HEROMOTOCO,Consumer Cyclical,Auto Manufacturers,N/A,EQUITY,0.0207,3.4,1.464,187.32,0.07253202601682905
2008-10-20,812.0,825.0,801.2000122070312,806.25,500.3690185546875,374802,HEROMOTOCO,Consumer Cyclical,Auto Manufacturers,N/A,EQUITY,0.0207,3.4,1.464,187.32,0.029705426148719027
2008-10-21,820.0,829.0,808.0,824.5499877929688,511.7261657714844,675873,HEROMOTOCO,Consumer Cyclical,Auto Manufacturers,N/A,EQUITY,0.0207,3.4,1.464,187.32,0.02599009900990099
2008-10-22,829.0,846.0,806.0,811.5499877929688,503.6583251953125,597092,HEROMOTOCO,Consumer Cyclical,Auto Manufacturers,N/A,EQUITY,0.0207,3.4,1.464,187.32,0.04962779156327544
2008-10-23,806.0,809.7000122070312,746.6500244140625,760.4000244140625,471.9138488769531,814184,HEROMOTOCO,Consumer Cyclical,Auto Manufacturers,N/A,EQUITY,0.0207,3.4,1.464,187.32,0.0844438300828391
2008-10-24,756.0999755859375,768.0,722.5999755859375,728.1500244140625,451.899169921875,587297,HEROMOTOCO,Consumer Cyclical,Auto Manufacturers,N/A,EQUITY,0.0207,3.4,1.464,187.32,0.06282871014111065
2008-10-27,725.0,727.0,661.0999755859375,699.8499755859375,434.33575439453125,427550,HEROMOTOCO,Consumer Cyclical,Auto Manufacturers,N/A,EQUITY,0.0207,3.4,1.464,187.32,0.09968238821315165
2008-10-29,755.0,797.9500122070312,706.0,769.0,477.2510986328125,749833,HEROMOTOCO,Consumer Cyclical,Auto Manufacturers,N/A,EQUITY,0.0207,3.4,1.464,187.32,0.13024081049154568
2008-10-31,771.0,778.0,732.1500244140625,745.4000244140625,462.6047668457031,673530,HEROMOTOCO,Consumer Cyclical,Auto Manufacturers,N/A,EQUITY,0.0207,3.4,1.464,187.32,0.0626237438462576
2008-11-03,765.0,768.0,713.5,729.5499877929688,452.76800537109375,430333,HEROMOTOCO,Consumer Cyclical,Auto Manufacturers,N/A,EQUITY,0.0207,3.4,1.464,187.32,0.07638402242466713
2008-11-04,725.4000244140625,741.9000244140625,720.25,733.2999877929688,455.09527587890625,516449,HEROMOTOCO,Consumer Cyclical,Auto Manufacturers,N/A,EQUITY,0.0207,3.4,1.464,187.32,0.030059041185786187
2008-11-05,700.0,760.0999755859375,700.0,745.5,462.6668701171875,339273,HEROMOTOCO,Consumer Cyclical,Auto Manufacturers,N/A,EQUITY,0.0207,3.4,1.464,187.32,0.08585710797991071
2008-11-06,735.0,746.0,720.0,724.4500122070312,449.60284423828125,393671,HEROMOTOCO,Consumer Cyclical,Auto Manufacturers,N/A,EQUITY,0.0207,3.4,1.464,187.32,0.03611111111111111
2008-11-07,723.0,765.0,720.0,751.7999877929688,466.57666015625,443758,HEROMOTOCO,Consumer Cyclical,Auto Manufacturers,N/A,EQUITY,0.0207,3.4,1.464,187.32,0.0625
2008-11-10,757.0,763.9500122070312,741.0499877929688,756.25,469.33831787109375,183459,HEROMOTOCO,Consumer Cyclical,Auto Manufacturers,N/A,EQUITY,0.0207,3.4,1.464,187.32,0.03090213182819754
2008-11-11,745.0,753.0,733.2999877929688,746.0999755859375,463.0390625,146796,HEROMOTOCO,Consumer Cyclical,Auto Manufacturers,N/A,EQUITY,0.0207,3.4,1.464,187.32,0.02686487458744254
2008-11-12,746.0,760.0,728.25,752.75,467.1662292480469,284446,HEROMOTOCO,Consumer Cyclical,Auto Manufacturers,N/A,EQUITY,0.0207,3.4,1.464,187.32,0.04359766563680055
2008-11-14,761.0,761.0,715.0,726.6500244140625,450.96820068359375,738337,HEROMOTOCO,Consumer Cyclical,Auto Manufacturers,N/A,EQUITY,0.0207,3.4,1.464,187.32,0.06433566433566433
2008-11-17,733.9000244140625,733.9000244140625,708.2000122070312,719.9500122070312,446.81024169921875,411990,HEROMOTOCO,Consumer Cyclical,Auto Manufacturers,N/A,EQUITY,0.0207,3.4,1.464,187.32,0.036289200457565444
2008-11-18,714.0,739.7000122070312,713.0499877929688,723.2999877929688,448.88916015625,685242,HEROMOTOCO,Consumer Cyclical,Auto Manufacturers,N/A,EQUITY,0.0207,3.4,1.464,187.32,0.037374693037369816
2008-11-19,725.0,761.7000122070312,725.0,749.9000244140625,465.39752197265625,545244,HEROMOTOCO,Consumer Cyclical,Auto Manufacturers,N/A,EQUITY,0.0207,3.4,1.464,187.32,0.050620706492456896
2008-11-20,726.0,734.7999877929688,700.5499877929688,713.25,442.652099609375,1279152,HEROMOTOCO,Consumer Cyclical,Auto Manufacturers,N/A,EQUITY,0.0207,3.4,1.464,187.32,0.04889015858511697
2008-11-21,720.0,760.0,691.25,710.3499755859375,440.85235595703125,685629,HEROMOTOCO,Consumer Cyclical,Auto Manufacturers,N/A,EQUITY,0.0207,3.4,1.464,187.32,0.09945750452079566
2008-11-24,742.75,748.7999877929688,712.2999877929688,727.7000122070312,451.6198425292969,1075034,HEROMOTOCO,Consumer Cyclical,Auto Manufacturers,N/A,EQUITY,0.0207,3.4,1.464,187.32,0.05124245490034852
2008-11-25,730.5499877929688,754.9500122070312,725.0999755859375,742.0,460.4946594238281,564956,HEROMOTOCO,Consumer Cyclical,Auto Manufacturers,N/A,EQUITY,0.0207,3.4,1.464,187.32,0.04116678751364263
2008-11-26,749.9000244140625,799.9500122070312,733.25,781.3499755859375,484.91595458984375,516336,HEROMOTOCO,Consumer Cyclical,Auto Manufacturers,N/A,EQUITY,0.0207,3.4,1.464,187.32,0.09096489902084044
2008-11-27,781.3499755859375,781.3499755859375,781.3499755859375,781.3499755859375,484.91595458984375,0,HEROMOTOCO,Consumer Cyclical,Auto Manufacturers,N/A,EQUITY,0.0207,3.4,1.464,187.32,0.0
2008-11-28,789.9000244140625,823.7000122070312,745.5,803.6500244140625,498.75531005859375,845901,HEROMOTOCO,Consumer Cyclical,Auto Manufacturers,N/A,EQUITY,0.0207,3.4,1.464,187.32,0.10489605929849934
2008-12-01,798.0,798.0,755.5,759.0,471.0450744628906,608255,HEROMOTOCO,Consumer Cyclical,Auto Manufacturers,N/A,EQUITY,0.0207,3.4,1.464,187.32,0.05625413633355394
2008-12-02,735.0,763.9000244140625,720.0499877929688,760.1500244140625,471.7588195800781,533848,HEROMOTOCO,Consumer Cyclical,Auto Manufacturers,N/A,EQUITY,0.0207,3.4,1.464,187.32,0.060898600603409306
2008-12-03,760.0,760.0,735.5,745.5499877929688,462.69775390625,439298,HEROMOTOCO,Consumer Cyclical,Auto Manufacturers,N/A,EQUITY,0.0207,3.4,1.464,187.32,0.03331067301155676
2008-12-04,740.0,760.0,733.7000122070312,748.2000122070312,464.3423767089844,515361,HEROMOTOCO,Consumer Cyclical,Auto Manufacturers,N/A,EQUITY,0.0207,3.4,1.464,187.32,0.0358456962728625
2008-12-05,750.0,773.0,740.5,760.9000244140625,472.2243957519531,431148,HEROMOTOCO,Consumer Cyclical,Auto Manufacturers,N/A,EQUITY,0.0207,3.4,1.464,187.32,0.04388926401080351
2008-12-08,770.0,804.4000244140625,770.0,788.3499755859375,489.2599792480469,965737,HEROMOTOCO,Consumer Cyclical,Auto Manufacturers,N/A,EQUITY,0.0207,3.4,1.464,187.32,0.04467535638189935
2008-12-10,795.0,804.7999877929688,787.25,795.5499877929688,493.72845458984375,408052,HEROMOTOCO,Consumer Cyclical,Auto Manufacturers,N/A,EQUITY,0.0207,3.4,1.464,187.32,0.022292775856422673
2008-12-11,800.0,800.0999755859375,781.5499877929688,792.0499877929688,491.55615234375,262493,HEROMOTOCO,Consumer Cyclical,Auto Manufacturers,N/A,EQUITY,0.0207,3.4,1.464,187.32,0.023734870555564017
2008-12-12,780.0,784.4000244140625,766.0,781.0999755859375,484.76068115234375,260237,HEROMOTOCO,Consumer Cyclical,Auto Manufacturers,N/A,EQUITY,0.0207,3.4,1.464,187.32,0.024020919600603787
2008-12-15,786.0999755859375,798.0,783.0,792.7999877929688,492.0217590332031,162348,HEROMOTOCO,Consumer Cyclical,Auto Manufacturers,N/A,EQUITY,0.0207,3.4,1.464,187.32,0.019157088122605363
2008-12-16,798.7999877929688,815.0,787.1500244140625,810.0,502.6964111328125,644543,HEROMOTOCO,Consumer Cyclical,Auto Manufacturers,N/A,EQUITY,0.0207,3.4,1.464,187.32,0.03538077205380057
2008-12-17,810.0,825.0,799.0499877929688,807.5999755859375,501.2068176269531,463654,HEROMOTOCO,Consumer Cyclical,Auto Manufacturers,N/A,EQUITY,0.0207,3.4,1.464,187.32,0.03247608110064175
2008-12-18,809.0,826.0,802.0,820.2999877929688,509.08843994140625,463444,HEROMOTOCO,Consumer Cyclical,Auto Manufacturers,N/A,EQUITY,0.0207,3.4,1.464,187.32,0.029925187032418952
2008-12-19,822.9000244140625,842.7999877929688,815.2000122070312,822.7000122070312,510.57806396484375,550335,HEROMOTOCO,Consumer Cyclical,Auto Manufacturers,N/A,EQUITY,0.0207,3.4,1.464,187.32,0.033856691821206826
2008-12-22,821.0,823.9000244140625,800.0999755859375,802.7000122070312,498.1658020019531,314812,HEROMOTOCO,Consumer Cyclical,Auto Manufacturers,N/A,EQUITY,0.0207,3.4,1.464,187.32,0.02974634364998637
2008-12-23,803.0,817.0,792.2000122070312,809.7999877929688,502.5722351074219,425709,HEROMOTOCO,Consumer Cyclical,Auto Manufacturers,N/A,EQUITY,0.0207,3.4,1.464,187.32,0.031305210061632255
2008-12-24,805.0,819.7999877929688,800.0,815.2999877929688,505.98565673828125,460116,HEROMOTOCO,Consumer Cyclical,Auto Manufacturers,N/A,EQUITY,0.0207,3.4,1.464,187.32,0.02474998474121094
2008-12-26,810.0,815.0,787.25,790.75,490.7495422363281,142593,HEROMOTOCO,Consumer Cyclical,Auto Manufacturers,N/A,EQUITY,0.0207,3.4,1.464,187.32,0.03524928548745634
2008-12-29,804.0,810.5,785.25,805.0,499.59320068359375,428302,HEROMOTOCO,Consumer Cyclical,Auto Manufacturers,N/A,EQUITY,0.0207,3.4,1.464,187.32,0.03215536453358803
2008-12-30,801.0,815.0,792.25,811.3499755859375,503.5341796875,490203,HEROMOTOCO,Consumer Cyclical,Auto Manufacturers,N/A,EQUITY,0.0207,3.4,1.464,187.32,0.028715683180814137
2008-12-31,815.0,816.0,800.0,803.6500244140625,498.75531005859375,232517,HEROMOTOCO,Consumer Cyclical,Auto Manufacturers,N/A,EQUITY,0.0207,3.4,1.464,187.32,0.02
2009-01-02,818.7999877929688,818.7999877929688,786.0,791.6500244140625,491.3079833984375,360049,HEROMOTOCO,Consumer Cyclical,Auto Manufacturers,N/A,EQUITY,0.0207,3.4,1.464,187.32,0.04173026436764472
2009-01-05,802.9000244140625,802.9000244140625,770.0499877929688,778.4500122070312,483.1160583496094,436290,HEROMOTOCO,Consumer Cyclical,Auto Manufacturers,N/A,EQUITY,0.0207,3.4,1.464,187.32,0.04265961579357316
2009-01-06,777.0,797.0,765.25,790.25,490.439208984375,603026,HEROMOTOCO,Consumer Cyclical,Auto Manufacturers,N/A,EQUITY,0.0207,3.4,1.464,187.32,0.04148970924534466
2009-01-07,790.0,795.0,760.3499755859375,774.25,480.5094909667969,303817,HEROMOTOCO,Consumer Cyclical,Auto Manufacturers,N/A,EQUITY,0.0207,3.4,1.464,187.32,0.0455711521360419
2009-01-09,770.0,810.0,751.25,802.3499755859375,497.9485168457031,462178,HEROMOTOCO,Consumer Cyclical,Auto Manufacturers,N/A,EQUITY,0.0207,3.4,1.464,187.32,0.07820299500831947
2009-01-12,798.0,805.0,780.0,781.7999877929688,485.19500732421875,391743,HEROMOTOCO,Consumer Cyclical,Auto Manufacturers,N/A,EQUITY,0.0207,3.4,1.464,187.32,0.03205128205128205
2009-01-13,785.0999755859375,814.0,771.5,805.0,499.59320068359375,434951,HEROMOTOCO,Consumer Cyclical,Auto Manufacturers,N/A,EQUITY,0.0207,3.4,1.464,187.32,0.05508749189889825
2009-01-14,808.0,838.0,800.25,827.7000122070312,513.68115234375,687498,HEROMOTOCO,Consumer Cyclical,Auto Manufacturers,N/A,EQUITY,0.0207,3.4,1.464,187.32,0.0471727585129647
2009-01-15,822.0,840.0,811.0,832.2000122070312,516.4739990234375,691098,HEROMOTOCO,Consumer Cyclical,Auto Manufacturers,N/A,EQUITY,0.0207,3.4,1.464,187.32,0.035758323057953144
2009-01-16,834.9000244140625,849.9000244140625,824.0,844.7000122070312,524.231689453125,329513,HEROMOTOCO,Consumer Cyclical,Auto Manufacturers,N/A,EQUITY,0.0207,3.4,1.464,187.32,0.031432068463668084
2009-01-19,844.0,846.0,836.0,839.8499755859375,521.2215576171875,238233,HEROMOTOCO,Consumer Cyclical,Auto Manufacturers,N/A,EQUITY,0.0207,3.4,1.464,187.32,0.011961722488038277
2009-01-20,835.0,844.0,817.0,836.7999877929688,519.328857421875,264049,HEROMOTOCO,Consumer Cyclical,Auto Manufacturers,N/A,EQUITY,0.0207,3.4,1.464,187.32,0.033047735618115054
2009-01-21,833.5,849.7999877929688,832.0,841.5,522.2456665039062,770472,HEROMOTOCO,Consumer Cyclical,Auto Manufacturers,N/A,EQUITY,0.0207,3.4,1.464,187.32,0.02139421609731821
2009-01-22,841.0,853.0,832.25,849.4500122070312,527.1796264648438,589386,HEROMOTOCO,Consumer Cyclical,Auto Manufacturers,N/A,EQUITY,0.0207,3.4,1.464,187.32,0.02493241213577651
2009-01-23,841.25,852.7999877929688,832.1500244140625,846.5999755859375,525.4107666015625,194235,HEROMOTOCO,Consumer Cyclical,Auto Manufacturers,N/A,EQUITY,0.0207,3.4,1.464,187.32,0.02481519290160017
2009-01-27,835.0,868.7999877929688,835.0,857.1500244140625,531.9583129882812,594526,HEROMOTOCO,Consumer Cyclical,Auto Manufacturers,N/A,EQUITY,0.0207,3.4,1.464,187.32,0.04047902729696856
2009-01-28,860.0,876.7999877929688,855.0,870.7999877929688,540.4295654296875,397412,HEROMOTOCO,Consumer Cyclical,Auto Manufacturers,N/A,EQUITY,0.0207,3.4,1.464,187.32,0.02549706174616228
2009-01-29,875.0,890.0,862.0,884.25,548.7766723632812,601241,HEROMOTOCO,Consumer Cyclical,Auto Manufacturers,N/A,EQUITY,0.0207,3.4,1.464,187.32,0.03248259860788863
2009-01-30,883.8499755859375,883.8499755859375,863.2000122070312,876.8499755859375,544.1842041015625,410217,HEROMOTOCO,Consumer Cyclical,Auto Manufacturers,N/A,EQUITY,0.0207,3.4,1.464,187.32,0.02392257076793638
2009-02-02,878.0,889.7999877929688,861.25,878.0499877929688,544.928955078125,271465,HEROMOTOCO,Consumer Cyclical,Auto Manufacturers,N/A,EQUITY,0.0207,3.4,1.464,187.32,0.03314947784379536
2009-02-03,865.2000122070312,886.0,865.2000122070312,878.1500244140625,544.9911499023438,230806,HEROMOTOCO,Consumer Cyclical,Auto Manufacturers,N/A,EQUITY,0.0207,3.4,1.464,187.32,0.024040669786758603
2009-02-04,888.0,888.0,872.0,877.75,544.742919921875,65578,HEROMOTOCO,Consumer Cyclical,Auto Manufacturers,N/A,EQUITY,0.0207,3.4,1.464,187.32,0.01834862385321101
2009-02-05,880.0999755859375,880.0999755859375,863.2999877929688,873.4500122070312,542.0742797851562,102170,HEROMOTOCO,Consumer Cyclical,Auto Manufacturers,N/A,EQUITY,0.0207,3.4,1.464,187.32,0.01946019695415265
2009-02-06,873.0499877929688,884.4000244140625,873.0499877929688,880.0,546.1392822265625,102068,HEROMOTOCO,Consumer Cyclical,Auto Manufacturers,N/A,EQUITY,0.0207,3.4,1.464,187.32,0.013000443021351085
2009-02-09,880.7999877929688,893.0,876.0499877929688,885.4500122070312,549.5215454101562,234630,HEROMOTOCO,Consumer Cyclical,Auto Manufacturers,N/A,EQUITY,0.0207,3.4,1.464,187.32,0.019348224922339632
2009-02-10,901.0,999.5999755859375,878.25,888.5,551.4144897460938,431505,HEROMOTOCO,Consumer Cyclical,Auto Manufacturers,N/A,EQUITY,0.0207,3.4,1.464,187.32,0.1381724743363934
2009-02-11,887.0,910.0,885.0,902.4500122070312,560.072021484375,326216,HEROMOTOCO,Consumer Cyclical,Auto Manufacturers,N/A,EQUITY,0.0207,3.4,1.464,187.32,0.02824858757062147
2009-02-12,902.4500122070312,925.4000244140625,892.2000122070312,918.3499755859375,569.939697265625,364383,HEROMOTOCO,Consumer Cyclical,Auto Manufacturers,N/A,EQUITY,0.0207,3.4,1.464,187.32,0.03721140075408038
2009-02-13,925.0,936.7999877929688,920.3499755859375,932.1500244140625,578.5042114257812,725116,HEROMOTOCO,Consumer Cyclical,Auto Manufacturers,N/A,EQUITY,0.0207,3.4,1.464,187.32,0.017873648767750994
2009-02-16,930.0,944.0,927.0,934.5,579.9625854492188,584020,HEROMOTOCO,Consumer Cyclical,Auto Manufacturers,N/A,EQUITY,0.0207,3.4,1.464,187.32,0.018338727076591153
2009-02-17,934.0,950.0,922.5,945.1500244140625,586.5721435546875,410390,HEROMOTOCO,Consumer Cyclical,Auto Manufacturers,N/A,EQUITY,0.0207,3.4,1.464,187.32,0.02981029810298103
2009-02-18,945.0,945.0,925.0999755859375,932.4500122070312,578.6904296875,282527,HEROMOTOCO,Consumer Cyclical,Auto Manufacturers,N/A,EQUITY,0.0207,3.4,1.464,187.32,0.021511214938102523
2009-02-19,921.2999877929688,944.5,921.2999877929688,930.9000244140625,577.7284545898438,474945,HEROMOTOCO,Consumer Cyclical,Auto Manufacturers,N/A,EQUITY,0.0207,3.4,1.464,187.32,0.025181821897781977
2009-02-20,928.0,934.0,912.1500244140625,917.25,569.2570190429688,711981,HEROMOTOCO,Consumer Cyclical,Auto Manufacturers,N/A,EQUITY,0.0207,3.4,1.464,187.32,0.02395436605943552
2009-02-24,915.0,915.0,892.0,899.0499877929688,557.9617919921875,842787,HEROMOTOCO,Consumer Cyclical,Auto Manufacturers,N/A,EQUITY,0.0207,3.4,1.464,187.32,0.0257847533632287
2009-02-25,911.0,919.2999877929688,892.5999755859375,895.9500122070312,556.0380249023438,657445,HEROMOTOCO,Consumer Cyclical,Auto Manufacturers,N/A,EQUITY,0.0207,3.4,1.464,187.32,0.029912629327044648
2009-02-26,893.0,930.0499877929688,890.0499877929688,927.0999755859375,575.3701171875,819319,HEROMOTOCO,Consumer Cyclical,Auto Manufacturers,N/A,EQUITY,0.0207,3.4,1.464,187.32,0.0449412960492105
2009-02-27,925.9500122070312,935.5,906.0999755859375,929.7000122070312,576.983642578125,409831,HEROMOTOCO,Consumer Cyclical,Auto Manufacturers,N/A,EQUITY,0.0207,3.4,1.464,187.32,0.03244677762522918
2009-03-02,932.0,932.0,896.0,902.5,560.10302734375,544506,HEROMOTOCO,Consumer Cyclical,Auto Manufacturers,N/A,EQUITY,0.0207,3.4,1.464,187.32,0.04017857142857143
2009-03-03,899.0,918.0999755859375,896.0,900.7000122070312,558.9857788085938,315750,HEROMOTOCO,Consumer Cyclical,Auto Manufacturers,N/A,EQUITY,0.0207,3.4,1.464,187.32,0.02466515132359096
2009-03-04,905.0,934.9000244140625,903.5,928.25,576.0838623046875,420238,HEROMOTOCO,Consumer Cyclical,Auto Manufacturers,N/A,EQUITY,0.0207,3.4,1.464,187.32,0.034753762494811845
2009-03-05,935.0,945.0,925.0,936.3499755859375,581.1107177734375,775530,HEROMOTOCO,Consumer Cyclical,Auto Manufacturers,N/A,EQUITY,0.0207,3.4,1.464,187.32,0.021621621621621623
2009-03-06,932.0,934.9000244140625,916.0,928.5,576.2388916015625,319817,HEROMOTOCO,Consumer Cyclical,Auto Manufacturers,N/A,EQUITY,0.0207,3.4,1.464,187.32,0.020633214425832425
2009-03-09,923.0,940.6500244140625,922.0,935.4500122070312,580.5521850585938,337146,HEROMOTOCO,Consumer Cyclical,Auto Manufacturers,N/A,EQUITY,0.0207,3.4,1.464,187.32,0.02022779220614154
2009-03-12,937.0,975.0,937.0,970.4000244140625,602.2425537109375,699634,HEROMOTOCO,Consumer Cyclical,Auto Manufacturers,N/A,EQUITY,0.0207,3.4,1.464,187.32,0.04055496264674493
2009-03-13,979.0,988.0,956.5,961.5,596.7192993164062,930070,HEROMOTOCO,Consumer Cyclical,Auto Manufacturers,N/A,EQUITY,0.0207,3.4,1.464,187.32,0.03293256664924203
2009-03-16,961.0,977.4000244140625,950.0,964.5999755859375,598.6429443359375,652917,HEROMOTOCO,Consumer Cyclical,Auto Manufacturers,N/A,EQUITY,0.0207,3.4,1.464,187.32,0.02884213096217105
2009-03-17,967.5999755859375,983.0,956.0,973.7000122070312,604.2905883789062,520791,HEROMOTOCO,Consumer Cyclical,Auto Manufacturers,N/A,EQUITY,0.0207,3.4,1.464,187.32,0.028242677824267783
2009-03-18,975.25,1007.5,975.25,997.9000244140625,619.3093872070312,827840,HEROMOTOCO,Consumer Cyclical,Auto Manufacturers,N/A,EQUITY,0.0207,3.4,1.464,187.32,0.033068443988720844
2009-03-19,997.5,1014.0,984.2000122070312,990.9000244140625,614.9652099609375,556708,HEROMOTOCO,Consumer Cyclical,Auto Manufacturers,N/A,EQUITY,0.0207,3.4,1.464,187.32,0.030278385920909923
2009-03-20,989.7000122070312,1007.0,985.0999755859375,997.6500244140625,619.154296875,253444,HEROMOTOCO,Consumer Cyclical,Auto Manufacturers,N/A,EQUITY,0.0207,3.4,1.464,187.32,0.02223127089312571
2009-03-23,1000.0,1016.8499755859375,990.0999755859375,1000.9500122070312,621.2023315429688,812024,HEROMOTOCO,Consumer Cyclical,Auto Manufacturers,N/A,EQUITY,0.0207,3.4,1.464,187.32,0.027017473648728703
2009-03-24,1000.0,1017.0,999.7999877929688,1008.0999755859375,625.6396484375,761207,HEROMOTOCO,Consumer Cyclical,Auto Manufacturers,N/A,EQUITY,0.0207,3.4,1.464,187.32,0.01720345310765587
2009-03-25,1003.0999755859375,1016.0,999.0,1011.2000122070312,627.5635375976562,499206,HEROMOTOCO,Consumer Cyclical,Auto Manufacturers,N/A,EQUITY,0.0207,3.4,1.464,187.32,0.01701701701701702
2009-03-26,1010.0,1052.5,1008.5499877929688,1031.6500244140625,640.2551879882812,1292111,HEROMOTOCO,Consumer Cyclical,Auto Manufacturers,N/A,EQUITY,0.0207,3.4,1.464,187.32,0.04357742574882975
2009-03-27,1028.5,1103.8499755859375,1021.0,1090.800048828125,676.9645385742188,934713,HEROMOTOCO,Consumer Cyclical,Auto Manufacturers,N/A,EQUITY,0.0207,3.4,1.464,187.32,0.08114591144558031
2009-03-30,1095.0,1103.0,1033.300048828125,1047.449951171875,650.0607299804688,690003,HEROMOTOCO,Consumer Cyclical,Auto Manufacturers,N/A,EQUITY,0.0207,3.4,1.464,187.32,0.06745373838985332
2009-03-31,1058.8499755859375,1077.449951171875,1042.449951171875,1071.1500244140625,664.769287109375,462046,HEROMOTOCO,Consumer Cyclical,Auto Manufacturers,N/A,EQUITY,0.0207,3.4,1.464,187.32,0.033574753359290374
2009-04-01,1075.0,1080.0,1028.050048828125,1039.75,645.2822265625,531784,HEROMOTOCO,Consumer Cyclical,Auto Manufacturers,N/A,EQUITY,0.0207,3.4,1.464,187.32,0.050532511749882984
2009-04-02,1040.0,1064.9000244140625,1015.25,1029.5999755859375,638.9829711914062,1040776,HEROMOTOCO,Consumer Cyclical,Auto Manufacturers,N/A,EQUITY,0.0207,3.4,1.464,187.32,0.04890423483286136
2009-04-06,1036.0,1074.9000244140625,1036.0,1063.949951171875,660.3008422851562,694211,HEROMOTOCO,Consumer Cyclical,Auto Manufacturers,N/A,EQUITY,0.0207,3.4,1.464,187.32,0.03754828611395994
2009-04-08,1041.5,1095.0,1041.5,1078.25,669.1756591796875,957477,HEROMOTOCO,Consumer Cyclical,Auto Manufacturers,N/A,EQUITY,0.0207,3.4,1.464,187.32,0.0513682189150264
2009-04-09,1062.5,1096.800048828125,1060.0999755859375,1066.449951171875,661.8524169921875,623191,HEROMOTOCO,Consumer Cyclical,Auto Manufacturers,N/A,EQUITY,0.0207,3.4,1.464,187.32,0.03461944541778021
2009-04-13,1060.0,1084.0999755859375,1049.550048828125,1058.800048828125,657.104736328125,483939,HEROMOTOCO,Consumer Cyclical,Auto Manufacturers,N/A,EQUITY,0.0207,3.4,1.464,187.32,0.03291879867605096
2009-04-15,1050.0,1077.0,1047.0,1068.5999755859375,663.1865844726562,1235833,HEROMOTOCO,Consumer Cyclical,Auto Manufacturers,N/A,EQUITY,0.0207,3.4,1.464,187.32,0.02865329512893983
2009-04-16,1075.0,1097.0,1066.199951171875,1077.5999755859375,668.7722778320312,967548,HEROMOTOCO,Consumer Cyclical,Auto Manufacturers,N/A,EQUITY,0.0207,3.4,1.464,187.32,0.028887685461129728
2009-04-17,1080.0999755859375,1119.0,1080.0999755859375,1110.1500244140625,688.973388671875,736486,HEROMOTOCO,Consumer Cyclical,Auto Manufacturers,N/A,EQUITY,0.0207,3.4,1.464,187.32,0.03601520719687068
2009-04-20,1115.25,1144.5,1096.25,1125.25,698.3445434570312,634126,HEROMOTOCO,Consumer Cyclical,Auto Manufacturers,N/A,EQUITY,0.0207,3.4,1.464,187.32,0.04401368301026226
2009-04-21,1110.0,1129.4000244140625,1095.0,1100.949951171875,683.263427734375,1168135,HEROMOTOCO,Consumer Cyclical,Auto Manufacturers,N/A,EQUITY,0.0207,3.4,1.464,187.32,0.03141554741010274
2009-04-22,1128.5,1128.5,1072.0999755859375,1081.1500244140625,670.9755249023438,1404346,HEROMOTOCO,Consumer Cyclical,Auto Manufacturers,N/A,EQUITY,0.0207,3.4,1.464,187.32,0.05260705689619856
2009-04-23,1098.0,1152.0,1077.199951171875,1124.9000244140625,698.127197265625,1134164,HEROMOTOCO,Consumer Cyclical,Auto Manufacturers,N/A,EQUITY,0.0207,3.4,1.464,187.32,0.06943933551681912
2009-04-24,1122.5,1158.5,1122.1500244140625,1147.300048828125,712.0291137695312,893916,HEROMOTOCO,Consumer Cyclical,Auto Manufacturers,N/A,EQUITY,0.0207,3.4,1.464,187.32,0.032393151356849864
2009-04-27,1113.0,1149.8499755859375,1100.050048828125,1129.9000244140625,701.2302856445312,347096,HEROMOTOCO,Consumer Cyclical,Auto Manufacturers,N/A,EQUITY,0.0207,3.4,1.464,187.32,0.045270600924806996
2009-04-28,1133.699951171875,1133.699951171875,1105.550048828125,1122.449951171875,696.606689453125,177825,HEROMOTOCO,Consumer Cyclical,Auto Manufacturers,N/A,EQUITY,0.0207,3.4,1.464,187.32,0.025462350052436515
2009-04-29,1130.0,1199.0,1130.0,1182.6500244140625,733.967529296875,576627,HEROMOTOCO,Consumer Cyclical,Auto Manufacturers,N/A,EQUITY,0.0207,3.4,1.464,187.32,0.061061946902654866
2009-04-30,1184.9000244140625,1184.9000244140625,1184.9000244140625,1184.9000244140625,735.3639526367188,0,HEROMOTOCO,Consumer Cyclical,Auto Manufacturers,N/A,EQUITY,0.0207,3.4,1.464,187.32,0.0
2009-05-04,1199.75,1247.699951171875,1187.0,1203.449951171875,746.8762817382812,617249,HEROMOTOCO,Consumer Cyclical,Auto Manufacturers,N/A,EQUITY,0.0207,3.4,1.464,187.32,0.051137279841512215
2009-05-05,1187.0,1218.8499755859375,1187.0,1199.25,744.2698974609375,468063,HEROMOTOCO,Consumer Cyclical,Auto Manufacturers,N/A,EQUITY,0.0207,3.4,1.464,187.32,0.02683232989548231
2009-05-06,1190.0,1213.0,1181.0,1203.550048828125,746.9385986328125,626939,HEROMOTOCO,Consumer Cyclical,Auto Manufacturers,N/A,EQUITY,0.0207,3.4,1.464,187.32,0.027095681625740897
2009-05-07,1187.0,1229.800048828125,1180.0,1219.300048828125,756.7131958007812,322267,HEROMOTOCO,Consumer Cyclical,Auto Manufacturers,N/A,EQUITY,0.0207,3.4,1.464,187.32,0.04220343121027542
2009-05-08,1218.0,1237.300048828125,1192.1500244140625,1225.0999755859375,760.312744140625,362565,HEROMOTOCO,Consumer Cyclical,Auto Manufacturers,N/A,EQUITY,0.0207,3.4,1.464,187.32,0.037872770615639234
2009-05-11,1230.0,1245.0,1211.3499755859375,1221.949951171875,758.3575439453125,225913,HEROMOTOCO,Consumer Cyclical,Auto Manufacturers,N/A,EQUITY,0.0207,3.4,1.464,187.32,0.027778945054905187
2009-05-12,1220.0,1227.699951171875,1163.0,1194.5,741.3218383789062,884586,HEROMOTOCO,Consumer Cyclical,Auto Manufacturers,N/A,EQUITY,0.0207,3.4,1.464,187.32,0.05563194425784609
2009-05-13,1195.0,1214.949951171875,1186.3499755859375,1194.8499755859375,741.5390625,427792,HEROMOTOCO,Consumer Cyclical,Auto Manufacturers,N/A,EQUITY,0.0207,3.4,1.464,187.32,0.02410753670881309
2009-05-14,1189.699951171875,1214.699951171875,1173.0,1212.5,752.4931030273438,366642,HEROMOTOCO,Consumer Cyclical,Auto Manufacturers,N/A,EQUITY,0.0207,3.4,1.464,187.32,0.03554983049605712
2009-05-15,1191.5,1230.0,1191.5,1221.9000244140625,758.3267211914062,536404,HEROMOTOCO,Consumer Cyclical,Auto Manufacturers,N/A,EQUITY,0.0207,3.4,1.464,187.32,0.03231221149811162
2009-05-18,1320.0,1584.75,1320.0,1487.300048828125,923.0372314453125,2749,HEROMOTOCO,Consumer Cyclical,Auto Manufacturers,N/A,EQUITY,0.0207,3.4,1.464,187.32,0.2005681818181818
2009-05-19,1501.25,1587.800048828125,1300.050048828125,1340.0999755859375,831.6832275390625,1728704,HEROMOTOCO,Consumer Cyclical,Auto Manufacturers,N/A,EQUITY,0.0207,3.4,1.464,187.32,0.2213376325468239
2009-05-20,1285.0,1364.3499755859375,1271.25,1299.050048828125,806.2068481445312,767022,HEROMOTOCO,Consumer Cyclical,Auto Manufacturers,N/A,EQUITY,0.0207,3.4,1.464,187.32,0.07323498571165192
2009-05-21,1290.0,1297.9000244140625,1255.0,1265.1500244140625,785.1681518554688,251679,HEROMOTOCO,Consumer Cyclical,Auto Manufacturers,N/A,EQUITY,0.0207,3.4,1.464,187.32,0.034183286385707175
2009-05-22,1260.0,1304.949951171875,1239.9000244140625,1298.199951171875,805.6793823242188,358715,HEROMOTOCO,Consumer Cyclical,Auto Manufacturers,N/A,EQUITY,0.0207,3.4,1.464,187.32,0.05246384827563257
2009-05-25,1292.199951171875,1331.0,1286.050048828125,1324.0999755859375,821.7534790039062,523194,HEROMOTOCO,Consumer Cyclical,Auto Manufacturers,N/A,EQUITY,0.0207,3.4,1.464,187.32,0.034951945464979615
2009-05-26,1338.0,1353.0,1292.0,1342.949951171875,833.4518432617188,698659,HEROMOTOCO,Consumer Cyclical,Auto Manufacturers,N/A,EQUITY,0.0207,3.4,1.464,187.32,0.04721362229102167
2009-05-27,1379.0,1382.0,1320.0,1359.050048828125,843.4437866210938,410067,HEROMOTOCO,Consumer Cyclical,Auto Manufacturers,N/A,EQUITY,0.0207,3.4,1.464,187.32,0.04696969696969697
2009-05-28,1346.0999755859375,1376.050048828125,1310.0,1327.5,823.8637084960938,654393,HEROMOTOCO,Consumer Cyclical,Auto Manufacturers,N/A,EQUITY,0.0207,3.4,1.464,187.32,0.05041988460162214
2009-05-29,1327.0,1353.0,1300.0,1337.1500244140625,829.8522338867188,966189,HEROMOTOCO,Consumer Cyclical,Auto Manufacturers,N/A,EQUITY,0.0207,3.4,1.464,187.32,0.040769230769230766
2009-06-01,1350.5,1383.5,1347.0,1365.9000244140625,847.695068359375,635493,HEROMOTOCO,Consumer Cyclical,Auto Manufacturers,N/A,EQUITY,0.0207,3.4,1.464,187.32,0.027097253155159613
2009-06-02,1380.0,1424.0,1370.0,1399.199951171875,868.3614501953125,674446,HEROMOTOCO,Consumer Cyclical,Auto Manufacturers,N/A,EQUITY,0.0207,3.4,1.464,187.32,0.03941605839416058
2009-06-03,1394.5999755859375,1425.0,1363.550048828125,1387.9000244140625,861.3483276367188,903700,HEROMOTOCO,Consumer Cyclical,Auto Manufacturers,N/A,EQUITY,0.0207,3.4,1.464,187.32,0.04506615010185134
2009-06-04,1380.0,1404.949951171875,1352.0,1369.300048828125,849.804931640625,619122,HEROMOTOCO,Consumer Cyclical,Auto Manufacturers,N/A,EQUITY,0.0207,3.4,1.464,187.32,0.03916416506795488
2009-06-05,1332.5,1468.0,1332.5,1453.949951171875,902.3397827148438,396946,HEROMOTOCO,Consumer Cyclical,Auto Manufacturers,N/A,EQUITY,0.0207,3.4,1.464,187.32,0.10168855534709194
2009-06-08,1450.199951171875,1503.5,1442.0999755859375,1462.0999755859375,907.3976440429688,562608,HEROMOTOCO,Consumer Cyclical,Auto Manufacturers,N/A,EQUITY,0.0207,3.4,1.464,187.32,0.042576815375865426
2009-06-09,1475.0,1500.0,1450.0,1492.699951171875,926.3883666992188,960448,HEROMOTOCO,Consumer Cyclical,Auto Manufacturers,N/A,EQUITY,0.0207,3.4,1.464,187.32,0.034482758620689655
2009-06-10,1500.0,1524.0,1456.199951171875,1484.3499755859375,921.206298828125,682538,HEROMOTOCO,Consumer Cyclical,Auto Manufacturers,N/A,EQUITY,0.0207,3.4,1.464,187.32,0.0465595736173202
2009-06-11,1574.699951171875,1574.699951171875,1463.0,1473.800048828125,914.6590576171875,212191,HEROMOTOCO,Consumer Cyclical,Auto Manufacturers,N/A,EQUITY,0.0207,3.4,1.464,187.32,0.07634993244830827
2009-06-12,1489.0,1559.0,1445.0,1467.199951171875,910.5631103515625,948347,HEROMOTOCO,Consumer Cyclical,Auto Manufacturers,N/A,EQUITY,0.0207,3.4,1.464,187.32,0.07889273356401384
2009-06-15,1500.0,1500.0,1401.0,1435.449951171875,890.8584594726562,840373,HEROMOTOCO,Consumer Cyclical,Auto Manufacturers,N/A,EQUITY,0.0207,3.4,1.464,187.32,0.07066381156316917
2009-06-16,1420.0,1429.699951171875,1385.199951171875,1420.449951171875,881.5492553710938,404898,HEROMOTOCO,Consumer Cyclical,Auto Manufacturers,N/A,EQUITY,0.0207,3.4,1.464,187.32,0.03212532599524937
2009-06-17,1405.0,1458.4000244140625,1345.0999755859375,1411.3499755859375,875.9017944335938,809205,HEROMOTOCO,Consumer Cyclical,Auto Manufacturers,N/A,EQUITY,0.0207,3.4,1.464,187.32,0.08423169346856206
2009-06-18,1378.699951171875,1465.0,1361.0999755859375,1444.449951171875,896.4440307617188,273847,HEROMOTOCO,Consumer Cyclical,Auto Manufacturers,N/A,EQUITY,0.0207,3.4,1.464,187.32,0.07633533632923237
2009-06-19,1459.0,1478.0,1422.0,1464.8499755859375,909.1046752929688,168224,HEROMOTOCO,Consumer Cyclical,Auto Manufacturers,N/A,EQUITY,0.0207,3.4,1.464,187.32,0.03938115330520394
2009-06-22,1474.0,1482.949951171875,1447.5,1474.5,915.0936279296875,313249,HEROMOTOCO,Consumer Cyclical,Auto Manufacturers,N/A,EQUITY,0.0207,3.4,1.464,187.32,0.024490467130829016
2009-06-23,1451.5,1454.9000244140625,1423.25,1434.75,890.4238891601562,807592,HEROMOTOCO,Consumer Cyclical,Auto Manufacturers,N/A,EQUITY,0.0207,3.4,1.464,187.32,0.022237853092613735
2009-06-24,1447.699951171875,1458.449951171875,1404.4000244140625,1445.949951171875,897.375,216844,HEROMOTOCO,Consumer Cyclical,Auto Manufacturers,N/A,EQUITY,0.0207,3.4,1.464,187.32,0.03848613345073315
2009-06-25,1457.8499755859375,1470.0,1406.0,1412.050048828125,876.3363647460938,461620,HEROMOTOCO,Consumer Cyclical,Auto Manufacturers,N/A,EQUITY,0.0207,3.4,1.464,187.32,0.04551920341394026
2009-06-26,1420.0,1429.800048828125,1395.0,1406.199951171875,872.7055053710938,366668,HEROMOTOCO,Consumer Cyclical,Auto Manufacturers,N/A,EQUITY,0.0207,3.4,1.464,187.32,0.024946271561379928
2009-06-29,1417.0,1425.0,1378.0999755859375,1383.9000244140625,858.865966796875,199208,HEROMOTOCO,Consumer Cyclical,Auto Manufacturers,N/A,EQUITY,0.0207,3.4,1.464,187.32,0.03403238171753225
2009-06-30,1395.0,1404.699951171875,1371.800048828125,1397.5999755859375,867.3683471679688,579659,HEROMOTOCO,Consumer Cyclical,Auto Manufacturers,N/A,EQUITY,0.0207,3.4,1.464,187.32,0.023983015871631656
2009-07-01,1402.0,1425.0,1395.050048828125,1399.25,868.3923950195312,201239,HEROMOTOCO,Consumer Cyclical,Auto Manufacturers,N/A,EQUITY,0.0207,3.4,1.464,187.32,0.021468728807997724
2009-07-02,1404.5999755859375,1406.3499755859375,1374.199951171875,1381.800048828125,857.5624389648438,387746,HEROMOTOCO,Consumer Cyclical,Auto Manufacturers,N/A,EQUITY,0.0207,3.4,1.464,187.32,0.02339544866570979
2009-07-03,1382.0,1382.0,1358.0,1370.0999755859375,850.301513671875,412052,HEROMOTOCO,Consumer Cyclical,Auto Manufacturers,N/A,EQUITY,0.0207,3.4,1.464,187.32,0.017673048600883652
2009-07-06,1369.800048828125,1399.0,1311.699951171875,1359.25,843.5677490234375,289507,HEROMOTOCO,Consumer Cyclical,Auto Manufacturers,N/A,EQUITY,0.0207,3.4,1.464,187.32,0.06655489218409362
2009-07-07,1364.25,1449.0,1364.25,1436.75,891.66552734375,717762,HEROMOTOCO,Consumer Cyclical,Auto Manufacturers,N/A,EQUITY,0.0207,3.4,1.464,187.32,0.06212204507971413
2009-07-08,1431.550048828125,1475.0,1370.5,1465.9000244140625,909.7562255859375,348820,HEROMOTOCO,Consumer Cyclical,Auto Manufacturers,N/A,EQUITY,0.0207,3.4,1.464,187.32,0.07624954396205764
2009-07-09,1470.050048828125,1500.0,1450.0,1475.699951171875,915.8381958007812,333291,HEROMOTOCO,Consumer Cyclical,Auto Manufacturers,N/A,EQUITY,0.0207,3.4,1.464,187.32,0.034482758620689655
2009-07-10,1480.0,1489.699951171875,1432.1500244140625,1452.25,901.2848510742188,307317,HEROMOTOCO,Consumer Cyclical,Auto Manufacturers,N/A,EQUITY,0.0207,3.4,1.464,187.32,0.04018428640627785
2009-07-13,1450.0,1450.0,1395.050048828125,1400.949951171875,869.447509765625,198590,HEROMOTOCO,Consumer Cyclical,Auto Manufacturers,N/A,EQUITY,0.0207,3.4,1.464,187.32,0.039389232822173124
2009-07-14,1405.0,1420.0,1375.0,1399.550048828125,868.5785522460938,608063,HEROMOTOCO,Consumer Cyclical,Auto Manufacturers,N/A,EQUITY,0.0207,3.4,1.464,187.32,0.03272727272727273
2009-07-15,1402.0,1507.699951171875,1402.0,1490.4000244140625,924.9614868164062,801549,HEROMOTOCO,Consumer Cyclical,Auto Manufacturers,N/A,EQUITY,0.0207,3.4,1.464,187.32,0.0753922618914943
2009-07-16,1498.699951171875,1548.8499755859375,1477.3499755859375,1537.8499755859375,954.4093627929688,960514,HEROMOTOCO,Consumer Cyclical,Auto Manufacturers,N/A,EQUITY,0.0207,3.4,1.464,187.32,0.04839746923990851
2009-07-17,1548.0,1650.4000244140625,1544.0,1640.300048828125,1017.9912109375,1070802,HEROMOTOCO,Consumer Cyclical,Auto Manufacturers,N/A,EQUITY,0.0207,3.4,1.464,187.32,0.06891193291066224
2009-07-20,1650.0,1677.050048828125,1590.050048828125,1651.699951171875,1025.0655517578125,689260,HEROMOTOCO,Consumer Cyclical,Auto Manufacturers,N/A,EQUITY,0.0207,3.4,1.464,187.32,0.05471525884617245
2009-07-21,1636.0,1670.0,1616.0999755859375,1645.1500244140625,1021.0012817382812,351813,HEROMOTOCO,Consumer Cyclical,Auto Manufacturers,N/A,EQUITY,0.0207,3.4,1.464,187.32,0.03335191215167265
2009-07-22,1620.0,1678.9000244140625,1591.1500244140625,1616.800048828125,1003.406494140625,381084,HEROMOTOCO,Consumer Cyclical,Auto Manufacturers,N/A,EQUITY,0.0207,3.4,1.464,187.32,0.055148790908207256
2009-07-23,1625.0,1675.0,1625.0,1666.550048828125,1034.2823486328125,364685,HEROMOTOCO,Consumer Cyclical,Auto Manufacturers,N/A,EQUITY,0.0207,3.4,1.464,187.32,0.03076923076923077
2009-07-24,1680.0,1750.25,1643.5999755859375,1735.0999755859375,1076.8250732421875,447763,HEROMOTOCO,Consumer Cyclical,Auto Manufacturers,N/A,EQUITY,0.0207,3.4,1.464,187.32,0.06488806643845449
2009-07-27,1702.3499755859375,1765.0,1645.3499755859375,1681.5999755859375,1043.622314453125,1198518,HEROMOTOCO,Consumer Cyclical,Auto Manufacturers,N/A,EQUITY,0.0207,3.4,1.464,187.32,0.07272010586772158
2009-07-28,1714.5,1714.5,1651.5,1677.0999755859375,1040.82958984375,670469,HEROMOTOCO,Consumer Cyclical,Auto Manufacturers,N/A,EQUITY,0.0207,3.4,1.464,187.32,0.03814713896457766
2009-07-29,1690.0,1726.9000244140625,1615.0,1636.5999755859375,1015.6946411132812,821094,HEROMOTOCO,Consumer Cyclical,Auto Manufacturers,N/A,EQUITY,0.0207,3.4,1.464,187.32,0.06928794081366099
2009-07-30,1650.0,1688.0999755859375,1585.75,1638.3499755859375,1016.781005859375,1813255,HEROMOTOCO,Consumer Cyclical,Auto Manufacturers,N/A,EQUITY,0.0207,3.4,1.464,187.32,0.06454357596464606
2009-07-31,1659.0,1675.0,1595.0999755859375,1605.300048828125,996.2696533203125,846088,HEROMOTOCO,Consumer Cyclical,Auto Manufacturers,N/A,EQUITY,0.0207,3.4,1.464,187.32,0.05009091946397426
2009-08-03,1615.0,1634.0,1601.0,1624.25,1008.0302124023438,391323,HEROMOTOCO,Consumer Cyclical,Auto Manufacturers,N/A,EQUITY,0.0207,3.4,1.464,187.32,0.02061211742660837
2009-08-04,1627.0,1648.8499755859375,1601.550048828125,1617.050048828125,1003.561767578125,409521,HEROMOTOCO,Consumer Cyclical,Auto Manufacturers,N/A,EQUITY,0.0207,3.4,1.464,187.32,0.029533842412494366
2009-08-05,1625.0,1625.0,1598.0,1603.9000244140625,995.4008178710938,355037,HEROMOTOCO,Consumer Cyclical,Auto Manufacturers,N/A,EQUITY,0.0207,3.4,1.464,187.32,0.016896120150187734
2009-08-06,1599.0,1604.9000244140625,1510.0,1520.5999755859375,943.7037963867188,796345,HEROMOTOCO,Consumer Cyclical,Auto Manufacturers,N/A,EQUITY,0.0207,3.4,1.464,187.32,0.0628476982874586
2009-08-07,1517.0,1517.0,1456.0,1479.25,918.0411376953125,1017965,HEROMOTOCO,Consumer Cyclical,Auto Manufacturers,N/A,EQUITY,0.0207,3.4,1.464,187.32,0.04189560439560439
2009-08-10,1502.0,1508.0,1402.199951171875,1425.4000244140625,884.6213989257812,700804,HEROMOTOCO,Consumer Cyclical,Auto Manufacturers,N/A,EQUITY,0.0207,3.4,1.464,187.32,0.07545289724172621
2009-08-11,1430.0,1466.8499755859375,1385.0,1422.050048828125,882.5423583984375,1257233,HEROMOTOCO,Consumer Cyclical,Auto Manufacturers,N/A,EQUITY,0.0207,3.4,1.464,187.32,0.05909745529670578
2009-08-12,1406.5,1445.050048828125,1386.5999755859375,1436.5,891.51025390625,787438,HEROMOTOCO,Consumer Cyclical,Auto Manufacturers,N/A,EQUITY,0.0207,3.4,1.464,187.32,0.04215352248040259
2009-08-13,1455.0,1522.0,1451.550048828125,1505.8499755859375,934.5498046875,719222,HEROMOTOCO,Consumer Cyclical,Auto Manufacturers,N/A,EQUITY,0.0207,3.4,1.464,187.32,0.04853429010508534
2009-08-14,1524.949951171875,1524.949951171875,1466.0,1478.0999755859375,917.3276977539062,347889,HEROMOTOCO,Consumer Cyclical,Auto Manufacturers,N/A,EQUITY,0.0207,3.4,1.464,187.32,0.04021142644739086
2009-08-17,1440.0,1459.8499755859375,1381.0,1389.75,862.4966430664062,1039472,HEROMOTOCO,Consumer Cyclical,Auto Manufacturers,N/A,EQUITY,0.0207,3.4,1.464,187.32,0.05709628934535663
2009-08-18,1412.0,1420.800048828125,1366.0999755859375,1391.5999755859375,863.6447143554688,752994,HEROMOTOCO,Consumer Cyclical,Auto Manufacturers,N/A,EQUITY,0.0207,3.4,1.464,187.32,0.040041046936353214
2009-08-19,1400.0,1413.800048828125,1344.0,1359.199951171875,843.5367431640625,1196421,HEROMOTOCO,Consumer Cyclical,Auto Manufacturers,N/A,EQUITY,0.0207,3.4,1.464,187.32,0.05193456013997396
2009-08-20,1370.0,1426.25,1364.0999755859375,1413.6500244140625,877.3291625976562,541997,HEROMOTOCO,Consumer Cyclical,Auto Manufacturers,N/A,EQUITY,0.0207,3.4,1.464,187.32,0.045561194579866834
2009-08-21,1419.5,1489.9000244140625,1399.6500244140625,1482.9000244140625,920.3067016601562,693809,HEROMOTOCO,Consumer Cyclical,Auto Manufacturers,N/A,EQUITY,0.0207,3.4,1.464,187.32,0.06448040469100945
2009-08-24,1490.0,1536.949951171875,1490.0,1527.050048828125,947.7066650390625,401646,HEROMOTOCO,Consumer Cyclical,Auto Manufacturers,N/A,EQUITY,0.0207,3.4,1.464,187.32,0.03151003434354027
2009-08-25,1513.0,1528.800048828125,1500.0,1515.199951171875,940.3524169921875,313510,HEROMOTOCO,Consumer Cyclical,Auto Manufacturers,N/A,EQUITY,0.0207,3.4,1.464,187.32,0.019200032552083333
2009-08-26,1520.0,1539.5,1492.0,1498.949951171875,930.2674560546875,355348,HEROMOTOCO,Consumer Cyclical,Auto Manufacturers,N/A,EQUITY,0.0207,3.4,1.464,187.32,0.03183646112600536
2009-08-27,1494.0,1494.0,1465.1500244140625,1471.1500244140625,913.0144653320312,531464,HEROMOTOCO,Consumer Cyclical,Auto Manufacturers,N/A,EQUITY,0.0207,3.4,1.464,187.32,0.01969079964864013
2009-08-28,1478.0,1518.949951171875,1454.9000244140625,1507.0999755859375,948.216064453125,374791,HEROMOTOCO,Consumer Cyclical,Auto Manufacturers,N/A,EQUITY,0.0207,3.4,1.464,187.32,0.044023593156242866
2009-08-31,1495.0,1529.0,1480.0999755859375,1510.699951171875,950.4810791015625,316008,HEROMOTOCO,Consumer Cyclical,Auto Manufacturers,N/A,EQUITY,0.0207,3.4,1.464,187.32,0.03303832526225406
2009-09-01,1519.8499755859375,1565.0,1502.300048828125,1534.050048828125,965.1720581054688,817209,HEROMOTOCO,Consumer Cyclical,Auto Manufacturers,N/A,EQUITY,0.0207,3.4,1.464,187.32,0.0417359709338919
2009-09-02,1526.4000244140625,1587.5999755859375,1524.0,1560.550048828125,981.8453369140625,641505,HEROMOTOCO,Consumer Cyclical,Auto Manufacturers,N/A,EQUITY,0.0207,3.4,1.464,187.32,0.041732267444840876
2009-09-03,1571.0,1580.0,1540.0,1547.75,973.7916870117188,451296,HEROMOTOCO,Consumer Cyclical,Auto Manufacturers,N/A,EQUITY,0.0207,3.4,1.464,187.32,0.025974025974025976
2009-09-04,1550.0,1618.5,1515.050048828125,1610.9000244140625,1013.5235595703125,600814,HEROMOTOCO,Consumer Cyclical,Auto Manufacturers,N/A,EQUITY,0.0207,3.4,1.464,187.32,0.0682815404361674
2009-09-07,1621.5,1639.0,1610.9000244140625,1632.550048828125,1027.1451416015625,310705,HEROMOTOCO,Consumer Cyclical,Auto Manufacturers,N/A,EQUITY,0.0207,3.4,1.464,187.32,0.01744364961205981
2009-09-08,1639.949951171875,1675.949951171875,1636.0,1668.8499755859375,1049.98388671875,566573,HEROMOTOCO,Consumer Cyclical,Auto Manufacturers,N/A,EQUITY,0.0207,3.4,1.464,187.32,0.024419285557380807
2009-09-09,1663.0,1689.9000244140625,1623.3499755859375,1627.8499755859375,1024.188232421875,353764,HEROMOTOCO,Consumer Cyclical,Auto Manufacturers,N/A,EQUITY,0.0207,3.4,1.464,187.32,0.04099550302090847
2009-09-10,1638.9000244140625,1649.0,1561.6500244140625,1573.0999755859375,989.7410888671875,530168,HEROMOTOCO,Consumer Cyclical,Auto Manufacturers,N/A,EQUITY,0.0207,3.4,1.464,187.32,0.05593441182105547
2009-09-11,1582.5999755859375,1599.0,1527.0999755859375,1567.3499755859375,986.1237182617188,383287,HEROMOTOCO,Consumer Cyclical,Auto Manufacturers,N/A,EQUITY,0.0207,3.4,1.464,187.32,0.04708272252212889
2009-09-14,1570.0,1573.0,1543.1500244140625,1560.3499755859375,981.7193603515625,176343,HEROMOTOCO,Consumer Cyclical,Auto Manufacturers,N/A,EQUITY,0.0207,3.4,1.464,187.32,0.01934353440280157
2009-09-15,1607.199951171875,1623.0999755859375,1561.1500244140625,1615.6500244140625,1016.51220703125,396087,HEROMOTOCO,Consumer Cyclical,Auto Manufacturers,N/A,EQUITY,0.0207,3.4,1.464,187.32,0.039682253597072656
2009-09-16,1639.699951171875,1690.0,1619.0,1683.050048828125,1058.918212890625,742845,HEROMOTOCO,Consumer Cyclical,Auto Manufacturers,N/A,EQUITY,0.0207,3.4,1.464,187.32,0.043854231006794316
2009-09-17,1685.0,1695.699951171875,1650.300048828125,1663.050048828125,1046.3348388671875,296661,HEROMOTOCO,Consumer Cyclical,Auto Manufacturers,N/A,EQUITY,0.0207,3.4,1.464,187.32,0.027510089680957344
2009-09-18,1651.0,1685.0,1651.0,1679.699951171875,1056.810302734375,193972,HEROMOTOCO,Consumer Cyclical,Auto Manufacturers,N/A,EQUITY,0.0207,3.4,1.464,187.32,0.02059357964869776
2009-09-22,1651.9000244140625,1748.449951171875,1651.9000244140625,1695.5999755859375,1066.81396484375,379686,HEROMOTOCO,Consumer Cyclical,Auto Manufacturers,N/A,EQUITY,0.0207,3.4,1.464,187.32,0.05844780273071263
2009-09-23,1724.800048828125,1724.800048828125,1661.5999755859375,1682.0999755859375,1058.3201904296875,284566,HEROMOTOCO,Consumer Cyclical,Auto Manufacturers,N/A,EQUITY,0.0207,3.4,1.464,187.32,0.03803567294823832
2009-09-24,1674.0,1685.0,1634.0,1651.4000244140625,1039.0050048828125,443328,HEROMOTOCO,Consumer Cyclical,Auto Manufacturers,N/A,EQUITY,0.0207,3.4,1.464,187.32,0.031211750305997554
2009-09-25,1647.0,1670.0,1632.5,1652.300048828125,1039.5714111328125,188093,HEROMOTOCO,Consumer Cyclical,Auto Manufacturers,N/A,EQUITY,0.0207,3.4,1.464,187.32,0.022970903522205207
2009-09-29,1668.0,1670.0,1645.1500244140625,1655.800048828125,1041.7733154296875,171262,HEROMOTOCO,Consumer Cyclical,Auto Manufacturers,N/A,EQUITY,0.0207,3.4,1.464,187.32,0.015104990558407024
2009-09-30,1656.0,1685.0999755859375,1656.0,1672.4000244140625,1052.2176513671875,303594,HEROMOTOCO,Consumer Cyclical,Auto Manufacturers,N/A,EQUITY,0.0207,3.4,1.464,187.32,0.017572449025324576
2009-10-01,1680.0,1689.9000244140625,1623.199951171875,1633.949951171875,1028.0262451171875,366906,HEROMOTOCO,Consumer Cyclical,Auto Manufacturers,N/A,EQUITY,0.0207,3.4,1.464,187.32,0.041091717131973265
2009-10-05,1625.0,1660.0,1616.199951171875,1641.550048828125,1032.8077392578125,599586,HEROMOTOCO,Consumer Cyclical,Auto Manufacturers,N/A,EQUITY,0.0207,3.4,1.464,187.32,0.027100637391039666
2009-10-06,1645.0,1655.0,1607.050048828125,1643.5999755859375,1034.097412109375,461358,HEROMOTOCO,Consumer Cyclical,Auto Manufacturers,N/A,EQUITY,0.0207,3.4,1.464,187.32,0.02983724819699332
2009-10-07,1774.699951171875,1774.699951171875,1621.050048828125,1639.699951171875,1031.6439208984375,555314,HEROMOTOCO,Consumer Cyclical,Auto Manufacturers,N/A,EQUITY,0.0207,3.4,1.464,187.32,0.09478418168200618
2009-10-08,1645.0,1682.5999755859375,1645.0,1668.5,1049.7635498046875,411861,HEROMOTOCO,Consumer Cyclical,Auto Manufacturers,N/A,EQUITY,0.0207,3.4,1.464,187.32,0.02285712801576748
2009-10-09,1651.9000244140625,1670.0,1630.1500244140625,1645.550048828125,1035.324462890625,235319,HEROMOTOCO,Consumer Cyclical,Auto Manufacturers,N/A,EQUITY,0.0207,3.4,1.464,187.32,0.02444558782266748
2009-10-12,1649.0,1650.0,1610.25,1631.300048828125,1026.3583984375,315146,HEROMOTOCO,Consumer Cyclical,Auto Manufacturers,N/A,EQUITY,0.0207,3.4,1.464,187.32,0.024685607824871916
2009-10-13,1635.0,1635.0,1635.0,1635.0,1028.6866455078125,0,HEROMOTOCO,Consumer Cyclical,Auto Manufacturers,N/A,EQUITY,0.0207,3.4,1.464,187.32,0.0
2009-10-14,1640.0,1662.6500244140625,1631.0,1643.8499755859375,1034.2547607421875,275112,HEROMOTOCO,Consumer Cyclical,Auto Manufacturers,N/A,EQUITY,0.0207,3.4,1.464,187.32,0.019405287807518393
2009-10-15,1648.0,1670.0,1633.25,1656.4000244140625,1042.1507568359375,194330,HEROMOTOCO,Consumer Cyclical,Auto Manufacturers,N/A,EQUITY,0.0207,3.4,1.464,187.32,0.022501148017756007
2009-10-16,1647.449951171875,1658.800048828125,1635.3499755859375,1643.9000244140625,1034.286376953125,208597,HEROMOTOCO,Consumer Cyclical,Auto Manufacturers,N/A,EQUITY,0.0207,3.4,1.464,187.32,0.01433948304171739
2009-10-20,1645.0,1688.0,1630.5,1657.800048828125,1043.03173828125,523172,HEROMOTOCO,Consumer Cyclical,Auto Manufacturers,N/A,EQUITY,0.0207,3.4,1.464,187.32,0.03526525605642441
2009-10-21,1659.9000244140625,1681.800048828125,1601.3499755859375,1610.449951171875,1013.2406616210938,379835,HEROMOTOCO,Consumer Cyclical,Auto Manufacturers,N/A,EQUITY,0.0207,3.4,1.464,187.32,0.05023890746477867
2009-10-22,1620.0,1649.0,1589.0,1595.0,1003.5199584960938,707193,HEROMOTOCO,Consumer Cyclical,Auto Manufacturers,N/A,EQUITY,0.0207,3.4,1.464,187.32,0.03775959723096287
2009-10-23,1601.199951171875,1626.800048828125,1551.25,1582.800048828125,995.8442993164062,519513,HEROMOTOCO,Consumer Cyclical,Auto Manufacturers,N/A,EQUITY,0.0207,3.4,1.464,187.32,0.04870269062248187
2009-10-26,1551.300048828125,1620.0,1545.25,1598.5,1005.7222290039062,463621,HEROMOTOCO,Consumer Cyclical,Auto Manufacturers,N/A,EQUITY,0.0207,3.4,1.464,187.32,0.04837404950655234
2009-10-27,1571.25,1613.800048828125,1571.25,1587.6500244140625,998.8955078125,413051,HEROMOTOCO,Consumer Cyclical,Auto Manufacturers,N/A,EQUITY,0.0207,3.4,1.464,187.32,0.02708038111575179
2009-10-28,1580.0999755859375,1591.9000244140625,1560.0,1573.550048828125,990.0245971679688,261529,HEROMOTOCO,Consumer Cyclical,Auto Manufacturers,N/A,EQUITY,0.0207,3.4,1.464,187.32,0.020448733598758012
2009-10-29,1560.0,1589.0,1535.0,1544.8499755859375,971.9673461914062,337488,HEROMOTOCO,Consumer Cyclical,Auto Manufacturers,N/A,EQUITY,0.0207,3.4,1.464,187.32,0.03517915309446254
2009-10-30,1555.0,1584.0,1545.550048828125,1565.75,985.1168823242188,278766,HEROMOTOCO,Consumer Cyclical,Auto Manufacturers,N/A,EQUITY,0.0207,3.4,1.464,187.32,0.02487784281138532
2009-11-03,1570.0,1578.949951171875,1476.050048828125,1511.3499755859375,950.8901977539062,772531,HEROMOTOCO,Consumer Cyclical,Auto Manufacturers,N/A,EQUITY,0.0207,3.4,1.464,187.32,0.06971301713342644
2009-11-04,1518.8499755859375,1535.949951171875,1460.5,1521.199951171875,957.0874633789062,357350,HEROMOTOCO,Consumer Cyclical,Auto Manufacturers,N/A,EQUITY,0.0207,3.4,1.464,187.32,0.051660356844830536
2009-11-05,1509.1500244140625,1574.8499755859375,1492.0,1567.800048828125,986.4066772460938,286236,HEROMOTOCO,Consumer Cyclical,Auto Manufacturers,N/A,EQUITY,0.0207,3.4,1.464,187.32,0.05552947425330931
2009-11-06,1567.0,1588.0,1522.0,1529.4000244140625,962.2466430664062,395812,HEROMOTOCO,Consumer Cyclical,Auto Manufacturers,N/A,EQUITY,0.0207,3.4,1.464,187.32,0.04336399474375821
2009-11-09,1515.0,1565.0,1515.0,1554.300048828125,977.912841796875,317369,HEROMOTOCO,Consumer Cyclical,Auto Manufacturers,N/A,EQUITY,0.0207,3.4,1.464,187.32,0.033003300330033
2009-11-10,1560.0,1560.0,1485.0,1496.8499755859375,941.7672729492188,641213,HEROMOTOCO,Consumer Cyclical,Auto Manufacturers,N/A,EQUITY,0.0207,3.4,1.464,187.32,0.050505050505050504
2009-11-11,1500.0,1518.800048828125,1477.0,1513.699951171875,952.3687744140625,331789,HEROMOTOCO,Consumer Cyclical,Auto Manufacturers,N/A,EQUITY,0.0207,3.4,1.464,187.32,0.028300642402251185
2009-11-12,1520.0,1535.25,1502.4000244140625,1520.9000244140625,956.89892578125,312112,HEROMOTOCO,Consumer Cyclical,Auto Manufacturers,N/A,EQUITY,0.0207,3.4,1.464,187.32,0.021864999369092145
2009-11-13,1517.25,1593.0,1515.0,1578.9000244140625,993.3905029296875,467815,HEROMOTOCO,Consumer Cyclical,Auto Manufacturers,N/A,EQUITY,0.0207,3.4,1.464,187.32,0.05148514851485148
2009-11-16,1598.0,1654.0,1591.300048828125,1647.0999755859375,1036.2996826171875,801664,HEROMOTOCO,Consumer Cyclical,Auto Manufacturers,N/A,EQUITY,0.0207,3.4,1.464,187.32,0.0394017151058651
2009-11-17,1660.0,1703.0,1633.8499755859375,1686.4000244140625,1061.02587890625,883211,HEROMOTOCO,Consumer Cyclical,Auto Manufacturers,N/A,EQUITY,0.0207,3.4,1.464,187.32,0.04232336227153515
2009-11-18,1691.0999755859375,1694.9000244140625,1651.0,1666.4000244140625,1048.442626953125,236545,HEROMOTOCO,Consumer Cyclical,Auto Manufacturers,N/A,EQUITY,0.0207,3.4,1.464,187.32,0.026589960275022712
2009-11-19,1675.0,1697.5,1630.050048828125,1640.550048828125,1032.1787109375,275347,HEROMOTOCO,Consumer Cyclical,Auto Manufacturers,N/A,EQUITY,0.0207,3.4,1.464,187.32,0.041379067606154854
2009-11-20,1640.0,1675.0,1626.1500244140625,1651.800048828125,1039.2567138671875,248100,HEROMOTOCO,Consumer Cyclical,Auto Manufacturers,N/A,EQUITY,0.0207,3.4,1.464,187.32,0.030040263722616378
2009-11-23,1650.0,1697.0,1642.6500244140625,1653.5,1040.326416015625,421012,HEROMOTOCO,Consumer Cyclical,Auto Manufacturers,N/A,EQUITY,0.0207,3.4,1.464,187.32,0.033086765152744134
2009-11-24,1653.0,1699.0,1653.0,1689.5999755859375,1063.0394287109375,719013,HEROMOTOCO,Consumer Cyclical,Auto Manufacturers,N/A,EQUITY,0.0207,3.4,1.464,187.32,0.027828191167574106
2009-11-25,1690.0,1733.0,1680.0,1724.449951171875,1084.96533203125,559819,HEROMOTOCO,Consumer Cyclical,Auto Manufacturers,N/A,EQUITY,0.0207,3.4,1.464,187.32,0.03154761904761905
2009-11-26,1715.0,1808.699951171875,1715.0,1740.5,1095.0634765625,1235974,HEROMOTOCO,Consumer Cyclical,Auto Manufacturers,N/A,EQUITY,0.0207,3.4,1.464,187.32,0.05463554004190962
2009-11-27,1698.0,1758.699951171875,1694.0,1747.75,1099.6251220703125,417928,HEROMOTOCO,Consumer Cyclical,Auto Manufacturers,N/A,EQUITY,0.0207,3.4,1.464,187.32,0.038193595733102124
2009-11-30,1758.800048828125,1775.0,1719.25,1725.4000244140625,1085.5634765625,358105,HEROMOTOCO,Consumer Cyclical,Auto Manufacturers,N/A,EQUITY,0.0207,3.4,1.464,187.32,0.032426930347535264
2009-12-01,1733.9000244140625,1752.0,1722.0,1730.5999755859375,1088.8348388671875,657781,HEROMOTOCO,Consumer Cyclical,Auto Manufacturers,N/A,EQUITY,0.0207,3.4,1.464,187.32,0.017421602787456445
2009-12-02,1750.0,1757.0,1700.0,1705.6500244140625,1073.1370849609375,412336,HEROMOTOCO,Consumer Cyclical,Auto Manufacturers,N/A,EQUITY,0.0207,3.4,1.464,187.32,0.033529411764705884
2009-12-03,1709.0,1720.0,1684.0,1693.699951171875,1065.61865234375,306802,HEROMOTOCO,Consumer Cyclical,Auto Manufacturers,N/A,EQUITY,0.0207,3.4,1.464,187.32,0.021377672209026127
2009-12-04,1692.199951171875,1699.0,1650.0,1665.9000244140625,1048.1278076171875,362922,HEROMOTOCO,Consumer Cyclical,Auto Manufacturers,N/A,EQUITY,0.0207,3.4,1.464,187.32,0.029696969696969697
2009-12-07,1666.0,1686.699951171875,1655.0999755859375,1676.9000244140625,1055.048583984375,316742,HEROMOTOCO,Consumer Cyclical,Auto Manufacturers,N/A,EQUITY,0.0207,3.4,1.464,187.32,0.019092487494449088
2009-12-08,1681.0,1683.9000244140625,1650.050048828125,1671.0,1051.3363037109375,276975,HEROMOTOCO,Consumer Cyclical,Auto Manufacturers,N/A,EQUITY,0.0207,3.4,1.464,187.32,0.02051451445971469
2009-12-09,1665.0,1713.0,1662.199951171875,1700.0999755859375,1069.6451416015625,408864,HEROMOTOCO,Consumer Cyclical,Auto Manufacturers,N/A,EQUITY,0.0207,3.4,1.464,187.32,0.030561936181209868
2009-12-10,1703.0,1703.0,1669.050048828125,1676.4000244140625,1054.7340087890625,308702,HEROMOTOCO,Consumer Cyclical,Auto Manufacturers,N/A,EQUITY,0.0207,3.4,1.464,187.32,0.020340882645018328
2009-12-11,1690.0,1704.699951171875,1658.5,1670.0999755859375,1050.770263671875,190702,HEROMOTOCO,Consumer Cyclical,Auto Manufacturers,N/A,EQUITY,0.0207,3.4,1.464,187.32,0.027856467393352426
2009-12-14,1673.0,1697.800048828125,1662.25,1684.4000244140625,1059.767333984375,582489,HEROMOTOCO,Consumer Cyclical,Auto Manufacturers,N/A,EQUITY,0.0207,3.4,1.464,187.32,0.021386704062641
2009-12-15,1695.9000244140625,1697.8499755859375,1652.5,1660.199951171875,1044.5418701171875,668912,HEROMOTOCO,Consumer Cyclical,Auto Manufacturers,N/A,EQUITY,0.0207,3.4,1.464,187.32,0.02744325300208018
2009-12-16,1655.0,1669.699951171875,1643.0,1654.300048828125,1040.82958984375,236364,HEROMOTOCO,Consumer Cyclical,Auto Manufacturers,N/A,EQUITY,0.0207,3.4,1.464,187.32,0.01625073108452526
2009-12-17,1656.9000244140625,1686.0,1640.0,1664.6500244140625,1047.3411865234375,189783,HEROMOTOCO,Consumer Cyclical,Auto Manufacturers,N/A,EQUITY,0.0207,3.4,1.464,187.32,0.02804878048780488
2009-12-18,1688.800048828125,1696.0,1660.0,1672.9000244140625,1052.5318603515625,544518,HEROMOTOCO,Consumer Cyclical,Auto Manufacturers,N/A,EQUITY,0.0207,3.4,1.464,187.32,0.021686746987951807
2009-12-21,1675.0,1685.1500244140625,1655.050048828125,1670.0999755859375,1050.770263671875,268113,HEROMOTOCO,Consumer Cyclical,Auto Manufacturers,N/A,EQUITY,0.0207,3.4,1.464,187.32,0.01818674644144453
2009-12-22,1675.0,1705.0,1668.0999755859375,1698.75,1068.796142578125,274276,HEROMOTOCO,Consumer Cyclical,Auto Manufacturers,N/A,EQUITY,0.0207,3.4,1.464,187.32,0.02212099092028401
2009-12-23,1705.0,1719.0,1692.199951171875,1704.4000244140625,1072.350830078125,221057,HEROMOTOCO,Consumer Cyclical,Auto Manufacturers,N/A,EQUITY,0.0207,3.4,1.464,187.32,0.015837400780897994
2009-12-24,1703.3499755859375,1740.0,1703.3499755859375,1735.4000244140625,1091.854736328125,356623,HEROMOTOCO,Consumer Cyclical,Auto Manufacturers,N/A,EQUITY,0.0207,3.4,1.464,187.32,0.02151643815972417
2009-12-29,1735.0,1777.0999755859375,1725.0,1743.800048828125,1097.1397705078125,411794,HEROMOTOCO,Consumer Cyclical,Auto Manufacturers,N/A,EQUITY,0.0207,3.4,1.464,187.32,0.030202884397644927
2009-12-30,1743.800048828125,1749.699951171875,1701.0,1705.75,1073.2000732421875,512936,HEROMOTOCO,Consumer Cyclical,Auto Manufacturers,N/A,EQUITY,0.0207,3.4,1.464,187.32,0.02863018881356555
2009-12-31,1718.0,1728.699951171875,1707.0,1717.699951171875,1080.7183837890625,403648,HEROMOTOCO,Consumer Cyclical,Auto Manufacturers,N/A,EQUITY,0.0207,3.4,1.464,187.32,0.012712332262375512
2010-01-04,1732.9000244140625,1738.5,1702.300048828125,1712.949951171875,1077.7298583984375,333481,HEROMOTOCO,Consumer Cyclical,Auto Manufacturers,N/A,EQUITY,0.0207,3.4,1.464,187.32,0.021265317590042538
2010-01-05,1723.0,1730.0,1711.1500244140625,1717.4000244140625,1080.530029296875,373950,HEROMOTOCO,Consumer Cyclical,Auto Manufacturers,N/A,EQUITY,0.0207,3.4,1.464,187.32,0.011015968978168452
2010-01-06,1721.0,1721.0,1683.5999755859375,1695.4000244140625,1066.6883544921875,512455,HEROMOTOCO,Consumer Cyclical,Auto Manufacturers,N/A,EQUITY,0.0207,3.4,1.464,187.32,0.022214317507961653
2010-01-07,1705.0,1705.0,1637.0,1653.199951171875,1040.1376953125,433144,HEROMOTOCO,Consumer Cyclical,Auto Manufacturers,N/A,EQUITY,0.0207,3.4,1.464,187.32,0.04153940134392181
2010-01-08,1659.699951171875,1667.4000244140625,1616.0999755859375,1645.199951171875,1035.104248046875,471781,HEROMOTOCO,Consumer Cyclical,Auto Manufacturers,N/A,EQUITY,0.0207,3.4,1.464,187.32,0.03174311589821386
2010-01-11,1650.0,1688.449951171875,1648.0,1676.4000244140625,1054.7340087890625,249598,HEROMOTOCO,Consumer Cyclical,Auto Manufacturers,N/A,EQUITY,0.0207,3.4,1.464,187.32,0.02454487328390473
2010-01-12,1676.4000244140625,1688.800048828125,1632.300048828125,1644.75,1034.8211669921875,381602,HEROMOTOCO,Consumer Cyclical,Auto Manufacturers,N/A,EQUITY,0.0207,3.4,1.464,187.32,0.034613734184816676
2010-01-13,1640.0999755859375,1661.0,1607.5,1625.75,1022.8667602539062,559327,HEROMOTOCO,Consumer Cyclical,Auto Manufacturers,N/A,EQUITY,0.0207,3.4,1.464,187.32,0.03328149300155521
2010-01-14,1635.0,1643.300048828125,1615.199951171875,1621.300048828125,1020.06689453125,451344,HEROMOTOCO,Consumer Cyclical,Auto Manufacturers,N/A,EQUITY,0.0207,3.4,1.464,187.32,0.017397287336383682
2010-01-15,1630.0,1640.0,1616.0,1625.3499755859375,1022.6152954101562,215112,HEROMOTOCO,Consumer Cyclical,Auto Manufacturers,N/A,EQUITY,0.0207,3.4,1.464,187.32,0.01485148514851485
2010-01-18,1616.0,1697.0,1601.0,1694.5999755859375,1066.1849365234375,383077,HEROMOTOCO,Consumer Cyclical,Auto Manufacturers,N/A,EQUITY,0.0207,3.4,1.464,187.32,0.059962523422860715
2010-01-19,1694.5999755859375,1700.800048828125,1656.0999755859375,1664.0999755859375,1046.9954833984375,178910,HEROMOTOCO,Consumer Cyclical,Auto Manufacturers,N/A,EQUITY,0.0207,3.4,1.464,187.32,0.02699116834801737
2010-01-20,1665.0,1694.0,1647.699951171875,1688.6500244140625,1062.44140625,347805,HEROMOTOCO,Consumer Cyclical,Auto Manufacturers,N/A,EQUITY,0.0207,3.4,1.464,187.32,0.02809980591138304
2010-01-21,1675.0999755859375,1692.0,1645.300048828125,1653.199951171875,1040.1376953125,210985,HEROMOTOCO,Consumer Cyclical,Auto Manufacturers,N/A,EQUITY,0.0207,3.4,1.464,187.32,0.028383850839327044
2010-01-22,1632.5,1665.0,1595.0,1649.4000244140625,1037.7467041015625,364642,HEROMOTOCO,Consumer Cyclical,Auto Manufacturers,N/A,EQUITY,0.0207,3.4,1.464,187.32,0.0438871473354232
2010-01-25,1649.0,1658.699951171875,1616.0,1621.449951171875,1020.1613159179688,299520,HEROMOTOCO,Consumer Cyclical,Auto Manufacturers,N/A,EQUITY,0.0207,3.4,1.464,187.32,0.026423237111308787
2010-01-27,1609.800048828125,1638.5,1540.25,1550.1500244140625,975.3016967773438,790006,HEROMOTOCO,Consumer Cyclical,Auto Manufacturers,N/A,EQUITY,0.0207,3.4,1.464,187.32,0.06378834604771953
2010-01-28,1565.0,1571.949951171875,1522.0,1539.0999755859375,968.349609375,1502871,HEROMOTOCO,Consumer Cyclical,Auto Manufacturers,N/A,EQUITY,0.0207,3.4,1.464,187.32,0.03281862757679041
2010-01-29,1525.25,1575.0,1495.0,1559.0,980.8699951171875,432901,HEROMOTOCO,Consumer Cyclical,Auto Manufacturers,N/A,EQUITY,0.0207,3.4,1.464,187.32,0.05351170568561873
2010-02-01,1588.699951171875,1588.699951171875,1536.300048828125,1580.949951171875,994.679931640625,209979,HEROMOTOCO,Consumer Cyclical,Auto Manufacturers,N/A,EQUITY,0.0207,3.4,1.464,187.32,0.0341078569799696
2010-02-02,1599.4000244140625,1605.0,1550.0,1568.449951171875,986.8156127929688,338167,HEROMOTOCO,Consumer Cyclical,Auto Manufacturers,N/A,EQUITY,0.0207,3.4,1.464,187.32,0.035483870967741936
2010-02-03,1585.0,1631.949951171875,1572.199951171875,1599.5999755859375,1006.4140625,472444,HEROMOTOCO,Consumer Cyclical,Auto Manufacturers,N/A,EQUITY,0.0207,3.4,1.464,187.32,0.03800407190921484
2010-02-04,1595.0,1623.699951171875,1568.5999755859375,1600.449951171875,1006.9485473632812,193176,HEROMOTOCO,Consumer Cyclical,Auto Manufacturers,N/A,EQUITY,0.0207,3.4,1.464,187.32,0.03512684970261801
2010-02-05,1575.0,1595.5,1522.6500244140625,1585.4000244140625,997.4803466796875,289159,HEROMOTOCO,Consumer Cyclical,Auto Manufacturers,N/A,EQUITY,0.0207,3.4,1.464,187.32,0.047844202159305266
2010-02-08,1588.699951171875,1619.9000244140625,1567.199951171875,1578.25,992.9813232421875,286278,HEROMOTOCO,Consumer Cyclical,Auto Manufacturers,N/A,EQUITY,0.0207,3.4,1.464,187.32,0.03362689821600682
2010-02-09,1569.4000244140625,1625.0,1561.300048828125,1618.300048828125,1018.1793823242188,632885,HEROMOTOCO,Consumer Cyclical,Auto Manufacturers,N/A,EQUITY,0.0207,3.4,1.464,187.32,0.040799301338449764
2010-02-10,1630.0,1639.0,1592.0,1630.6500244140625,1025.949951171875,867135,HEROMOTOCO,Consumer Cyclical,Auto Manufacturers,N/A,EQUITY,0.0207,3.4,1.464,187.32,0.029522613065326633
2010-02-11,1638.0,1701.0,1621.0,1690.949951171875,1063.88818359375,769067,HEROMOTOCO,Consumer Cyclical,Auto Manufacturers,N/A,EQUITY,0.0207,3.4,1.464,187.32,0.049352251696483655
2010-02-15,1690.0,1725.0,1662.5,1704.3499755859375,1072.3192138671875,747800,HEROMOTOCO,Consumer Cyclical,Auto Manufacturers,N/A,EQUITY,0.0207,3.4,1.464,187.32,0.03759398496240601
2010-02-16,1714.699951171875,1714.699951171875,1677.0,1695.4000244140625,1066.6883544921875,292129,HEROMOTOCO,Consumer Cyclical,Auto Manufacturers,N/A,EQUITY,0.0207,3.4,1.464,187.32,0.022480591038685153
2010-02-17,1700.449951171875,1709.9000244140625,1680.300048828125,1698.4000244140625,1068.575927734375,575364,HEROMOTOCO,Consumer Cyclical,Auto Manufacturers,N/A,EQUITY,0.0207,3.4,1.464,187.32,0.017615886880787225
2010-02-18,1708.699951171875,1718.0,1688.199951171875,1703.0,1071.4697265625,230212,HEROMOTOCO,Consumer Cyclical,Auto Manufacturers,N/A,EQUITY,0.0207,3.4,1.464,187.32,0.017651966408030698
2010-02-19,1671.550048828125,1698.0,1659.199951171875,1680.3499755859375,1057.2193603515625,238997,HEROMOTOCO,Consumer Cyclical,Auto Manufacturers,N/A,EQUITY,0.0207,3.4,1.464,187.32,0.023384793858462295
2010-02-22,1724.8499755859375,1724.8499755859375,1695.4000244140625,1707.25,1074.1439208984375,211647,HEROMOTOCO,Consumer Cyclical,Auto Manufacturers,N/A,EQUITY,0.0207,3.4,1.464,187.32,0.017370502977344847
2010-02-23,1690.0,1715.0,1675.5999755859375,1693.8499755859375,1065.7130126953125,325274,HEROMOTOCO,Consumer Cyclical,Auto Manufacturers,N/A,EQUITY,0.0207,3.4,1.464,187.32,0.023513980059760253
2010-02-24,1688.0,1689.0,1652.4000244140625,1672.25,1052.123046875,283000,HEROMOTOCO,Consumer Cyclical,Auto Manufacturers,N/A,EQUITY,0.0207,3.4,1.464,187.32,0.022149585478804246
2010-02-25,1675.6500244140625,1713.0,1643.3499755859375,1700.25,1069.7393798828125,906439,HEROMOTOCO,Consumer Cyclical,Auto Manufacturers,N/A,EQUITY,0.0207,3.4,1.464,187.32,0.04238295277865492
2010-02-26,1691.6500244140625,1800.0,1690.25,1777.6500244140625,1118.437255859375,414280,HEROMOTOCO,Consumer Cyclical,Auto Manufacturers,N/A,EQUITY,0.0207,3.4,1.464,187.32,0.06493122319183553
2010-03-02,1790.0,1808.0,1780.0,1794.5,1129.0386962890625,407909,HEROMOTOCO,Consumer Cyclical,Auto Manufacturers,N/A,EQUITY,0.0207,3.4,1.464,187.32,0.015730337078651686
2010-03-03,1810.0,1819.75,1795.0,1811.800048828125,1139.923095703125,296134,HEROMOTOCO,Consumer Cyclical,Auto Manufacturers,N/A,EQUITY,0.0207,3.4,1.464,187.32,0.013788300835654596
2010-03-04,1809.9000244140625,1811.8499755859375,1781.0,1800.4000244140625,1132.7508544921875,275290,HEROMOTOCO,Consumer Cyclical,Auto Manufacturers,N/A,EQUITY,0.0207,3.4,1.464,187.32,0.017321715657460695
2010-03-05,1799.0,1894.699951171875,1799.0,1870.5999755859375,1176.918212890625,360018,HEROMOTOCO,Consumer Cyclical,Auto Manufacturers,N/A,EQUITY,0.0207,3.4,1.464,187.32,0.05319619298047527
2010-03-08,1880.0,1927.9000244140625,1876.0,1913.9000244140625,1204.160888671875,686239,HEROMOTOCO,Consumer Cyclical,Auto Manufacturers,N/A,EQUITY,0.0207,3.4,1.464,187.32,0.027665258216451227
2010-03-09,1901.5999755859375,1918.5,1868.199951171875,1875.949951171875,1180.283935546875,441606,HEROMOTOCO,Consumer Cyclical,Auto Manufacturers,N/A,EQUITY,0.0207,3.4,1.464,187.32,0.026924339012305957
2010-03-10,1889.800048828125,1954.0,1878.199951171875,1939.6500244140625,1220.3621826171875,567857,HEROMOTOCO,Consumer Cyclical,Auto Manufacturers,N/A,EQUITY,0.0207,3.4,1.464,187.32,0.040357816419295874
2010-03-11,1941.25,1944.699951171875,1901.300048828125,1912.1500244140625,1203.060302734375,670880,HEROMOTOCO,Consumer Cyclical,Auto Manufacturers,N/A,EQUITY,0.0207,3.4,1.464,187.32,0.022826435191278582
2010-03-12,1860.4000244140625,1932.050048828125,1860.4000244140625,1918.550048828125,1207.08642578125,373725,HEROMOTOCO,Consumer Cyclical,Auto Manufacturers,N/A,EQUITY,0.0207,3.4,1.464,187.32,0.03851323558041172
2010-03-15,1931.0,1944.699951171875,1903.199951171875,1910.75,1202.1790771484375,373530,HEROMOTOCO,Consumer Cyclical,Auto Manufacturers,N/A,EQUITY,0.0207,3.4,1.464,187.32,0.021805380971372357
2010-03-16,1910.75,1939.050048828125,1905.0,1913.949951171875,1204.192626953125,189726,HEROMOTOCO,Consumer Cyclical,Auto Manufacturers,N/A,EQUITY,0.0207,3.4,1.464,187.32,0.017874041379593177
2010-03-17,1938.0,1943.75,1916.300048828125,1931.5,1215.234619140625,204551,HEROMOTOCO,Consumer Cyclical,Auto Manufacturers,N/A,EQUITY,0.0207,3.4,1.464,187.32,0.014324453620225846
2010-03-18,1931.5,1943.699951171875,1925.0,1934.5999755859375,1217.1844482421875,324542,HEROMOTOCO,Consumer Cyclical,Auto Manufacturers,N/A,EQUITY,0.0207,3.4,1.464,187.32,0.009714260349025974
2010-03-19,1949.0,1977.9000244140625,1935.0,1968.199951171875,1238.324462890625,461442,HEROMOTOCO,Consumer Cyclical,Auto Manufacturers,N/A,EQUITY,0.0207,3.4,1.464,187.32,0.02217055525274548
2010-03-22,1950.0,1967.5,1935.25,1949.949951171875,1226.842529296875,335754,HEROMOTOCO,Consumer Cyclical,Auto Manufacturers,N/A,EQUITY,0.0207,3.4,1.464,187.32,0.01666451362873014
2010-03-23,1958.800048828125,1977.550048828125,1927.0,1938.0999755859375,1219.386962890625,261757,HEROMOTOCO,Consumer Cyclical,Auto Manufacturers,N/A,EQUITY,0.0207,3.4,1.464,187.32,0.026232511068046187
2010-03-25,1920.0,2058.0,1920.0,2023.5999755859375,1273.1805419921875,1211336,HEROMOTOCO,Consumer Cyclical,Auto Manufacturers,N/A,EQUITY,0.0207,3.4,1.464,187.32,0.071875
2010-03-26,2027.699951171875,2079.64990234375,1990.9000244140625,2010.75,1265.095703125,1204017,HEROMOTOCO,Consumer Cyclical,Auto Manufacturers,N/A,EQUITY,0.0207,3.4,1.464,187.32,0.04457776726172239
2010-03-29,2012.0,2036.6500244140625,2000.0,2006.199951171875,1262.2327880859375,336444,HEROMOTOCO,Consumer Cyclical,Auto Manufacturers,N/A,EQUITY,0.0207,3.4,1.464,187.32,0.01832501220703125
2010-03-30,2048.800048828125,2057.949951171875,1961.550048828125,1967.3499755859375,1237.7899169921875,688516,HEROMOTOCO,Consumer Cyclical,Auto Manufacturers,N/A,EQUITY,0.0207,3.4,1.464,187.32,0.0491447579435159
2010-03-31,2001.0,2030.0,1936.0,1944.4000244140625,1223.3505859375,594801,HEROMOTOCO,Consumer Cyclical,Auto Manufacturers,N/A,EQUITY,0.0207,3.4,1.464,187.32,0.04855371900826446
2010-04-01,1965.0,1978.800048828125,1938.1500244140625,1945.25,1223.8851318359375,398203,HEROMOTOCO,Consumer Cyclical,Auto Manufacturers,N/A,EQUITY,0.0207,3.4,1.464,187.32,0.02097362118618848
2010-04-05,1954.0,2059.0,1948.0999755859375,2038.25,1282.397705078125,607069,HEROMOTOCO,Consumer Cyclical,Auto Manufacturers,N/A,EQUITY,0.0207,3.4,1.464,187.32,0.0569272757065287
2010-04-06,2050.0,2078.800048828125,2028.5,2039.0999755859375,1282.9327392578125,535341,HEROMOTOCO,Consumer Cyclical,Auto Manufacturers,N/A,EQUITY,0.0207,3.4,1.464,187.32,0.024796671840337688
2010-04-07,2058.0,2075.949951171875,2020.0,2038.0999755859375,1282.3031005859375,475419,HEROMOTOCO,Consumer Cyclical,Auto Manufacturers,N/A,EQUITY,0.0207,3.4,1.464,187.32,0.02769799562964109
2010-04-08,2035.0,2060.0,2006.0999755859375,2017.25,1269.18505859375,374813,HEROMOTOCO,Consumer Cyclical,Auto Manufacturers,N/A,EQUITY,0.0207,3.4,1.464,187.32,0.026868064936952853
2010-04-09,2030.0,2072.0,2030.0,2056.949951171875,1294.1632080078125,365094,HEROMOTOCO,Consumer Cyclical,Auto Manufacturers,N/A,EQUITY,0.0207,3.4,1.464,187.32,0.020689655172413793
2010-04-12,2060.0,2094.0,2060.0,2085.949951171875,1312.4091796875,481369,HEROMOTOCO,Consumer Cyclical,Auto Manufacturers,N/A,EQUITY,0.0207,3.4,1.464,187.32,0.01650485436893204
2010-04-13,2049.0,2050.0,1974.0,1977.1500244140625,1293.56640625,764081,HEROMOTOCO,Consumer Cyclical,Auto Manufacturers,N/A,EQUITY,0.0207,3.4,1.464,187.32,0.03850050658561297
2010-04-15,1980.0,2017.300048828125,1945.6500244140625,1953.1500244140625,1277.864013671875,733433,HEROMOTOCO,Consumer Cyclical,Auto Manufacturers,N/A,EQUITY,0.0207,3.4,1.464,187.32,0.036825751556033355
2010-04-16,1951.0,1971.699951171875,1915.0999755859375,1923.199951171875,1258.2689208984375,449227,HEROMOTOCO,Consumer Cyclical,Auto Manufacturers,N/A,EQUITY,0.0207,3.4,1.464,187.32,0.029554580078055906
2010-04-19,1910.0,1918.800048828125,1878.25,1896.4000244140625,1240.7352294921875,775826,HEROMOTOCO,Consumer Cyclical,Auto Manufacturers,N/A,EQUITY,0.0207,3.4,1.464,187.32,0.021589271304738453
2010-04-20,1905.0,1940.0,1845.0,1852.550048828125,1212.0457763671875,1374339,HEROMOTOCO,Consumer Cyclical,Auto Manufacturers,N/A,EQUITY,0.0207,3.4,1.464,187.32,0.051490514905149054
2010-04-21,1880.0,1895.0,1851.0,1889.1500244140625,1235.991943359375,733940,HEROMOTOCO,Consumer Cyclical,Auto Manufacturers,N/A,EQUITY,0.0207,3.4,1.464,187.32,0.02377093462992977
2010-04-22,1889.1500244140625,1925.0,1871.5,1910.5999755859375,1250.025634765625,798540,HEROMOTOCO,Consumer Cyclical,Auto Manufacturers,N/A,EQUITY,0.0207,3.4,1.464,187.32,0.028586695164306706
2010-04-23,1919.949951171875,1921.5999755859375,1872.0,1879.6500244140625,1229.7763671875,279837,HEROMOTOCO,Consumer Cyclical,Auto Manufacturers,N/A,EQUITY,0.0207,3.4,1.464,187.32,0.026495713454026442
2010-04-26,1890.0,1911.800048828125,1863.0,1869.75,1223.299072265625,469439,HEROMOTOCO,Consumer Cyclical,Auto Manufacturers,N/A,EQUITY,0.0207,3.4,1.464,187.32,0.026194336461688138
2010-04-27,1879.0,1892.0,1857.050048828125,1862.449951171875,1218.5230712890625,451266,HEROMOTOCO,Consumer Cyclical,Auto Manufacturers,N/A,EQUITY,0.0207,3.4,1.464,187.32,0.018820144989592422
2010-04-28,1850.0,1868.0,1840.0,1848.8499755859375,1209.6253662109375,262547,HEROMOTOCO,Consumer Cyclical,Auto Manufacturers,N/A,EQUITY,0.0207,3.4,1.464,187.32,0.015217391304347827
2010-04-29,1854.0,1868.9000244140625,1810.0,1832.550048828125,1198.9608154296875,507018,HEROMOTOCO,Consumer Cyclical,Auto Manufacturers,N/A,EQUITY,0.0207,3.4,1.464,187.32,0.032541449952520715
2010-04-30,1848.699951171875,1939.0,1840.0,1915.4000244140625,1253.1661376953125,750274,HEROMOTOCO,Consumer Cyclical,Auto Manufacturers,N/A,EQUITY,0.0207,3.4,1.464,187.32,0.05380434782608696
2010-05-03,1900.0,1944.199951171875,1881.199951171875,1920.5,1256.5029296875,727052,HEROMOTOCO,Consumer Cyclical,Auto Manufacturers,N/A,EQUITY,0.0207,3.4,1.464,187.32,0.03348926304232294
2010-05-04,1943.0,1943.0,1912.0,1921.6500244140625,1257.2552490234375,319439,HEROMOTOCO,Consumer Cyclical,Auto Manufacturers,N/A,EQUITY,0.0207,3.4,1.464,187.32,0.016213389121338913
2010-05-05,1886.300048828125,1895.0,1863.0999755859375,1889.1500244140625,1235.991943359375,461047,HEROMOTOCO,Consumer Cyclical,Auto Manufacturers,N/A,EQUITY,0.0207,3.4,1.464,187.32,0.017122014294498646
2010-05-06,1885.0,1905.0,1862.0999755859375,1895.9000244140625,1240.4083251953125,307638,HEROMOTOCO,Consumer Cyclical,Auto Manufacturers,N/A,EQUITY,0.0207,3.4,1.464,187.32,0.023038518326903134
2010-05-07,1852.0,1905.0,1852.0,1885.0999755859375,1233.3419189453125,403688,HEROMOTOCO,Consumer Cyclical,Auto Manufacturers,N/A,EQUITY,0.0207,3.4,1.464,187.32,0.028617710583153346
2010-05-10,1900.0,1948.699951171875,1881.5,1888.3499755859375,1235.468505859375,324650,HEROMOTOCO,Consumer Cyclical,Auto Manufacturers,N/A,EQUITY,0.0207,3.4,1.464,187.32,0.035716157944127025
2010-05-11,1915.0,1919.75,1885.0,1899.25,1242.599609375,374516,HEROMOTOCO,Consumer Cyclical,Auto Manufacturers,N/A,EQUITY,0.0207,3.4,1.464,187.32,0.01843501326259947
2010-05-12,1899.9000244140625,1936.0,1885.0,1900.949951171875,1243.7119140625,504266,HEROMOTOCO,Consumer Cyclical,Auto Manufacturers,N/A,EQUITY,0.0207,3.4,1.464,187.32,0.027055702917771884
2010-05-13,1929.699951171875,1929.699951171875,1893.9000244140625,1899.25,1242.599609375,298697,HEROMOTOCO,Consumer Cyclical,Auto Manufacturers,N/A,EQUITY,0.0207,3.4,1.464,187.32,0.018902754261745328
2010-05-14,1875.550048828125,1921.75,1871.0999755859375,1876.800048828125,1227.91162109375,151527,HEROMOTOCO,Consumer Cyclical,Auto Manufacturers,N/A,EQUITY,0.0207,3.4,1.464,187.32,0.027069651581926497
2010-05-17,1880.0,1880.0,1833.3499755859375,1849.199951171875,1209.8541259765625,242959,HEROMOTOCO,Consumer Cyclical,Auto Manufacturers,N/A,EQUITY,0.0207,3.4,1.464,187.32,0.025445236880728778
2010-05-18,1847.0,1859.0,1818.0,1837.050048828125,1201.905029296875,267664,HEROMOTOCO,Consumer Cyclical,Auto Manufacturers,N/A,EQUITY,0.0207,3.4,1.464,187.32,0.022552255225522552
2010-05-19,1825.0,1867.800048828125,1822.199951171875,1858.5999755859375,1216.0040283203125,944127,HEROMOTOCO,Consumer Cyclical,Auto Manufacturers,N/A,EQUITY,0.0207,3.4,1.464,187.32,0.02502474968618242
2010-05-20,1865.0,1884.800048828125,1848.699951171875,1862.6500244140625,1218.6539306640625,270724,HEROMOTOCO,Consumer Cyclical,Auto Manufacturers,N/A,EQUITY,0.0207,3.4,1.464,187.32,0.019527288694612913
2010-05-21,1836.199951171875,1863.199951171875,1821.550048828125,1855.0,1213.648681640625,284974,HEROMOTOCO,Consumer Cyclical,Auto Manufacturers,N/A,EQUITY,0.0207,3.4,1.464,187.32,0.022865088099305878
2010-05-24,1865.0,1899.9000244140625,1855.0999755859375,1893.1500244140625,1238.6090087890625,198281,HEROMOTOCO,Consumer Cyclical,Auto Manufacturers,N/A,EQUITY,0.0207,3.4,1.464,187.32,0.024149668167600943
2010-05-25,1889.699951171875,1904.0,1845.5,1868.5,1222.48095703125,511408,HEROMOTOCO,Consumer Cyclical,Auto Manufacturers,N/A,EQUITY,0.0207,3.4,1.464,187.32,0.031698726632348954
2010-05-26,1855.0,1909.949951171875,1855.0,1898.75,1242.2724609375,318450,HEROMOTOCO,Consumer Cyclical,Auto Manufacturers,N/A,EQUITY,0.0207,3.4,1.464,187.32,0.02962261518699461
2010-05-27,1891.0,1919.8499755859375,1875.5,1898.800048828125,1242.3052978515625,415299,HEROMOTOCO,Consumer Cyclical,Auto Manufacturers,N/A,EQUITY,0.0207,3.4,1.464,187.32,0.02364701444198214
2010-05-28,1910.0,1925.0,1891.300048828125,1919.6500244140625,1255.9466552734375,237902,HEROMOTOCO,Consumer Cyclical,Auto Manufacturers,N/A,EQUITY,0.0207,3.4,1.464,187.32,0.017818405489259066
2010-05-31,1931.0,1949.800048828125,1912.199951171875,1937.449951171875,1267.5924072265625,291403,HEROMOTOCO,Consumer Cyclical,Auto Manufacturers,N/A,EQUITY,0.0207,3.4,1.464,187.32,0.019663266717064348
2010-06-01,1950.0,1953.699951171875,1901.550048828125,1924.449951171875,1259.0870361328125,486762,HEROMOTOCO,Consumer Cyclical,Auto Manufacturers,N/A,EQUITY,0.0207,3.4,1.464,187.32,0.027424943338140696
2010-06-02,1929.0,1998.0,1912.0999755859375,1986.449951171875,1299.65087890625,887510,HEROMOTOCO,Consumer Cyclical,Auto Manufacturers,N/A,EQUITY,0.0207,3.4,1.464,187.32,0.044924441980466835
2010-06-03,1995.0,2049.0,1975.0,1979.449951171875,1295.0711669921875,557550,HEROMOTOCO,Consumer Cyclical,Auto Manufacturers,N/A,EQUITY,0.0207,3.4,1.464,187.32,0.03746835443037975
2010-06-04,1979.0,2012.449951171875,1974.0,1996.25,1306.0626220703125,223673,HEROMOTOCO,Consumer Cyclical,Auto Manufacturers,N/A,EQUITY,0.0207,3.4,1.464,187.32,0.019478192083016717
2010-06-07,1970.0,1996.0,1951.0,1977.8499755859375,1294.0245361328125,576762,HEROMOTOCO,Consumer Cyclical,Auto Manufacturers,N/A,EQUITY,0.0207,3.4,1.464,187.32,0.023065094823167605
2010-06-08,1985.0,2004.9000244140625,1924.1500244140625,1930.6500244140625,1263.1435546875,371306,HEROMOTOCO,Consumer Cyclical,Auto Manufacturers,N/A,EQUITY,0.0207,3.4,1.464,187.32,0.04196658211440129
2010-06-09,1930.0,1947.800048828125,1910.0,1920.5999755859375,1256.568115234375,345811,HEROMOTOCO,Consumer Cyclical,Auto Manufacturers,N/A,EQUITY,0.0207,3.4,1.464,187.32,0.01979060148069372
2010-06-10,1925.0,2012.0,1920.0999755859375,2005.75,1312.2783203125,510463,HEROMOTOCO,Consumer Cyclical,Auto Manufacturers,N/A,EQUITY,0.0207,3.4,1.464,187.32,0.04786210383968069
2010-06-11,2015.0,2034.449951171875,2004.1500244140625,2013.3499755859375,1317.2506103515625,283680,HEROMOTOCO,Consumer Cyclical,Auto Manufacturers,N/A,EQUITY,0.0207,3.4,1.464,187.32,0.01511859211571302
2010-06-14,2015.1500244140625,2029.0,1995.199951171875,2008.550048828125,1314.1103515625,217847,HEROMOTOCO,Consumer Cyclical,Auto Manufacturers,N/A,EQUITY,0.0207,3.4,1.464,187.32,0.01694068246557075
2010-06-15,2010.0,2035.0,1993.550048828125,2027.949951171875,1326.8026123046875,267528,HEROMOTOCO,Consumer Cyclical,Auto Manufacturers,N/A,EQUITY,0.0207,3.4,1.464,187.32,0.020792029373047673
2010-06-16,2035.0,2040.800048828125,2001.0,2017.0999755859375,1319.7042236328125,216357,HEROMOTOCO,Consumer Cyclical,Auto Manufacturers,N/A,EQUITY,0.0207,3.4,1.464,187.32,0.019890079374375313
2010-06-17,2005.550048828125,2010.0,1970.0,1983.75,1297.884521484375,431761,HEROMOTOCO,Consumer Cyclical,Auto Manufacturers,N/A,EQUITY,0.0207,3.4,1.464,187.32,0.02030456852791878
2010-06-18,1987.0,2033.75,1987.0,2020.9000244140625,1322.1903076171875,577755,HEROMOTOCO,Consumer Cyclical,Auto Manufacturers,N/A,EQUITY,0.0207,3.4,1.464,187.32,0.023527931555108204
2010-06-21,2031.550048828125,2046.800048828125,2020.0,2026.4000244140625,1325.7886962890625,269973,HEROMOTOCO,Consumer Cyclical,Auto Manufacturers,N/A,EQUITY,0.0207,3.4,1.464,187.32,0.013267350905012376
2010-06-22,2010.0,2032.75,2010.0,2020.0,1321.6011962890625,242793,HEROMOTOCO,Consumer Cyclical,Auto Manufacturers,N/A,EQUITY,0.0207,3.4,1.464,187.32,0.011318407960199004
2010-06-23,2022.0,2047.9000244140625,2002.1500244140625,2038.9000244140625,1333.9669189453125,360320,HEROMOTOCO,Consumer Cyclical,Auto Manufacturers,N/A,EQUITY,0.0207,3.4,1.464,187.32,0.022850435502898402
2010-06-24,2025.25,2064.0,2025.25,2058.39990234375,1346.7247314453125,675428,HEROMOTOCO,Consumer Cyclical,Auto Manufacturers,N/A,EQUITY,0.0207,3.4,1.464,187.32,0.01913344031601037
2010-06-25,2050.0,2064.89990234375,2038.0999755859375,2056.10009765625,1345.220458984375,196318,HEROMOTOCO,Consumer Cyclical,Auto Manufacturers,N/A,EQUITY,0.0207,3.4,1.464,187.32,0.013149466208156808
2010-06-28,2045.5,2059.0,2028.199951171875,2053.449951171875,1343.486328125,132807,HEROMOTOCO,Consumer Cyclical,Auto Manufacturers,N/A,EQUITY,0.0207,3.4,1.464,187.32,0.015185903544829996
2010-06-29,2043.0999755859375,2056.0,2026.0999755859375,2047.300048828125,1339.462646484375,116120,HEROMOTOCO,Consumer Cyclical,Auto Manufacturers,N/A,EQUITY,0.0207,3.4,1.464,187.32,0.014757427952396856
2010-06-30,2042.5,2070.0,2022.0999755859375,2048.550048828125,1340.2803955078125,208385,HEROMOTOCO,Consumer Cyclical,Auto Manufacturers,N/A,EQUITY,0.0207,3.4,1.464,187.32,0.0236882572535429
2010-07-01,2055.0,2057.0,2015.199951171875,2020.1500244140625,1321.699462890625,256604,HEROMOTOCO,Consumer Cyclical,Auto Manufacturers,N/A,EQUITY,0.0207,3.4,1.464,187.32,0.02074238281110394
2010-07-02,2020.1500244140625,2041.0999755859375,2015.0,2020.949951171875,1322.2230224609375,107595,HEROMOTOCO,Consumer Cyclical,Auto Manufacturers,N/A,EQUITY,0.0207,3.4,1.464,187.32,0.012952841481854839
2010-07-05,2021.0,2029.9000244140625,1995.199951171875,2022.25,1323.0733642578125,129470,HEROMOTOCO,Consumer Cyclical,Auto Manufacturers,N/A,EQUITY,0.0207,3.4,1.464,187.32,0.017391777311244676
2010-07-06,2026.0,2031.5,2003.0,2013.949951171875,1317.64306640625,123331,HEROMOTOCO,Consumer Cyclical,Auto Manufacturers,N/A,EQUITY,0.0207,3.4,1.464,187.32,0.014228657014478282
2010-07-07,2005.0999755859375,2023.0,1995.0,2001.4000244140625,1309.43212890625,105061,HEROMOTOCO,Consumer Cyclical,Auto Manufacturers,N/A,EQUITY,0.0207,3.4,1.464,187.32,0.014035087719298246
2010-07-08,2020.0,2026.75,1996.0,2007.550048828125,1313.455810546875,174648,HEROMOTOCO,Consumer Cyclical,Auto Manufacturers,N/A,EQUITY,0.0207,3.4,1.464,187.32,0.015405811623246493
2010-07-09,2009.0,2021.9000244140625,1998.699951171875,2011.0999755859375,1315.778564453125,246043,HEROMOTOCO,Consumer Cyclical,Auto Manufacturers,N/A,EQUITY,0.0207,3.4,1.464,187.32,0.011607581832673216
2010-07-12,2037.699951171875,2037.699951171875,1970.300048828125,1974.800048828125,1292.029052734375,267548,HEROMOTOCO,Consumer Cyclical,Auto Manufacturers,N/A,EQUITY,0.0207,3.4,1.464,187.32,0.034207938219276514
2010-07-13,1980.0,1994.0,1965.0,1978.75,1294.613037109375,224651,HEROMOTOCO,Consumer Cyclical,Auto Manufacturers,N/A,EQUITY,0.0207,3.4,1.464,187.32,0.014758269720101781
2010-07-14,1981.0,2018.699951171875,1976.550048828125,1998.800048828125,1307.7310791015625,374991,HEROMOTOCO,Consumer Cyclical,Auto Manufacturers,N/A,EQUITY,0.0207,3.4,1.464,187.32,0.021324986113425367
2010-07-15,1990.0,1997.0,1967.050048828125,1976.800048828125,1293.33740234375,142748,HEROMOTOCO,Consumer Cyclical,Auto Manufacturers,N/A,EQUITY,0.0207,3.4,1.464,187.32,0.015225820608742394
2010-07-16,1974.0,1990.0,1970.0,1979.800048828125,1295.3004150390625,74089,HEROMOTOCO,Consumer Cyclical,Auto Manufacturers,N/A,EQUITY,0.0207,3.4,1.464,187.32,0.01015228426395939
2010-07-19,1970.0,1978.050048828125,1951.1500244140625,1956.6500244140625,1280.154052734375,189214,HEROMOTOCO,Consumer Cyclical,Auto Manufacturers,N/A,EQUITY,0.0207,3.4,1.464,187.32,0.013786753492797498
2010-07-20,1960.25,1974.800048828125,1940.0999755859375,1944.8499755859375,1272.433837890625,248336,HEROMOTOCO,Consumer Cyclical,Auto Manufacturers,N/A,EQUITY,0.0207,3.4,1.464,187.32,0.017885713972913993
2010-07-21,1953.0,1960.0,1935.0,1941.25,1270.078857421875,318839,HEROMOTOCO,Consumer Cyclical,Auto Manufacturers,N/A,EQUITY,0.0207,3.4,1.464,187.32,0.012919896640826873
2010-07-22,1939.0,1952.6500244140625,1920.0999755859375,1947.8499755859375,1274.396728515625,272526,HEROMOTOCO,Consumer Cyclical,Auto Manufacturers,N/A,EQUITY,0.0207,3.4,1.464,187.32,0.016952267716264114
2010-07-23,1955.0,1976.949951171875,1934.300048828125,1950.6500244140625,1276.2286376953125,382705,HEROMOTOCO,Consumer Cyclical,Auto Manufacturers,N/A,EQUITY,0.0207,3.4,1.464,187.32,0.022049269124295886
2010-07-26,1965.0,1965.0,1794.0,1804.300048828125,1180.47802734375,1308174,HEROMOTOCO,Consumer Cyclical,Auto Manufacturers,N/A,EQUITY,0.0207,3.4,1.464,187.32,0.09531772575250837
2010-07-27,1810.0,1901.9000244140625,1805.0999755859375,1863.0,1218.8826904296875,1804646,HEROMOTOCO,Consumer Cyclical,Auto Manufacturers,N/A,EQUITY,0.0207,3.4,1.464,187.32,0.05362586567910378
2010-07-28,1870.0,1883.9000244140625,1827.449951171875,1855.050048828125,1213.6817626953125,1918279,HEROMOTOCO,Consumer Cyclical,Auto Manufacturers,N/A,EQUITY,0.0207,3.4,1.464,187.32,0.030890078935397487
2010-07-29,1852.0,1894.9000244140625,1830.0,1874.300048828125,1226.2762451171875,1430935,HEROMOTOCO,Consumer Cyclical,Auto Manufacturers,N/A,EQUITY,0.0207,3.4,1.464,187.32,0.0354644942153347
2010-07-30,1845.0,1845.0,1790.5,1814.8499755859375,1187.380126953125,1682439,HEROMOTOCO,Consumer Cyclical,Auto Manufacturers,N/A,EQUITY,0.0207,3.4,1.464,187.32,0.03043842502094387
2010-08-02,1820.5999755859375,1844.0,1820.0,1825.1500244140625,1194.119384765625,342168,HEROMOTOCO,Consumer Cyclical,Auto Manufacturers,N/A,EQUITY,0.0207,3.4,1.464,187.32,0.013186813186813187
2010-08-03,1830.0,1869.4000244140625,1830.0,1860.4000244140625,1217.1822509765625,514524,HEROMOTOCO,Consumer Cyclical,Auto Manufacturers,N/A,EQUITY,0.0207,3.4,1.464,187.32,0.021530067985826504
2010-08-04,1865.0,1889.949951171875,1848.0,1886.9000244140625,1234.5196533203125,457138,HEROMOTOCO,Consumer Cyclical,Auto Manufacturers,N/A,EQUITY,0.0207,3.4,1.464,187.32,0.022700190028070888
2010-08-05,1886.9000244140625,1886.9000244140625,1853.25,1862.5,1218.555419921875,355350,HEROMOTOCO,Consumer Cyclical,Auto Manufacturers,N/A,EQUITY,0.0207,3.4,1.464,187.32,0.018157304418757587
2010-08-06,1863.0,1874.0,1830.1500244140625,1833.550048828125,1199.6151123046875,132136,HEROMOTOCO,Consumer Cyclical,Auto Manufacturers,N/A,EQUITY,0.0207,3.4,1.464,187.32,0.023959771057553834
2010-08-09,1830.0,1875.0,1830.0,1865.550048828125,1220.5511474609375,242353,HEROMOTOCO,Consumer Cyclical,Auto Manufacturers,N/A,EQUITY,0.0207,3.4,1.464,187.32,0.02459016393442623
2010-08-10,1866.0,1882.0,1850.550048828125,1866.699951171875,1221.3037109375,514842,HEROMOTOCO,Consumer Cyclical,Auto Manufacturers,N/A,EQUITY,0.0207,3.4,1.464,187.32,0.01699492061389581
2010-08-11,1868.0,1878.9000244140625,1853.0999755859375,1866.449951171875,1221.14013671875,287017,HEROMOTOCO,Consumer Cyclical,Auto Manufacturers,N/A,EQUITY,0.0207,3.4,1.464,187.32,0.013922642689565199
2010-08-12,1851.0,1876.5,1832.0,1865.800048828125,1220.714599609375,291243,HEROMOTOCO,Consumer Cyclical,Auto Manufacturers,N/A,EQUITY,0.0207,3.4,1.464,187.32,0.024290393013100438
2010-08-13,1869.0,1899.949951171875,1868.25,1884.25,1232.78564453125,382334,HEROMOTOCO,Consumer Cyclical,Auto Manufacturers,N/A,EQUITY,0.0207,3.4,1.464,187.32,0.01696772443295865
2010-08-16,1870.0999755859375,1912.0,1870.0999755859375,1891.8499755859375,1237.7581787109375,234697,HEROMOTOCO,Consumer Cyclical,Auto Manufacturers,N/A,EQUITY,0.0207,3.4,1.464,187.32,0.022405232319696936
2010-08-17,1898.0,1913.449951171875,1893.4000244140625,1905.050048828125,1246.3944091796875,480626,HEROMOTOCO,Consumer Cyclical,Auto Manufacturers,N/A,EQUITY,0.0207,3.4,1.464,187.32,0.01058937704620407
2010-08-18,1907.0,1913.949951171875,1882.0999755859375,1909.0,1248.9783935546875,175493,HEROMOTOCO,Consumer Cyclical,Auto Manufacturers,N/A,EQUITY,0.0207,3.4,1.464,187.32,0.016922573720358255
2010-08-19,1914.699951171875,1914.699951171875,1900.0,1902.75,1244.8895263671875,180129,HEROMOTOCO,Consumer Cyclical,Auto Manufacturers,N/A,EQUITY,0.0207,3.4,1.464,187.32,0.00773681640625
2010-08-20,1912.449951171875,1925.0,1891.0,1915.800048828125,1253.427734375,313716,HEROMOTOCO,Consumer Cyclical,Auto Manufacturers,N/A,EQUITY,0.0207,3.4,1.464,187.32,0.017979904812268643
2010-08-23,1920.6500244140625,1928.9000244140625,1916.300048828125,1924.4000244140625,1259.0543212890625,178697,HEROMOTOCO,Consumer Cyclical,Auto Manufacturers,N/A,EQUITY,0.0207,3.4,1.464,187.32,0.006575157994512792
2010-08-24,1917.550048828125,1933.0,1885.1500244140625,1889.949951171875,1236.514892578125,127183,HEROMOTOCO,Consumer Cyclical,Auto Manufacturers,N/A,EQUITY,0.0207,3.4,1.464,187.32,0.025382582269976157
2010-08-25,1889.0,1889.0,1832.0,1838.199951171875,1202.6572265625,457392,HEROMOTOCO,Consumer Cyclical,Auto Manufacturers,N/A,EQUITY,0.0207,3.4,1.464,187.32,0.03111353711790393
2010-08-26,1838.0,1857.699951171875,1826.5999755859375,1846.8499755859375,1208.316650390625,569187,HEROMOTOCO,Consumer Cyclical,Auto Manufacturers,N/A,EQUITY,0.0207,3.4,1.464,187.32,0.017026155699997332
2010-08-27,1852.0,1870.0,1772.9000244140625,1785.75,1168.34130859375,338909,HEROMOTOCO,Consumer Cyclical,Auto Manufacturers,N/A,EQUITY,0.0207,3.4,1.464,187.32,0.05476900798059874
2010-08-30,1790.0,1804.800048828125,1768.0,1791.0,1191.7982177734375,443800,HEROMOTOCO,Consumer Cyclical,Auto Manufacturers,N/A,EQUITY,0.0207,3.4,1.464,187.32,0.02081450725572681
2010-08-31,1785.0,1804.3499755859375,1669.9000244140625,1791.550048828125,1192.1640625,1490941,HEROMOTOCO,Consumer Cyclical,Auto Manufacturers,N/A,EQUITY,0.0207,3.4,1.464,187.32,0.08051377280448334
2010-09-01,1795.199951171875,1809.449951171875,1740.0,1764.800048828125,1174.3638916015625,756310,HEROMOTOCO,Consumer Cyclical,Auto Manufacturers,N/A,EQUITY,0.0207,3.4,1.464,187.32,0.03991376504130747
2010-09-02,1775.0,1777.800048828125,1690.0,1695.699951171875,1128.3819580078125,872887,HEROMOTOCO,Consumer Cyclical,Auto Manufacturers,N/A,EQUITY,0.0207,3.4,1.464,187.32,0.05195269161427515
2010-09-03,1705.0,1747.800048828125,1701.0,1736.9000244140625,1155.798095703125,1272843,HEROMOTOCO,Consumer Cyclical,Auto Manufacturers,N/A,EQUITY,0.0207,3.4,1.464,187.32,0.02751325621876837
2010-09-06,1720.0,1749.0,1693.0,1703.300048828125,1133.4393310546875,929677,HEROMOTOCO,Consumer Cyclical,Auto Manufacturers,N/A,EQUITY,0.0207,3.4,1.464,187.32,0.03307737743650325
2010-09-07,1705.0,1728.0,1704.0,1708.8499755859375,1137.132568359375,526619,HEROMOTOCO,Consumer Cyclical,Auto Manufacturers,N/A,EQUITY,0.0207,3.4,1.464,187.32,0.014084507042253521
2010-09-08,1708.0,1714.5,1698.0,1705.75,1135.0697021484375,364977,HEROMOTOCO,Consumer Cyclical,Auto Manufacturers,N/A,EQUITY,0.0207,3.4,1.464,187.32,0.009717314487632508
2010-09-09,1710.0,1738.8499755859375,1706.5,1733.1500244140625,1153.3023681640625,526854,HEROMOTOCO,Consumer Cyclical,Auto Manufacturers,N/A,EQUITY,0.0207,3.4,1.464,187.32,0.018956915081123644
2010-09-13,1740.199951171875,1748.9000244140625,1723.1500244140625,1727.699951171875,1149.676025390625,191565,HEROMOTOCO,Consumer Cyclical,Auto Manufacturers,N/A,EQUITY,0.0207,3.4,1.464,187.32,0.014943562449680488
2010-09-14,1734.5,1744.9000244140625,1715.0,1721.699951171875,1145.6829833984375,297159,HEROMOTOCO,Consumer Cyclical,Auto Manufacturers,N/A,EQUITY,0.0207,3.4,1.464,187.32,0.017434416567966474
2010-09-15,1712.0,1747.6500244140625,1712.0,1742.1500244140625,1159.29150390625,324208,HEROMOTOCO,Consumer Cyclical,Auto Manufacturers,N/A,EQUITY,0.0207,3.4,1.464,187.32,0.020823612391391647
2010-09-16,1745.0,1769.9000244140625,1721.1500244140625,1733.300048828125,1153.40234375,304038,HEROMOTOCO,Consumer Cyclical,Auto Manufacturers,N/A,EQUITY,0.0207,3.4,1.464,187.32,0.0283240852386451
2010-09-17,1735.25,1767.8499755859375,1735.25,1745.1500244140625,1161.2879638671875,251514,HEROMOTOCO,Consumer Cyclical,Auto Manufacturers,N/A,EQUITY,0.0207,3.4,1.464,187.32,0.018786904242004035
2010-09-20,1750.0,1832.0,1747.0999755859375,1821.25,1211.927734375,678887,HEROMOTOCO,Consumer Cyclical,Auto Manufacturers,N/A,EQUITY,0.0207,3.4,1.464,187.32,0.0485948289167533
2010-09-21,1826.0,1869.0,1780.199951171875,1809.050048828125,1203.8092041015625,702407,HEROMOTOCO,Consumer Cyclical,Auto Manufacturers,N/A,EQUITY,0.0207,3.4,1.464,187.32,0.0498820645229596
2010-09-22,1809.9000244140625,1819.0,1764.0,1814.0999755859375,1207.169677734375,533460,HEROMOTOCO,Consumer Cyclical,Auto Manufacturers,N/A,EQUITY,0.0207,3.4,1.464,187.32,0.031179138321995464
2010-09-23,1815.0,1815.0,1781.5999755859375,1805.3499755859375,1201.34716796875,265090,HEROMOTOCO,Consumer Cyclical,Auto Manufacturers,N/A,EQUITY,0.0207,3.4,1.464,187.32,0.018747207494251232
2010-09-24,1800.0,1875.0,1787.5,1863.75,1240.2088623046875,438846,HEROMOTOCO,Consumer Cyclical,Auto Manufacturers,N/A,EQUITY,0.0207,3.4,1.464,187.32,0.04895104895104895
2010-09-27,1875.0,1888.0,1851.1500244140625,1860.3499755859375,1237.9464111328125,289297,HEROMOTOCO,Consumer Cyclical,Auto Manufacturers,N/A,EQUITY,0.0207,3.4,1.464,187.32,0.01990653112926462
2010-09-28,1860.3499755859375,1875.0,1846.25,1854.8499755859375,1234.28662109375,245554,HEROMOTOCO,Consumer Cyclical,Auto Manufacturers,N/A,EQUITY,0.0207,3.4,1.464,187.32,0.015572105619498984
2010-09-29,1863.0999755859375,1877.949951171875,1852.0999755859375,1865.0999755859375,1241.106689453125,328309,HEROMOTOCO,Consumer Cyclical,Auto Manufacturers,N/A,EQUITY,0.0207,3.4,1.464,187.32,0.01395711674676714
2010-09-30,1865.0999755859375,1874.9000244140625,1836.050048828125,1858.0,1236.3826904296875,537861,HEROMOTOCO,Consumer Cyclical,Auto Manufacturers,N/A,EQUITY,0.0207,3.4,1.464,187.32,0.02115954061858708
2010-10-01,1865.0,1865.0,1830.0,1848.199951171875,1229.8609619140625,366450,HEROMOTOCO,Consumer Cyclical,Auto Manufacturers,N/A,EQUITY,0.0207,3.4,1.464,187.32,0.01912568306010929
2010-10-04,1848.199951171875,1859.0,1795.199951171875,1805.5,1201.4471435546875,462131,HEROMOTOCO,Consumer Cyclical,Auto Manufacturers,N/A,EQUITY,0.0207,3.4,1.464,187.32,0.0355392438521834
2010-10-05,1805.0,1820.0,1793.0,1801.0999755859375,1198.519287109375,270704,HEROMOTOCO,Consumer Cyclical,Auto Manufacturers,N/A,EQUITY,0.0207,3.4,1.464,187.32,0.01505856107083101
2010-10-06,1815.949951171875,1835.0,1807.0,1822.8499755859375,1212.992431640625,221390,HEROMOTOCO,Consumer Cyclical,Auto Manufacturers,N/A,EQUITY,0.0207,3.4,1.464,187.32,0.01549529607083564
2010-10-07,1823.0,1851.0,1823.0,1843.5999755859375,1226.8001708984375,548828,HEROMOTOCO,Consumer Cyclical,Auto Manufacturers,N/A,EQUITY,0.0207,3.4,1.464,187.32,0.015359297860669226
2010-10-08,1843.0,1850.050048828125,1828.0,1844.1500244140625,1227.166259765625,446061,HEROMOTOCO,Consumer Cyclical,Auto Manufacturers,N/A,EQUITY,0.0207,3.4,1.464,187.32,0.012062389949740153
2010-10-11,1845.0,1879.800048828125,1845.0,1874.199951171875,1247.16259765625,560192,HEROMOTOCO,Consumer Cyclical,Auto Manufacturers,N/A,EQUITY,0.0207,3.4,1.464,187.32,0.01886181508299458
2010-10-12,1872.0999755859375,1888.0,1858.3499755859375,1878.449951171875,1249.990478515625,274892,HEROMOTOCO,Consumer Cyclical,Auto Manufacturers,N/A,EQUITY,0.0207,3.4,1.464,187.32,0.015955027203481333
2010-10-13,1878.449951171875,1889.0,1861.0,1879.5,1250.6893310546875,323820,HEROMOTOCO,Consumer Cyclical,Auto Manufacturers,N/A,EQUITY,0.0207,3.4,1.464,187.32,0.015045674368619023
2010-10-14,1883.0,1894.0,1846.0,1861.550048828125,1238.7449951171875,427405,HEROMOTOCO,Consumer Cyclical,Auto Manufacturers,N/A,EQUITY,0.0207,3.4,1.464,187.32,0.02600216684723727
2010-10-15,1861.0,1875.0,1777.0999755859375,1789.75,1190.96630859375,352063,HEROMOTOCO,Consumer Cyclical,Auto Manufacturers,N/A,EQUITY,0.0207,3.4,1.464,187.32,0.05508976746329836
2010-10-18,1800.0,1815.0,1793.0,1802.25,1199.284423828125,377540,HEROMOTOCO,Consumer Cyclical,Auto Manufacturers,N/A,EQUITY,0.0207,3.4,1.464,187.32,0.012269938650306749
2010-10-19,1820.0,1854.9000244140625,1800.25,1836.75,1222.2418212890625,282949,HEROMOTOCO,Consumer Cyclical,Auto Manufacturers,N/A,EQUITY,0.0207,3.4,1.464,187.32,0.030356908437196222
2010-10-20,1836.0,1855.9000244140625,1830.0,1838.699951171875,1223.5396728515625,159957,HEROMOTOCO,Consumer Cyclical,Auto Manufacturers,N/A,EQUITY,0.0207,3.4,1.464,187.32,0.014153018805498635
2010-10-21,1841.0,1860.0,1840.5,1852.6500244140625,1232.8221435546875,556608,HEROMOTOCO,Consumer Cyclical,Auto Manufacturers,N/A,EQUITY,0.0207,3.4,1.464,187.32,0.010594947025264874
2010-10-22,1841.0,1871.0,1831.199951171875,1853.949951171875,1233.6873779296875,231839,HEROMOTOCO,Consumer Cyclical,Auto Manufacturers,N/A,EQUITY,0.0207,3.4,1.464,187.32,0.02173440907021376
2010-10-25,1870.0,1885.0,1843.050048828125,1862.949951171875,1239.6763916015625,578378,HEROMOTOCO,Consumer Cyclical,Auto Manufacturers,N/A,EQUITY,0.0207,3.4,1.464,187.32,0.022761156810987435
2010-10-26,1869.0,1878.8499755859375,1855.0,1864.199951171875,1240.5084228515625,602094,HEROMOTOCO,Consumer Cyclical,Auto Manufacturers,N/A,EQUITY,0.0207,3.4,1.464,187.32,0.01285712969592318
2010-10-27,1867.0,1874.9000244140625,1846.0,1859.300048828125,1237.247802734375,258194,HEROMOTOCO,Consumer Cyclical,Auto Manufacturers,N/A,EQUITY,0.0207,3.4,1.464,187.32,0.015655484514660076
2010-10-28,1865.5,1927.0,1865.1500244140625,1907.75,1269.48779296875,835409,HEROMOTOCO,Consumer Cyclical,Auto Manufacturers,N/A,EQUITY,0.0207,3.4,1.464,187.32,0.033160858256089984
2010-10-29,1910.0,1920.0,1845.550048828125,1865.25,1241.206787109375,471926,HEROMOTOCO,Consumer Cyclical,Auto Manufacturers,N/A,EQUITY,0.0207,3.4,1.464,187.32,0.040340250441405656
2010-11-01,1841.5999755859375,1850.0,1815.550048828125,1838.3499755859375,1223.306640625,324812,HEROMOTOCO,Consumer Cyclical,Auto Manufacturers,N/A,EQUITY,0.0207,3.4,1.464,187.32,0.0189749388589487
2010-11-02,1850.0,1873.0,1849.949951171875,1852.949951171875,1233.0218505859375,981260,HEROMOTOCO,Consumer Cyclical,Auto Manufacturers,N/A,EQUITY,0.0207,3.4,1.464,187.32,0.012459822933871073
2010-11-03,1853.0,1878.0,1853.0,1867.6500244140625,1242.8038330078125,79790,HEROMOTOCO,Consumer Cyclical,Auto Manufacturers,N/A,EQUITY,0.0207,3.4,1.464,187.32,0.013491635186184566
2010-11-04,1875.0,1886.300048828125,1832.0,1840.5999755859375,1224.8043212890625,469003,HEROMOTOCO,Consumer Cyclical,Auto Manufacturers,N/A,EQUITY,0.0207,3.4,1.464,187.32,0.029639764644173033
2010-11-08,1874.0,1874.0,1818.0,1829.3499755859375,1217.317626953125,445644,HEROMOTOCO,Consumer Cyclical,Auto Manufacturers,N/A,EQUITY,0.0207,3.4,1.464,187.32,0.030803080308030802
2010-11-09,1835.0,1840.0,1820.0,1827.25,1215.919921875,548506,HEROMOTOCO,Consumer Cyclical,Auto Manufacturers,N/A,EQUITY,0.0207,3.4,1.464,187.32,0.01098901098901099
2010-11-10,1828.0,1838.0,1800.0,1809.949951171875,1204.408447265625,193796,HEROMOTOCO,Consumer Cyclical,Auto Manufacturers,N/A,EQUITY,0.0207,3.4,1.464,187.32,0.021111111111111112
2010-11-11,1810.0,1832.949951171875,1807.050048828125,1819.9000244140625,1211.029296875,197260,HEROMOTOCO,Consumer Cyclical,Auto Manufacturers,N/A,EQUITY,0.0207,3.4,1.464,187.32,0.01433269784671771
2010-11-12,1800.0,1834.9000244140625,1795.0,1824.550048828125,1214.12353515625,175648,HEROMOTOCO,Consumer Cyclical,Auto Manufacturers,N/A,EQUITY,0.0207,3.4,1.464,187.32,0.022228425857416436
2010-11-15,1816.1500244140625,1852.9000244140625,1807.0999755859375,1833.800048828125,1220.2789306640625,240297,HEROMOTOCO,Consumer Cyclical,Auto Manufacturers,N/A,EQUITY,0.0207,3.4,1.464,187.32,0.025344501935082316
2010-11-16,1840.0,1840.0,1800.0,1817.5,1209.43212890625,138058,HEROMOTOCO,Consumer Cyclical,Auto Manufacturers,N/A,EQUITY,0.0207,3.4,1.464,187.32,0.022222222222222223
2010-11-18,1868.699951171875,1955.0,1822.75,1913.3499755859375,1273.214599609375,1047005,HEROMOTOCO,Consumer Cyclical,Auto Manufacturers,N/A,EQUITY,0.0207,3.4,1.464,187.32,0.07255520504731862
2010-11-19,1903.1500244140625,1960.0,1896.0,1944.5,1293.9429931640625,988584,HEROMOTOCO,Consumer Cyclical,Auto Manufacturers,N/A,EQUITY,0.0207,3.4,1.464,187.32,0.03375527426160337
2010-11-22,1937.0,1964.550048828125,1912.5999755859375,1954.5999755859375,1300.66357421875,336506,HEROMOTOCO,Consumer Cyclical,Auto Manufacturers,N/A,EQUITY,0.0207,3.4,1.464,187.32,0.027162017099928205
2010-11-23,1945.0,1964.0,1922.0,1957.6500244140625,1302.693115234375,205254,HEROMOTOCO,Consumer Cyclical,Auto Manufacturers,N/A,EQUITY,0.0207,3.4,1.464,187.32,0.021852237252861603
2010-11-24,1968.0,1970.0,1919.0999755859375,1931.4000244140625,1285.2257080078125,170306,HEROMOTOCO,Consumer Cyclical,Auto Manufacturers,N/A,EQUITY,0.0207,3.4,1.464,187.32,0.02652286231128827
2010-11-25,1905.300048828125,1970.0,1902.3499755859375,1951.050048828125,1298.3016357421875,307208,HEROMOTOCO,Consumer Cyclical,Auto Manufacturers,N/A,EQUITY,0.0207,3.4,1.464,187.32,0.03556129276014305
2010-11-26,1950.0,1969.0,1927.5,1936.550048828125,1288.65283203125,280632,HEROMOTOCO,Consumer Cyclical,Auto Manufacturers,N/A,EQUITY,0.0207,3.4,1.464,187.32,0.02153047989623865
2010-11-29,1950.5999755859375,1960.0,1931.0999755859375,1946.5,1295.2735595703125,100210,HEROMOTOCO,Consumer Cyclical,Auto Manufacturers,N/A,EQUITY,0.0207,3.4,1.464,187.32,0.014965576500146559
2010-11-30,1948.0,2061.89990234375,1929.0,1982.699951171875,1319.3624267578125,575576,HEROMOTOCO,Consumer Cyclical,Auto Manufacturers,N/A,EQUITY,0.0207,3.4,1.464,187.32,0.06889575030780197
2010-12-01,1962.199951171875,2005.0,1900.0,1925.449951171875,1281.266357421875,448708,HEROMOTOCO,Consumer Cyclical,Auto Manufacturers,N/A,EQUITY,0.0207,3.4,1.464,187.32,0.05526315789473684
2010-12-02,1927.0,1935.0,1771.0,1781.199951171875,1185.27685546875,1821292,HEROMOTOCO,Consumer Cyclical,Auto Manufacturers,N/A,EQUITY,0.0207,3.4,1.464,187.32,0.09260304912478826
2010-12-03,1775.0,1884.800048828125,1775.0,1839.550048828125,1224.1051025390625,2189933,HEROMOTOCO,Consumer Cyclical,Auto Manufacturers,N/A,EQUITY,0.0207,3.4,1.464,187.32,0.06185918243838028
2010-12-06,1802.0,1814.3499755859375,1743.4000244140625,1774.800048828125,1181.01806640625,660877,HEROMOTOCO,Consumer Cyclical,Auto Manufacturers,N/A,EQUITY,0.0207,3.4,1.464,187.32,0.04069631190679861
2010-12-07,1770.0,1800.0,1764.800048828125,1789.3499755859375,1190.7000732421875,306300,HEROMOTOCO,Consumer Cyclical,Auto Manufacturers,N/A,EQUITY,0.0207,3.4,1.464,187.32,0.01994557468153331
2010-12-08,1789.949951171875,1800.0,1751.0,1758.0999755859375,1169.9052734375,347505,HEROMOTOCO,Consumer Cyclical,Auto Manufacturers,N/A,EQUITY,0.0207,3.4,1.464,187.32,0.027984009137635636
2010-12-09,1767.0,1778.0,1710.0999755859375,1749.9000244140625,1164.44873046875,283575,HEROMOTOCO,Consumer Cyclical,Auto Manufacturers,N/A,EQUITY,0.0207,3.4,1.464,187.32,0.039705295236202594
2010-12-10,1752.0,1795.0,1729.550048828125,1785.300048828125,1188.0052490234375,247544,HEROMOTOCO,Consumer Cyclical,Auto Manufacturers,N/A,EQUITY,0.0207,3.4,1.464,187.32,0.037842183992432776
2010-12-13,1785.25,1799.0,1745.199951171875,1773.949951171875,1180.4522705078125,252131,HEROMOTOCO,Consumer Cyclical,Auto Manufacturers,N/A,EQUITY,0.0207,3.4,1.464,187.32,0.03082744117199814
2010-12-14,1758.0,1758.0,1705.5,1712.75,1139.727783203125,609137,HEROMOTOCO,Consumer Cyclical,Auto Manufacturers,N/A,EQUITY,0.0207,3.4,1.464,187.32,0.030782761653474055
2010-12-15,1706.0,1740.9000244140625,1559.0,1621.550048828125,1079.039794921875,2425129,HEROMOTOCO,Consumer Cyclical,Auto Manufacturers,N/A,EQUITY,0.0207,3.4,1.464,187.32,0.11667737294038646
2010-12-16,1621.0,1702.5,1588.5,1681.699951171875,1119.0657958984375,3264774,HEROMOTOCO,Consumer Cyclical,Auto Manufacturers,N/A,EQUITY,0.0207,3.4,1.464,187.32,0.07176581680830972
2010-12-20,1770.0,1997.0,1770.0,1980.5,1317.898681640625,6157352,HEROMOTOCO,Consumer Cyclical,Auto Manufacturers,N/A,EQUITY,0.0207,3.4,1.464,187.32,0.12824858757062146
2010-12-21,1988.800048828125,1988.800048828125,1908.6500244140625,1972.5,1312.5750732421875,2886164,HEROMOTOCO,Consumer Cyclical,Auto Manufacturers,N/A,EQUITY,0.0207,3.4,1.464,187.32,0.04199304397812155
2010-12-22,1966.0,1967.699951171875,1917.0,1939.8499755859375,1290.8485107421875,1195471,HEROMOTOCO,Consumer Cyclical,Auto Manufacturers,N/A,EQUITY,0.0207,3.4,1.464,187.32,0.02644754886378456
2010-12-23,1928.800048828125,1940.0,1917.0999755859375,1922.800048828125,1279.5025634765625,530885,HEROMOTOCO,Consumer Cyclical,Auto Manufacturers,N/A,EQUITY,0.0207,3.4,1.464,187.32,0.011945138336910884
2010-12-24,1892.0,1952.0,1892.0,1930.5999755859375,1284.6932373046875,964839,HEROMOTOCO,Consumer Cyclical,Auto Manufacturers,N/A,EQUITY,0.0207,3.4,1.464,187.32,0.03171247357293869
2010-12-27,1920.0,1950.0,1920.0,1937.8499755859375,1289.5177001953125,266023,HEROMOTOCO,Consumer Cyclical,Auto Manufacturers,N/A,EQUITY,0.0207,3.4,1.464,187.32,0.015625
2010-12-28,1936.949951171875,1953.0,1920.0,1944.9000244140625,1294.208984375,262404,HEROMOTOCO,Consumer Cyclical,Auto Manufacturers,N/A,EQUITY,0.0207,3.4,1.464,187.32,0.0171875
2010-12-29,1945.0,1963.699951171875,1935.050048828125,1956.25,1301.761474609375,307041,HEROMOTOCO,Consumer Cyclical,Auto Manufacturers,N/A,EQUITY,0.0207,3.4,1.464,187.32,0.014805768130442161
2010-12-30,1956.25,2019.0,1941.0999755859375,1993.6500244140625,1326.64892578125,939385,HEROMOTOCO,Consumer Cyclical,Auto Manufacturers,N/A,EQUITY,0.0207,3.4,1.464,187.32,0.0401318970655016
2010-12-31,1983.0,2015.0,1968.300048828125,1988.1500244140625,1322.9888916015625,425565,HEROMOTOCO,Consumer Cyclical,Auto Manufacturers,N/A,EQUITY,0.0207,3.4,1.464,187.32,0.023726032623775498
2011-01-03,2014.0,2020.0,1958.300048828125,1986.5999755859375,1321.95751953125,564296,HEROMOTOCO,Consumer Cyclical,Auto Manufacturers,N/A,EQUITY,0.0207,3.4,1.464,187.32,0.03150689354718504
2011-01-04,1980.1500244140625,1988.9000244140625,1956.25,1979.3499755859375,1317.13330078125,354865,HEROMOTOCO,Consumer Cyclical,Auto Manufacturers,N/A,EQUITY,0.0207,3.4,1.464,187.32,0.016690108326677316
2011-01-05,1983.699951171875,1983.699951171875,1895.0,1903.4000244140625,1266.5931396484375,365704,HEROMOTOCO,Consumer Cyclical,Auto Manufacturers,N/A,EQUITY,0.0207,3.4,1.464,187.32,0.04680736209597625
2011-01-06,1918.550048828125,1918.699951171875,1860.0,1886.25,1255.180908203125,285534,HEROMOTOCO,Consumer Cyclical,Auto Manufacturers,N/A,EQUITY,0.0207,3.4,1.464,187.32,0.03155911353326613
2011-01-07,1863.5999755859375,1909.0,1845.0,1879.8499755859375,1250.92236328125,725768,HEROMOTOCO,Consumer Cyclical,Auto Manufacturers,N/A,EQUITY,0.0207,3.4,1.464,187.32,0.034688346883468835
2011-01-10,1879.0,1885.0,1777.0,1797.5999755859375,1196.1898193359375,717095,HEROMOTOCO,Consumer Cyclical,Auto Manufacturers,N/A,EQUITY,0.0207,3.4,1.464,187.32,0.06077658975801913
2011-01-11,1801.0,1873.800048828125,1801.0,1845.5,1228.0643310546875,310885,HEROMOTOCO,Consumer Cyclical,Auto Manufacturers,N/A,EQUITY,0.0207,3.4,1.464,187.32,0.0404220148962382
2011-01-12,1841.0,1885.0,1810.0,1874.0,1247.0296630859375,384124,HEROMOTOCO,Consumer Cyclical,Auto Manufacturers,N/A,EQUITY,0.0207,3.4,1.464,187.32,0.04143646408839779
2011-01-13,1851.5,1885.0,1816.300048828125,1825.75,1214.922119140625,434079,HEROMOTOCO,Consumer Cyclical,Auto Manufacturers,N/A,EQUITY,0.0207,3.4,1.464,187.32,0.037824120093043076
2011-01-14,1810.0,1850.0,1802.5,1815.050048828125,1207.8021240234375,324542,HEROMOTOCO,Consumer Cyclical,Auto Manufacturers,N/A,EQUITY,0.0207,3.4,1.464,187.32,0.026352288488210817
2011-01-17,1796.0,1810.0,1765.050048828125,1787.75,1189.635498046875,225503,HEROMOTOCO,Consumer Cyclical,Auto Manufacturers,N/A,EQUITY,0.0207,3.4,1.464,187.32,0.025466672291654707
2011-01-18,1788.0,1794.0,1756.0,1786.8499755859375,1189.03662109375,199334,HEROMOTOCO,Consumer Cyclical,Auto Manufacturers,N/A,EQUITY,0.0207,3.4,1.464,187.32,0.02164009111617312
2011-01-19,1787.0,1807.5999755859375,1749.300048828125,1764.3499755859375,1174.064208984375,218542,HEROMOTOCO,Consumer Cyclical,Auto Manufacturers,N/A,EQUITY,0.0207,3.4,1.464,187.32,0.033327573961292836
2011-01-20,1775.0,1808.699951171875,1760.3499755859375,1776.199951171875,1181.9495849609375,339317,HEROMOTOCO,Consumer Cyclical,Auto Manufacturers,N/A,EQUITY,0.0207,3.4,1.464,187.32,0.027466115406877586
2011-01-21,1760.0,1781.9000244140625,1742.0,1753.25,1166.6781005859375,108075,HEROMOTOCO,Consumer Cyclical,Auto Manufacturers,N/A,EQUITY,0.0207,3.4,1.464,187.32,0.022904721248026692
2011-01-24,1769.3499755859375,1769.3499755859375,1734.3499755859375,1744.300048828125,1160.72216796875,133201,HEROMOTOCO,Consumer Cyclical,Auto Manufacturers,N/A,EQUITY,0.0207,3.4,1.464,187.32,0.020180471353929304
2011-01-25,1750.0,1784.050048828125,1744.0,1774.550048828125,1180.8519287109375,267721,HEROMOTOCO,Consumer Cyclical,Auto Manufacturers,N/A,EQUITY,0.0207,3.4,1.464,187.32,0.0229644775390625
2011-01-27,1795.0,1795.0,1710.5,1724.0,1147.2137451171875,405139,HEROMOTOCO,Consumer Cyclical,Auto Manufacturers,N/A,EQUITY,0.0207,3.4,1.464,187.32,0.04940076001169249
2011-01-28,1725.0,1729.800048828125,1636.9000244140625,1656.949951171875,1102.5963134765625,662639,HEROMOTOCO,Consumer Cyclical,Auto Manufacturers,N/A,EQUITY,0.0207,3.4,1.464,187.32,0.05675363371523962
2011-01-31,1630.0,1650.0,1591.0,1633.0999755859375,1086.7257080078125,333964,HEROMOTOCO,Consumer Cyclical,Auto Manufacturers,N/A,EQUITY,0.0207,3.4,1.464,187.32,0.03708359522313011
2011-02-01,1665.0,1668.0,1591.1500244140625,1610.3499755859375,1071.5869140625,747744,HEROMOTOCO,Consumer Cyclical,Auto Manufacturers,N/A,EQUITY,0.0207,3.4,1.464,187.32,0.04829838444318746
2011-02-02,1602.0,1634.699951171875,1508.050048828125,1522.800048828125,1013.3280639648438,1471867,HEROMOTOCO,Consumer Cyclical,Auto Manufacturers,N/A,EQUITY,0.0207,3.4,1.464,187.32,0.08398255909488353
2011-02-03,1510.0,1574.0,1505.300048828125,1563.75,1040.57763671875,919048,HEROMOTOCO,Consumer Cyclical,Auto Manufacturers,N/A,EQUITY,0.0207,3.4,1.464,187.32,0.04563870918981094
2011-02-04,1550.0,1584.0,1517.449951171875,1537.199951171875,1022.9102172851562,873362,HEROMOTOCO,Consumer Cyclical,Auto Manufacturers,N/A,EQUITY,0.0207,3.4,1.464,187.32,0.043856503324363784
2011-02-07,1540.0,1599.0,1540.0,1583.199951171875,1053.520263671875,1246341,HEROMOTOCO,Consumer Cyclical,Auto Manufacturers,N/A,EQUITY,0.0207,3.4,1.464,187.32,0.03831168831168831
2011-02-08,1598.0,1598.0,1499.0,1506.949951171875,1002.7807006835938,351230,HEROMOTOCO,Consumer Cyclical,Auto Manufacturers,N/A,EQUITY,0.0207,3.4,1.464,187.32,0.06604402935290193
2011-02-09,1516.0999755859375,1516.0999755859375,1415.1500244140625,1440.550048828125,958.5957641601562,512711,HEROMOTOCO,Consumer Cyclical,Auto Manufacturers,N/A,EQUITY,0.0207,3.4,1.464,187.32,0.07133515841451012
2011-02-10,1443.0999755859375,1486.0,1432.699951171875,1449.300048828125,964.4183349609375,277371,HEROMOTOCO,Consumer Cyclical,Auto Manufacturers,N/A,EQUITY,0.0207,3.4,1.464,187.32,0.037202520167972576
2011-02-11,1426.0,1494.9000244140625,1426.0,1469.5,977.8602905273438,839798,HEROMOTOCO,Consumer Cyclical,Auto Manufacturers,N/A,EQUITY,0.0207,3.4,1.464,187.32,0.048316987667645514
2011-02-14,1477.0,1542.0,1477.0,1527.0999755859375,1016.1891479492188,605925,HEROMOTOCO,Consumer Cyclical,Auto Manufacturers,N/A,EQUITY,0.0207,3.4,1.464,187.32,0.044008124576844956
2011-02-15,1539.0,1539.800048828125,1501.0,1517.0,1009.4683227539062,237967,HEROMOTOCO,Consumer Cyclical,Auto Manufacturers,N/A,EQUITY,0.0207,3.4,1.464,187.32,0.02584946624125583
2011-02-16,1501.25,1532.25,1485.25,1492.800048828125,993.3645629882812,208174,HEROMOTOCO,Consumer Cyclical,Auto Manufacturers,N/A,EQUITY,0.0207,3.4,1.464,187.32,0.0316445042922067
2011-02-17,1500.0,1509.800048828125,1484.0,1498.0999755859375,996.8914184570312,255736,HEROMOTOCO,Consumer Cyclical,Auto Manufacturers,N/A,EQUITY,0.0207,3.4,1.464,187.32,0.0173854776469845
2011-02-18,1505.0,1523.0,1455.0,1464.9000244140625,974.7991943359375,282217,HEROMOTOCO,Consumer Cyclical,Auto Manufacturers,N/A,EQUITY,0.0207,3.4,1.464,187.32,0.04673539518900344
2011-02-21,1467.199951171875,1474.9000244140625,1418.050048828125,1438.8499755859375,957.4642333984375,533743,HEROMOTOCO,Consumer Cyclical,Auto Manufacturers,N/A,EQUITY,0.0207,3.4,1.464,187.32,0.04009024620317051
2011-02-22,1438.0,1438.0,1375.75,1390.550048828125,925.3238525390625,887934,HEROMOTOCO,Consumer Cyclical,Auto Manufacturers,N/A,EQUITY,0.0207,3.4,1.464,187.32,0.04524804652007996
2011-02-23,1387.0,1517.699951171875,1378.0,1472.300048828125,979.72314453125,1229812,HEROMOTOCO,Consumer Cyclical,Auto Manufacturers,N/A,EQUITY,0.0207,3.4,1.464,187.32,0.10137877443532294
2011-02-24,1494.75,1522.0,1463.0999755859375,1494.75,994.6624145507812,1420337,HEROMOTOCO,Consumer Cyclical,Auto Manufacturers,N/A,EQUITY,0.0207,3.4,1.464,187.32,0.04025700594415936
2011-02-25,1508.699951171875,1512.0,1451.050048828125,1500.550048828125,998.5219116210938,1217351,HEROMOTOCO,Consumer Cyclical,Auto Manufacturers,N/A,EQUITY,0.0207,3.4,1.464,187.32,0.04200403095751141
2011-02-28,1486.5,1530.0,1440.199951171875,1465.199951171875,974.9984741210938,800390,HEROMOTOCO,Consumer Cyclical,Auto Manufacturers,N/A,EQUITY,0.0207,3.4,1.464,187.32,0.0623524870661575
2011-03-01,1475.199951171875,1510.0,1470.550048828125,1491.8499755859375,992.732421875,538135,HEROMOTOCO,Consumer Cyclical,Auto Manufacturers,N/A,EQUITY,0.0207,3.4,1.464,187.32,0.026826663399394327
2011-03-03,1497.5,1517.4000244140625,1482.0,1506.4000244140625,1002.41455078125,896338,HEROMOTOCO,Consumer Cyclical,Auto Manufacturers,N/A,EQUITY,0.0207,3.4,1.464,187.32,0.023886656149839744
2011-03-04,1520.0,1554.449951171875,1507.199951171875,1536.800048828125,1022.6436767578125,475633,HEROMOTOCO,Consumer Cyclical,Auto Manufacturers,N/A,EQUITY,0.0207,3.4,1.464,187.32,0.03134952330861096
2011-03-07,1528.9000244140625,1548.0,1520.0,1532.800048828125,1019.9821166992188,539119,HEROMOTOCO,Consumer Cyclical,Auto Manufacturers,N/A,EQUITY,0.0207,3.4,1.464,187.32,0.018421052631578946
2011-03-08,1544.449951171875,1545.0,1471.0,1515.050048828125,1008.1705932617188,1494246,HEROMOTOCO,Consumer Cyclical,Auto Manufacturers,N/A,EQUITY,0.0207,3.4,1.464,187.32,0.05030591434398368
2011-03-09,1510.0,1548.199951171875,1492.0,1537.699951171875,1023.2428588867188,623731,HEROMOTOCO,Consumer Cyclical,Auto Manufacturers,N/A,EQUITY,0.0207,3.4,1.464,187.32,0.03766752759509048
2011-03-10,1526.0,1574.8499755859375,1520.199951171875,1536.300048828125,1022.3112182617188,915890,HEROMOTOCO,Consumer Cyclical,Auto Manufacturers,N/A,EQUITY,0.0207,3.4,1.464,187.32,0.03594923442270505
2011-03-11,1540.0,1560.0,1525.800048828125,1530.1500244140625,1018.2188110351562,1235111,HEROMOTOCO,Consumer Cyclical,Auto Manufacturers,N/A,EQUITY,0.0207,3.4,1.464,187.32,0.022414438378175385
2011-03-14,1520.5,1549.9000244140625,1507.0,1531.0999755859375,1018.8510131835938,468650,HEROMOTOCO,Consumer Cyclical,Auto Manufacturers,N/A,EQUITY,0.0207,3.4,1.464,187.32,0.02846716948511115
2011-03-15,1509.0,1539.9000244140625,1490.0,1524.0,1014.12646484375,416018,HEROMOTOCO,Consumer Cyclical,Auto Manufacturers,N/A,EQUITY,0.0207,3.4,1.464,187.32,0.03348994927118289
2011-03-16,1517.0,1525.0,1508.0,1516.4000244140625,1009.0687866210938,309358,HEROMOTOCO,Consumer Cyclical,Auto Manufacturers,N/A,EQUITY,0.0207,3.4,1.464,187.32,0.011273209549071617
2011-03-17,1493.050048828125,1528.0,1493.050048828125,1510.1500244140625,1004.9100952148438,202993,HEROMOTOCO,Consumer Cyclical,Auto Manufacturers,N/A,EQUITY,0.0207,3.4,1.464,187.32,0.023408425725116682
2011-03-18,1510.050048828125,1528.699951171875,1458.5999755859375,1473.5,980.52197265625,361084,HEROMOTOCO,Consumer Cyclical,Auto Manufacturers,N/A,EQUITY,0.0207,3.4,1.464,187.32,0.04805976742031514
2011-03-21,1490.9000244140625,1493.3499755859375,1422.550048828125,1434.25,954.403564453125,416861,HEROMOTOCO,Consumer Cyclical,Auto Manufacturers,N/A,EQUITY,0.0207,3.4,1.464,187.32,0.04976972642624166
2011-03-22,1445.0,1452.800048828125,1413.800048828125,1441.4000244140625,959.1611938476562,393956,HEROMOTOCO,Consumer Cyclical,Auto Manufacturers,N/A,EQUITY,0.0207,3.4,1.464,187.32,0.02758523033884915
2011-03-23,1446.0,1464.949951171875,1443.199951171875,1450.3499755859375,965.1170654296875,323928,HEROMOTOCO,Consumer Cyclical,Auto Manufacturers,N/A,EQUITY,0.0207,3.4,1.464,187.32,0.015070676784834319
2011-03-24,1450.3499755859375,1482.0,1450.3499755859375,1475.5999755859375,981.9190673828125,210250,HEROMOTOCO,Consumer Cyclical,Auto Manufacturers,N/A,EQUITY,0.0207,3.4,1.464,187.32,0.0218223359512079
2011-03-25,1499.0,1499.0,1472.3499755859375,1491.25,992.3333740234375,455606,HEROMOTOCO,Consumer Cyclical,Auto Manufacturers,N/A,EQUITY,0.0207,3.4,1.464,187.32,0.018100332703477537
2011-03-28,1489.0,1510.3499755859375,1481.550048828125,1500.75,998.655029296875,372810,HEROMOTOCO,Consumer Cyclical,Auto Manufacturers,N/A,EQUITY,0.0207,3.4,1.464,187.32,0.01943905086472957
2011-03-29,1512.800048828125,1583.0,1511.0,1544.5999755859375,1027.83447265625,745612,HEROMOTOCO,Consumer Cyclical,Auto Manufacturers,N/A,EQUITY,0.0207,3.4,1.464,187.32,0.04765056254136334
2011-03-30,1554.0,1573.699951171875,1550.0,1557.550048828125,1036.45166015625,223344,HEROMOTOCO,Consumer Cyclical,Auto Manufacturers,N/A,EQUITY,0.0207,3.4,1.464,187.32,0.015290291078629033
2011-03-31,1560.0,1619.0,1558.1500244140625,1589.449951171875,1057.6790771484375,921560,HEROMOTOCO,Consumer Cyclical,Auto Manufacturers,N/A,EQUITY,0.0207,3.4,1.464,187.32,0.03905270649969662
2011-04-01,1595.0,1635.4000244140625,1592.6500244140625,1602.75,1066.5296630859375,310597,HEROMOTOCO,Consumer Cyclical,Auto Manufacturers,N/A,EQUITY,0.0207,3.4,1.464,187.32,0.026842055281873847
2011-04-04,1630.0,1640.0,1613.0,1617.9000244140625,1076.611083984375,303895,HEROMOTOCO,Consumer Cyclical,Auto Manufacturers,N/A,EQUITY,0.0207,3.4,1.464,187.32,0.016738995660260384
2011-04-05,1620.0,1653.800048828125,1620.0,1643.25,1093.4798583984375,296575,HEROMOTOCO,Consumer Cyclical,Auto Manufacturers,N/A,EQUITY,0.0207,3.4,1.464,187.32,0.020864227671682098
2011-04-06,1640.1500244140625,1689.0,1640.1500244140625,1682.300048828125,1119.46484375,308362,HEROMOTOCO,Consumer Cyclical,Auto Manufacturers,N/A,EQUITY,0.0207,3.4,1.464,187.32,0.029783845903602002
2011-04-07,1680.0,1708.699951171875,1675.0,1694.8499755859375,1127.8165283203125,397379,HEROMOTOCO,Consumer Cyclical,Auto Manufacturers,N/A,EQUITY,0.0207,3.4,1.464,187.32,0.020119373833955224
2011-04-08,1691.0,1691.800048828125,1655.0,1663.449951171875,1106.92138671875,384032,HEROMOTOCO,Consumer Cyclical,Auto Manufacturers,N/A,EQUITY,0.0207,3.4,1.464,187.32,0.022235679050226585
2011-04-11,1645.0,1657.5,1624.050048828125,1638.300048828125,1090.185791015625,198337,HEROMOTOCO,Consumer Cyclical,Auto Manufacturers,N/A,EQUITY,0.0207,3.4,1.464,187.32,0.020596625821976158
2011-04-13,1630.0,1770.0,1628.0,1735.1500244140625,1154.6331787109375,753957,HEROMOTOCO,Consumer Cyclical,Auto Manufacturers,N/A,EQUITY,0.0207,3.4,1.464,187.32,0.08722358722358722
2011-04-15,1750.0,1848.0,1740.0,1831.75,1218.9146728515625,1182968,HEROMOTOCO,Consumer Cyclical,Auto Manufacturers,N/A,EQUITY,0.0207,3.4,1.464,187.32,0.06206896551724138
2011-04-18,1840.0,1949.800048828125,1815.0,1863.8499755859375,1240.2752685546875,2489646,HEROMOTOCO,Consumer Cyclical,Auto Manufacturers,N/A,EQUITY,0.0207,3.4,1.464,187.32,0.07426999935433884
2011-04-19,1863.0,1883.0,1760.0,1766.8499755859375,1175.727783203125,1315296,HEROMOTOCO,Consumer Cyclical,Auto Manufacturers,N/A,EQUITY,0.0207,3.4,1.464,187.32,0.06988636363636364
2011-04-20,1722.9000244140625,1749.699951171875,1701.0999755859375,1742.5999755859375,1207.4271240234375,725802,HEROMOTOCO,Consumer Cyclical,Auto Manufacturers,N/A,EQUITY,0.0207,3.4,1.464,187.32,0.028569735044054315
2011-04-21,1750.0,1799.949951171875,1750.0,1787.199951171875,1238.3302001953125,507364,HEROMOTOCO,Consumer Cyclical,Auto Manufacturers,N/A,EQUITY,0.0207,3.4,1.464,187.32,0.02854282924107143
2011-04-25,1790.0,1800.0,1764.5,1773.5999755859375,1228.9068603515625,194999,HEROMOTOCO,Consumer Cyclical,Auto Manufacturers,N/A,EQUITY,0.0207,3.4,1.464,187.32,0.020119013884953244
2011-04-26,1775.0,1792.0,1753.6500244140625,1771.3499755859375,1227.347900390625,405596,HEROMOTOCO,Consumer Cyclical,Auto Manufacturers,N/A,EQUITY,0.0207,3.4,1.464,187.32,0.02186865968239653
2011-04-27,1775.0,1797.0,1731.699951171875,1742.4000244140625,1207.2889404296875,305033,HEROMOTOCO,Consumer Cyclical,Auto Manufacturers,N/A,EQUITY,0.0207,3.4,1.464,187.32,0.03770863929627947
2011-04-28,1748.0,1757.25,1686.25,1695.449951171875,1174.7578125,590224,HEROMOTOCO,Consumer Cyclical,Auto Manufacturers,N/A,EQUITY,0.0207,3.4,1.464,187.32,0.042105263157894736
2011-04-29,1688.9000244140625,1728.8499755859375,1651.1500244140625,1710.0,1184.8394775390625,713420,HEROMOTOCO,Consumer Cyclical,Auto Manufacturers,N/A,EQUITY,0.0207,3.4,1.464,187.32,0.04705808074553861
2011-05-02,1715.0,1722.9000244140625,1680.0,1689.25,1170.4620361328125,279917,HEROMOTOCO,Consumer Cyclical,Auto Manufacturers,N/A,EQUITY,0.0207,3.4,1.464,187.32,0.025535728817894347
2011-05-03,1686.0,1709.0,1647.050048828125,1656.699951171875,1147.908203125,273781,HEROMOTOCO,Consumer Cyclical,Auto Manufacturers,N/A,EQUITY,0.0207,3.4,1.464,187.32,0.03761267073575108
2011-05-04,1654.0,1654.0,1575.1500244140625,1598.699951171875,1107.720703125,701193,HEROMOTOCO,Consumer Cyclical,Auto Manufacturers,N/A,EQUITY,0.0207,3.4,1.464,187.32,0.05005870829051269
2011-05-05,1610.0,1712.800048828125,1600.0,1697.449951171875,1176.143798828125,1348468,HEROMOTOCO,Consumer Cyclical,Auto Manufacturers,N/A,EQUITY,0.0207,3.4,1.464,187.32,0.07050003051757812
2011-05-06,1701.9000244140625,1780.0,1668.449951171875,1765.550048828125,1223.329345703125,853507,HEROMOTOCO,Consumer Cyclical,Auto Manufacturers,N/A,EQUITY,0.0207,3.4,1.464,187.32,0.06685849266846465
2011-05-09,1752.0999755859375,1765.5,1728.3499755859375,1742.800048828125,1207.5657958984375,325567,HEROMOTOCO,Consumer Cyclical,Auto Manufacturers,N/A,EQUITY,0.0207,3.4,1.464,187.32,0.02149450339273333
2011-05-10,1725.5,1759.949951171875,1704.0999755859375,1713.9000244140625,1187.5416259765625,507755,HEROMOTOCO,Consumer Cyclical,Auto Manufacturers,N/A,EQUITY,0.0207,3.4,1.464,187.32,0.03277388438828775
2011-05-11,1714.0,1800.0,1714.0,1776.1500244140625,1230.6741943359375,1087153,HEROMOTOCO,Consumer Cyclical,Auto Manufacturers,N/A,EQUITY,0.0207,3.4,1.464,187.32,0.050175029171528586
2011-05-12,1769.0,1790.0,1743.0999755859375,1750.199951171875,1212.693603515625,374931,HEROMOTOCO,Consumer Cyclical,Auto Manufacturers,N/A,EQUITY,0.0207,3.4,1.464,187.32,0.026906101239716446
2011-05-13,1750.199951171875,1812.6500244140625,1750.199951171875,1798.0,1245.8134765625,436312,HEROMOTOCO,Consumer Cyclical,Auto Manufacturers,N/A,EQUITY,0.0207,3.4,1.464,187.32,0.035681679227777964
2011-05-16,1778.0,1880.0,1763.050048828125,1862.8499755859375,1290.7474365234375,948427,HEROMOTOCO,Consumer Cyclical,Auto Manufacturers,N/A,EQUITY,0.0207,3.4,1.464,187.32,0.06633388045314427
2011-05-17,1851.0,1855.949951171875,1791.0,1802.75,1249.104736328125,571114,HEROMOTOCO,Consumer Cyclical,Auto Manufacturers,N/A,EQUITY,0.0207,3.4,1.464,187.32,0.03626462935336404
2011-05-18,1804.1500244140625,1853.800048828125,1798.0,1841.6500244140625,1276.0579833984375,540674,HEROMOTOCO,Consumer Cyclical,Auto Manufacturers,N/A,EQUITY,0.0207,3.4,1.464,187.32,0.031034509915531146
2011-05-19,1825.25,1837.4000244140625,1790.0,1793.449951171875,1242.660888671875,291385,HEROMOTOCO,Consumer Cyclical,Auto Manufacturers,N/A,EQUITY,0.0207,3.4,1.464,187.32,0.026480460566515363
2011-05-20,1785.0,1835.050048828125,1773.5,1808.75,1253.26220703125,328609,HEROMOTOCO,Consumer Cyclical,Auto Manufacturers,N/A,EQUITY,0.0207,3.4,1.464,187.32,0.03470541236432196
2011-05-23,1790.0,1806.3499755859375,1759.5,1788.8499755859375,1239.4737548828125,222519,HEROMOTOCO,Consumer Cyclical,Auto Manufacturers,N/A,EQUITY,0.0207,3.4,1.464,187.32,0.02662686876154447
2011-05-24,1800.0,1826.0,1775.4000244140625,1818.4000244140625,1259.948486328125,391375,HEROMOTOCO,Consumer Cyclical,Auto Manufacturers,N/A,EQUITY,0.0207,3.4,1.464,187.32,0.02850060543546352
2011-05-25,1812.0,1824.949951171875,1776.5,1806.050048828125,1251.391357421875,382503,HEROMOTOCO,Consumer Cyclical,Auto Manufacturers,N/A,EQUITY,0.0207,3.4,1.464,187.32,0.027272699787151702
2011-05-26,1818.0,1949.0,1798.0,1884.0,1305.402099609375,844136,HEROMOTOCO,Consumer Cyclical,Auto Manufacturers,N/A,EQUITY,0.0207,3.4,1.464,187.32,0.08398220244716352
2011-05-27,1867.9000244140625,1893.0,1833.3499755859375,1850.3499755859375,1282.08642578125,371051,HEROMOTOCO,Consumer Cyclical,Auto Manufacturers,N/A,EQUITY,0.0207,3.4,1.464,187.32,0.0325360816038402
2011-05-30,1854.0,1870.0,1829.9000244140625,1836.550048828125,1272.5244140625,192693,HEROMOTOCO,Consumer Cyclical,Auto Manufacturers,N/A,EQUITY,0.0207,3.4,1.464,187.32,0.021913752145436245
2011-05-31,1849.9000244140625,1867.0,1840.1500244140625,1854.75,1285.1351318359375,203942,HEROMOTOCO,Consumer Cyclical,Auto Manufacturers,N/A,EQUITY,0.0207,3.4,1.464,187.32,0.01459118834318252
2011-06-01,1845.0999755859375,1875.050048828125,1845.0999755859375,1863.3499755859375,1291.0938720703125,238865,HEROMOTOCO,Consumer Cyclical,Auto Manufacturers,N/A,EQUITY,0.0207,3.4,1.464,187.32,0.016232222447825045
2011-06-02,1851.25,1889.0,1847.449951171875,1871.1500244140625,1296.4984130859375,460843,HEROMOTOCO,Consumer Cyclical,Auto Manufacturers,N/A,EQUITY,0.0207,3.4,1.464,187.32,0.022490486847434737
2011-06-03,1872.0,1883.9000244140625,1850.0,1861.0999755859375,1289.53466796875,163034,HEROMOTOCO,Consumer Cyclical,Auto Manufacturers,N/A,EQUITY,0.0207,3.4,1.464,187.32,0.018324337521114866
2011-06-06,1869.949951171875,1869.949951171875,1836.050048828125,1860.5,1289.1190185546875,121572,HEROMOTOCO,Consumer Cyclical,Auto Manufacturers,N/A,EQUITY,0.0207,3.4,1.464,187.32,0.01846349578835659
2011-06-07,1868.699951171875,1868.699951171875,1828.25,1832.949951171875,1270.030029296875,225451,HEROMOTOCO,Consumer Cyclical,Auto Manufacturers,N/A,EQUITY,0.0207,3.4,1.464,187.32,0.022124956199576096
2011-06-08,1829.0,1829.0,1759.050048828125,1763.9000244140625,1222.185791015625,524850,HEROMOTOCO,Consumer Cyclical,Auto Manufacturers,N/A,EQUITY,0.0207,3.4,1.464,187.32,0.039765753804717204
2011-06-09,1768.9000244140625,1785.9000244140625,1736.3499755859375,1741.800048828125,1206.87353515625,735214,HEROMOTOCO,Consumer Cyclical,Auto Manufacturers,N/A,EQUITY,0.0207,3.4,1.464,187.32,0.028536901848605814
2011-06-10,1747.25,1753.9000244140625,1713.050048828125,1724.4000244140625,1194.8170166015625,542605,HEROMOTOCO,Consumer Cyclical,Auto Manufacturers,N/A,EQUITY,0.0207,3.4,1.464,187.32,0.023846340983371985
2011-06-13,1715.0,1747.4000244140625,1708.5,1734.699951171875,1201.9537353515625,360844,HEROMOTOCO,Consumer Cyclical,Auto Manufacturers,N/A,EQUITY,0.0207,3.4,1.464,187.32,0.022768524678994734
2011-06-14,1735.0,1756.5999755859375,1731.1500244140625,1736.1500244140625,1202.9583740234375,222867,HEROMOTOCO,Consumer Cyclical,Auto Manufacturers,N/A,EQUITY,0.0207,3.4,1.464,187.32,0.014701181765277087
2011-06-15,1735.3499755859375,1755.0,1725.75,1746.949951171875,1210.4417724609375,213531,HEROMOTOCO,Consumer Cyclical,Auto Manufacturers,N/A,EQUITY,0.0207,3.4,1.464,187.32,0.01694915254237288
2011-06-16,1739.0,1754.949951171875,1731.0,1736.8499755859375,1203.4434814453125,164588,HEROMOTOCO,Consumer Cyclical,Auto Manufacturers,N/A,EQUITY,0.0207,3.4,1.464,187.32,0.0138359047786684
2011-06-17,1726.0999755859375,1745.0,1725.050048828125,1731.699951171875,1199.8751220703125,287182,HEROMOTOCO,Consumer Cyclical,Auto Manufacturers,N/A,EQUITY,0.0207,3.4,1.464,187.32,0.011564853544642118
2011-06-20,1726.550048828125,1752.6500244140625,1726.550048828125,1740.25,1205.7991943359375,462979,HEROMOTOCO,Consumer Cyclical,Auto Manufacturers,N/A,EQUITY,0.0207,3.4,1.464,187.32,0.015116836956827601
2011-06-21,1747.0,1778.4000244140625,1741.0999755859375,1762.3499755859375,1221.1119384765625,239719,HEROMOTOCO,Consumer Cyclical,Auto Manufacturers,N/A,EQUITY,0.0207,3.4,1.464,187.32,0.021423266527571056
2011-06-22,1763.0,1778.800048828125,1727.0999755859375,1747.949951171875,1211.134521484375,218404,HEROMOTOCO,Consumer Cyclical,Auto Manufacturers,N/A,EQUITY,0.0207,3.4,1.464,187.32,0.029934615235373208
2011-06-23,1732.050048828125,1768.449951171875,1717.050048828125,1763.199951171875,1221.700927734375,353597,HEROMOTOCO,Consumer Cyclical,Auto Manufacturers,N/A,EQUITY,0.0207,3.4,1.464,187.32,0.02993500531847053
2011-06-24,1768.0,1871.800048828125,1768.0,1864.75,1292.0638427734375,863114,HEROMOTOCO,Consumer Cyclical,Auto Manufacturers,N/A,EQUITY,0.0207,3.4,1.464,187.32,0.05871043485753676
2011-06-27,1833.0999755859375,1865.5,1833.0999755859375,1852.199951171875,1283.368408203125,457678,HEROMOTOCO,Consumer Cyclical,Auto Manufacturers,N/A,EQUITY,0.0207,3.4,1.464,187.32,0.017674990369091058
2011-06-28,1850.050048828125,1864.8499755859375,1835.5,1846.949951171875,1279.73046875,259402,HEROMOTOCO,Consumer Cyclical,Auto Manufacturers,N/A,EQUITY,0.0207,3.4,1.464,187.32,0.015990180106748842
2011-06-29,1844.0,1878.75,1840.800048828125,1848.949951171875,1281.1162109375,447214,HEROMOTOCO,Consumer Cyclical,Auto Manufacturers,N/A,EQUITY,0.0207,3.4,1.464,187.32,0.020616009433525595
2011-06-30,1847.0,1887.5,1842.0,1877.199951171875,1300.690185546875,596638,HEROMOTOCO,Consumer Cyclical,Auto Manufacturers,N/A,EQUITY,0.0207,3.4,1.464,187.32,0.0247014115092291
2011-07-01,1890.0,1903.9000244140625,1883.0,1899.199951171875,1315.9337158203125,449943,HEROMOTOCO,Consumer Cyclical,Auto Manufacturers,N/A,EQUITY,0.0207,3.4,1.464,187.32,0.011099322577834572
2011-07-04,1912.0,1920.0,1889.25,1898.3499755859375,1315.3450927734375,190595,HEROMOTOCO,Consumer Cyclical,Auto Manufacturers,N/A,EQUITY,0.0207,3.4,1.464,187.32,0.01627630011909488
2011-07-05,1893.0,1905.0,1875.199951171875,1897.8499755859375,1314.9981689453125,199895,HEROMOTOCO,Consumer Cyclical,Auto Manufacturers,N/A,EQUITY,0.0207,3.4,1.464,187.32,0.015891664677946452
2011-07-06,1895.0,1895.0,1857.1500244140625,1864.25,1291.717529296875,164926,HEROMOTOCO,Consumer Cyclical,Auto Manufacturers,N/A,EQUITY,0.0207,3.4,1.464,187.32,0.020380677429589624
2011-07-07,1866.0,1885.0,1866.0,1880.949951171875,1303.28857421875,369241,HEROMOTOCO,Consumer Cyclical,Auto Manufacturers,N/A,EQUITY,0.0207,3.4,1.464,187.32,0.010182207931404072
2011-07-08,1881.0999755859375,1918.0,1881.0999755859375,1902.199951171875,1318.0123291015625,429962,HEROMOTOCO,Consumer Cyclical,Auto Manufacturers,N/A,EQUITY,0.0207,3.4,1.464,187.32,0.019616195254358364
2011-07-11,1891.0,1924.699951171875,1882.1500244140625,1894.0,1312.3310546875,207101,HEROMOTOCO,Consumer Cyclical,Auto Manufacturers,N/A,EQUITY,0.0207,3.4,1.464,187.32,0.022607085623293412
2011-07-12,1877.0,1893.0,1847.949951171875,1860.5,1289.1190185546875,146487,HEROMOTOCO,Consumer Cyclical,Auto Manufacturers,N/A,EQUITY,0.0207,3.4,1.464,187.32,0.0243783922825164
2011-07-13,1860.5,1886.5,1860.5,1878.0999755859375,1301.313720703125,132726,HEROMOTOCO,Consumer Cyclical,Auto Manufacturers,N/A,EQUITY,0.0207,3.4,1.464,187.32,0.013974737973662993
2011-07-14,1868.0,1877.6500244140625,1844.0,1850.949951171875,1282.5020751953125,331334,HEROMOTOCO,Consumer Cyclical,Auto Manufacturers,N/A,EQUITY,0.0207,3.4,1.464,187.32,0.018248386341682483
2011-07-15,1850.0,1859.699951171875,1810.050048828125,1828.300048828125,1266.807861328125,323622,HEROMOTOCO,Consumer Cyclical,Auto Manufacturers,N/A,EQUITY,0.0207,3.4,1.464,187.32,0.027430126794501998
2011-07-18,1830.0,1837.9000244140625,1812.199951171875,1817.0,1258.978271484375,170750,HEROMOTOCO,Consumer Cyclical,Auto Manufacturers,N/A,EQUITY,0.0207,3.4,1.464,187.32,0.014181698451966254
2011-07-19,1822.5,1823.0999755859375,1788.050048828125,1791.800048828125,1241.517822265625,375395,HEROMOTOCO,Consumer Cyclical,Auto Manufacturers,N/A,EQUITY,0.0207,3.4,1.464,187.32,0.019602318615624864
2011-07-20,1798.5,1805.9000244140625,1750.0,1756.9000244140625,1217.335693359375,373294,HEROMOTOCO,Consumer Cyclical,Auto Manufacturers,N/A,EQUITY,0.0207,3.4,1.464,187.32,0.03194287109375
2011-07-21,1750.0,1798.800048828125,1730.25,1785.25,1236.97900390625,1691160,HEROMOTOCO,Consumer Cyclical,Auto Manufacturers,N/A,EQUITY,0.0207,3.4,1.464,187.32,0.03961858045260801
2011-07-22,1795.0,1822.8499755859375,1788.0,1820.75,1261.5765380859375,527980,HEROMOTOCO,Consumer Cyclical,Auto Manufacturers,N/A,EQUITY,0.0207,3.4,1.464,187.32,0.01949103779974133
2011-07-25,1823.9000244140625,1830.0,1802.3499755859375,1826.5,1265.560791015625,589496,HEROMOTOCO,Consumer Cyclical,Auto Manufacturers,N/A,EQUITY,0.0207,3.4,1.464,187.32,0.015341096229145828
2011-07-26,1833.0,1847.050048828125,1805.699951171875,1821.0,1261.750244140625,580078,HEROMOTOCO,Consumer Cyclical,Auto Manufacturers,N/A,EQUITY,0.0207,3.4,1.464,187.32,0.022899761186466413
2011-07-27,1819.199951171875,1822.9000244140625,1781.550048828125,1805.3499755859375,1250.906494140625,250502,HEROMOTOCO,Consumer Cyclical,Auto Manufacturers,N/A,EQUITY,0.0207,3.4,1.464,187.32,0.023210111673897037
2011-07-28,1775.0,1840.0,1775.0,1823.699951171875,1263.6207275390625,1168677,HEROMOTOCO,Consumer Cyclical,Auto Manufacturers,N/A,EQUITY,0.0207,3.4,1.464,187.32,0.036619718309859155
2011-07-29,1792.0,1816.199951171875,1773.0,1785.0999755859375,1236.875244140625,429677,HEROMOTOCO,Consumer Cyclical,Auto Manufacturers,N/A,EQUITY,0.0207,3.4,1.464,187.32,0.024365454693668923
2011-08-01,1785.9000244140625,1810.0,1761.949951171875,1794.4000244140625,1243.3189697265625,173754,HEROMOTOCO,Consumer Cyclical,Auto Manufacturers,N/A,EQUITY,0.0207,3.4,1.464,187.32,0.027270949890583925
2011-08-02,1787.199951171875,1816.5,1773.0,1808.0999755859375,1252.8115234375,155208,HEROMOTOCO,Consumer Cyclical,Auto Manufacturers,N/A,EQUITY,0.0207,3.4,1.464,187.32,0.024534686971235193
2011-08-03,1782.4000244140625,1822.0,1773.0,1803.0,1249.2779541015625,206311,HEROMOTOCO,Consumer Cyclical,Auto Manufacturers,N/A,EQUITY,0.0207,3.4,1.464,187.32,0.02763677382966723
2011-08-04,1788.800048828125,1830.0,1788.800048828125,1803.25,1249.4510498046875,330022,HEROMOTOCO,Consumer Cyclical,Auto Manufacturers,N/A,EQUITY,0.0207,3.4,1.464,187.32,0.023032172432500674
2011-08-05,1768.0,1800.0,1741.0,1785.3499755859375,1237.0482177734375,230939,HEROMOTOCO,Consumer Cyclical,Auto Manufacturers,N/A,EQUITY,0.0207,3.4,1.464,187.32,0.03388856978747846
2011-08-08,1745.0,1863.800048828125,1720.0,1855.550048828125,1285.689208984375,446162,HEROMOTOCO,Consumer Cyclical,Auto Manufacturers,N/A,EQUITY,0.0207,3.4,1.464,187.32,0.08360467955123546
2011-08-09,1791.0,1880.0,1791.0,1853.4000244140625,1284.1998291015625,462295,HEROMOTOCO,Consumer Cyclical,Auto Manufacturers,N/A,EQUITY,0.0207,3.4,1.464,187.32,0.0496929089893914
2011-08-10,1866.0999755859375,1889.5999755859375,1846.5,1883.949951171875,1305.3673095703125,432000,HEROMOTOCO,Consumer Cyclical,Auto Manufacturers,N/A,EQUITY,0.0207,3.4,1.464,187.32,0.02334144358837666
2011-08-11,1874.949951171875,1884.800048828125,1852.75,1859.3499755859375,1288.3223876953125,356386,HEROMOTOCO,Consumer Cyclical,Auto Manufacturers,N/A,EQUITY,0.0207,3.4,1.464,187.32,0.017298636528471193
2011-08-12,1857.050048828125,1914.0,1857.050048828125,1890.25,1309.732421875,474789,HEROMOTOCO,Consumer Cyclical,Auto Manufacturers,N/A,EQUITY,0.0207,3.4,1.464,187.32,0.030666890861564426
2011-08-16,1900.0,1918.9000244140625,1880.199951171875,1890.300048828125,1309.76708984375,385466,HEROMOTOCO,Consumer Cyclical,Auto Manufacturers,N/A,EQUITY,0.0207,3.4,1.464,187.32,0.020582956199986523
2011-08-17,1890.5,1952.0,1890.5,1939.550048828125,1343.8917236328125,756048,HEROMOTOCO,Consumer Cyclical,Auto Manufacturers,N/A,EQUITY,0.0207,3.4,1.464,187.32,0.03253107643480561
2011-08-18,1937.0,1963.0,1937.0,1953.699951171875,1353.6961669921875,380313,HEROMOTOCO,Consumer Cyclical,Auto Manufacturers,N/A,EQUITY,0.0207,3.4,1.464,187.32,0.013422818791946308
2011-08-19,1920.0,2000.0,1920.0,1993.699951171875,1381.4117431640625,480001,HEROMOTOCO,Consumer Cyclical,Auto Manufacturers,N/A,EQUITY,0.0207,3.4,1.464,187.32,0.041666666666666664
2011-08-22,1994.050048828125,2021.5,1987.3499755859375,2007.6500244140625,1391.0775146484375,763875,HEROMOTOCO,Consumer Cyclical,Auto Manufacturers,N/A,EQUITY,0.0207,3.4,1.464,187.32,0.01718369931496033
2011-08-23,2009.949951171875,2015.6500244140625,1978.1500244140625,1992.550048828125,1380.615234375,405250,HEROMOTOCO,Consumer Cyclical,Auto Manufacturers,N/A,EQUITY,0.0207,3.4,1.464,187.32,0.01895710615331498
2011-08-24,1977.5,1994.949951171875,1951.300048828125,1964.949951171875,1361.4913330078125,311784,HEROMOTOCO,Consumer Cyclical,Auto Manufacturers,N/A,EQUITY,0.0207,3.4,1.464,187.32,0.022369651643254166
2011-08-25,1948.800048828125,1973.949951171875,1865.800048828125,1902.199951171875,1341.914794921875,933496,HEROMOTOCO,Consumer Cyclical,Auto Manufacturers,N/A,EQUITY,0.0207,3.4,1.464,187.32,0.057964358191370496
2011-08-26,1902.0,1965.199951171875,1878.5999755859375,1951.550048828125,1376.729248046875,499712,HEROMOTOCO,Consumer Cyclical,Auto Manufacturers,N/A,EQUITY,0.0207,3.4,1.464,187.32,0.04609814580612185
2011-08-29,1954.550048828125,1998.4000244140625,1936.550048828125,1972.300048828125,1391.3675537109375,581650,HEROMOTOCO,Consumer Cyclical,Auto Manufacturers,N/A,EQUITY,0.0207,3.4,1.464,187.32,0.03193822727347796
2011-08-30,1984.0,2068.0,1982.25,2051.75,1447.415771484375,736166,HEROMOTOCO,Consumer Cyclical,Auto Manufacturers,N/A,EQUITY,0.0207,3.4,1.464,187.32,0.043258922941102285
2011-09-02,2110.0,2121.64990234375,2048.050048828125,2072.75,1462.230224609375,432735,HEROMOTOCO,Consumer Cyclical,Auto Manufacturers,N/A,EQUITY,0.0207,3.4,1.464,187.32,0.03593655026044805
2011-09-05,2050.0,2193.0,2048.0,2183.35009765625,1540.2530517578125,1079760,HEROMOTOCO,Consumer Cyclical,Auto Manufacturers,N/A,EQUITY,0.0207,3.4,1.464,187.32,0.07080078125
2011-09-06,2189.699951171875,2207.949951171875,2150.0,2167.449951171875,1529.0362548828125,711871,HEROMOTOCO,Consumer Cyclical,Auto Manufacturers,N/A,EQUITY,0.0207,3.4,1.464,187.32,0.02695346566133721
2011-09-07,2180.0,2187.199951171875,2135.25,2172.89990234375,1532.881103515625,527380,HEROMOTOCO,Consumer Cyclical,Auto Manufacturers,N/A,EQUITY,0.0207,3.4,1.464,187.32,0.024329680914120126
2011-09-08,2166.10009765625,2187.0,2143.0,2169.699951171875,1530.6239013671875,373029,HEROMOTOCO,Consumer Cyclical,Auto Manufacturers,N/A,EQUITY,0.0207,3.4,1.464,187.32,0.02053196453569762
2011-09-09,2165.5,2237.0,2165.449951171875,2222.5,1567.8720703125,868373,HEROMOTOCO,Consumer Cyclical,Auto Manufacturers,N/A,EQUITY,0.0207,3.4,1.464,187.32,0.033041654363521224
2011-09-12,2200.0,2230.0,2186.14990234375,2214.14990234375,1561.9810791015625,479985,HEROMOTOCO,Consumer Cyclical,Auto Manufacturers,N/A,EQUITY,0.0207,3.4,1.464,187.32,0.020058138560964524
2011-09-13,2204.0,2229.300048828125,2190.699951171875,2202.89990234375,1554.0447998046875,432679,HEROMOTOCO,Consumer Cyclical,Auto Manufacturers,N/A,EQUITY,0.0207,3.4,1.464,187.32,0.017619983802711816
2011-09-14,2197.75,2209.0,2167.85009765625,2193.64990234375,1547.5191650390625,1258246,HEROMOTOCO,Consumer Cyclical,Auto Manufacturers,N/A,EQUITY,0.0207,3.4,1.464,187.32,0.018981894729824176
2011-09-15,2195.0,2213.60009765625,2184.050048828125,2202.35009765625,1553.656982421875,441841,HEROMOTOCO,Consumer Cyclical,Auto Manufacturers,N/A,EQUITY,0.0207,3.4,1.464,187.32,0.01352993208373608
2011-09-16,2200.0,2222.0,2191.64990234375,2200.25,1552.1754150390625,305050,HEROMOTOCO,Consumer Cyclical,Auto Manufacturers,N/A,EQUITY,0.0207,3.4,1.464,187.32,0.013848059228708751
2011-09-19,2186.050048828125,2215.0,2185.39990234375,2201.14990234375,1552.810302734375,220974,HEROMOTOCO,Consumer Cyclical,Auto Manufacturers,N/A,EQUITY,0.0207,3.4,1.464,187.32,0.013544476516405593
2011-09-20,2195.0,2217.5,2191.14990234375,2205.699951171875,1556.020263671875,335286,HEROMOTOCO,Consumer Cyclical,Auto Manufacturers,N/A,EQUITY,0.0207,3.4,1.464,187.32,0.012025693736455356
2011-09-21,2213.699951171875,2213.699951171875,2118.949951171875,2134.300048828125,1505.6507568359375,745676,HEROMOTOCO,Consumer Cyclical,Auto Manufacturers,N/A,EQUITY,0.0207,3.4,1.464,187.32,0.044715544105984655
2011-09-22,2095.0,2119.949951171875,2077.5,2086.949951171875,1472.247314453125,334283,HEROMOTOCO,Consumer Cyclical,Auto Manufacturers,N/A,EQUITY,0.0207,3.4,1.464,187.32,0.020433189493080626
2011-09-23,2055.0,2086.949951171875,2021.4000244140625,2037.050048828125,1437.04541015625,539677,HEROMOTOCO,Consumer Cyclical,Auto Manufacturers,N/A,EQUITY,0.0207,3.4,1.464,187.32,0.032427983558975804
2011-09-26,2040.0,2045.0,1953.75,1976.550048828125,1394.365478515625,673096,HEROMOTOCO,Consumer Cyclical,Auto Manufacturers,N/A,EQUITY,0.0207,3.4,1.464,187.32,0.04670505438259757
2011-09-27,2000.050048828125,2018.800048828125,1985.050048828125,1992.699951171875,1405.75830078125,389532,HEROMOTOCO,Consumer Cyclical,Auto Manufacturers,N/A,EQUITY,0.0207,3.4,1.464,187.32,0.017002090209223854
2011-09-28,2006.0,2006.050048828125,1950.3499755859375,1957.949951171875,1381.243896484375,263193,HEROMOTOCO,Consumer Cyclical,Auto Manufacturers,N/A,EQUITY,0.0207,3.4,1.464,187.32,0.028559014504796094
2011-09-29,1950.0,2018.949951171875,1915.5999755859375,2000.8499755859375,1411.507568359375,1400868,HEROMOTOCO,Consumer Cyclical,Auto Manufacturers,N/A,EQUITY,0.0207,3.4,1.464,187.32,0.053951752402964584
2011-09-30,1994.9000244140625,1994.9000244140625,1920.0,1941.75,1369.8155517578125,637049,HEROMOTOCO,Consumer Cyclical,Auto Manufacturers,N/A,EQUITY,0.0207,3.4,1.464,187.32,0.03901042938232422
2011-10-03,1933.949951171875,1966.9000244140625,1904.3499755859375,1959.699951171875,1382.4783935546875,561252,HEROMOTOCO,Consumer Cyclical,Auto Manufacturers,N/A,EQUITY,0.0207,3.4,1.464,187.32,0.032845878977092624
2011-10-04,1927.0,1995.0,1927.0,1961.449951171875,1383.7130126953125,597115,HEROMOTOCO,Consumer Cyclical,Auto Manufacturers,N/A,EQUITY,0.0207,3.4,1.464,187.32,0.03528801245459263
2011-10-05,1955.050048828125,1970.9000244140625,1936.4000244140625,1949.75,1375.4588623046875,410851,HEROMOTOCO,Consumer Cyclical,Auto Manufacturers,N/A,EQUITY,0.0207,3.4,1.464,187.32,0.01781656660040551
2011-10-07,1985.0,1999.9000244140625,1912.199951171875,1940.9000244140625,1369.2158203125,542327,HEROMOTOCO,Consumer Cyclical,Auto Manufacturers,N/A,EQUITY,0.0207,3.4,1.464,187.32,0.045863442883387416
2011-10-10,1931.0,1972.699951171875,1918.5,1960.800048828125,1383.2545166015625,409363,HEROMOTOCO,Consumer Cyclical,Auto Manufacturers,N/A,EQUITY,0.0207,3.4,1.464,187.32,0.028251212495113368
2011-10-11,1968.5999755859375,1994.699951171875,1968.5999755859375,1975.699951171875,1393.7657470703125,248978,HEROMOTOCO,Consumer Cyclical,Auto Manufacturers,N/A,EQUITY,0.0207,3.4,1.464,187.32,0.013258140764818946
2011-10-12,1980.0,2035.25,1965.0,2000.8499755859375,1411.507568359375,505210,HEROMOTOCO,Consumer Cyclical,Auto Manufacturers,N/A,EQUITY,0.0207,3.4,1.464,187.32,0.03575063613231552
2011-10-13,2010.0,2025.5,1973.949951171875,1981.9000244140625,1398.1395263671875,289424,HEROMOTOCO,Consumer Cyclical,Auto Manufacturers,N/A,EQUITY,0.0207,3.4,1.464,187.32,0.026115175208733778
2011-10-14,1968.0,2010.0,1968.0,1993.75,1406.4991455078125,221667,HEROMOTOCO,Consumer Cyclical,Auto Manufacturers,N/A,EQUITY,0.0207,3.4,1.464,187.32,0.021341463414634148
2011-10-17,2004.0,2027.5999755859375,1975.0999755859375,1992.800048828125,1405.8291015625,224721,HEROMOTOCO,Consumer Cyclical,Auto Manufacturers,N/A,EQUITY,0.0207,3.4,1.464,187.32,0.02658093293957195
2011-10-18,1990.0,2015.0,1963.0,1985.8499755859375,1400.92626953125,707937,HEROMOTOCO,Consumer Cyclical,Auto Manufacturers,N/A,EQUITY,0.0207,3.4,1.464,187.32,0.026490066225165563
2011-10-19,2060.0,2092.949951171875,2041.5,2066.550048828125,1457.8564453125,1775133,HEROMOTOCO,Consumer Cyclical,Auto Manufacturers,N/A,EQUITY,0.0207,3.4,1.464,187.32,0.025202033393032085
2011-10-20,2046.0,2055.75,1997.0,2030.050048828125,1432.1070556640625,785209,HEROMOTOCO,Consumer Cyclical,Auto Manufacturers,N/A,EQUITY,0.0207,3.4,1.464,187.32,0.02941912869303956
2011-10-21,2030.050048828125,2066.25,2005.25,2052.300048828125,1447.8037109375,717701,HEROMOTOCO,Consumer Cyclical,Auto Manufacturers,N/A,EQUITY,0.0207,3.4,1.464,187.32,0.030420147113826207
2011-10-24,2069.699951171875,2090.60009765625,2061.449951171875,2072.550048828125,1462.089111328125,294840,HEROMOTOCO,Consumer Cyclical,Auto Manufacturers,N/A,EQUITY,0.0207,3.4,1.464,187.32,0.014140603543541758
2011-10-25,2073.0,2106.39990234375,2032.0999755859375,2090.39990234375,1474.68115234375,1091808,HEROMOTOCO,Consumer Cyclical,Auto Manufacturers,N/A,EQUITY,0.0207,3.4,1.464,187.32,0.03656312565841589
2011-10-28,2160.0,2231.449951171875,2140.0,2157.39990234375,1521.9466552734375,527873,HEROMOTOCO,Consumer Cyclical,Auto Manufacturers,N/A,EQUITY,0.0207,3.4,1.464,187.32,0.04273362204293224
2011-10-31,2150.0,2190.60009765625,2150.0,2181.35009765625,1538.84228515625,485738,HEROMOTOCO,Consumer Cyclical,Auto Manufacturers,N/A,EQUITY,0.0207,3.4,1.464,187.32,0.018883766351744186
2011-11-01,2159.0,2175.550048828125,2122.300048828125,2137.35009765625,1507.802490234375,334932,HEROMOTOCO,Consumer Cyclical,Auto Manufacturers,N/A,EQUITY,0.0207,3.4,1.464,187.32,0.025090702904805175
2011-11-02,2120.0,2139.949951171875,2069.199951171875,2089.35009765625,1473.940673828125,615746,HEROMOTOCO,Consumer Cyclical,Auto Manufacturers,N/A,EQUITY,0.0207,3.4,1.464,187.32,0.034191959051579957
2011-11-03,2081.199951171875,2089.0,2035.6500244140625,2071.300048828125,1461.2071533203125,1043359,HEROMOTOCO,Consumer Cyclical,Auto Manufacturers,N/A,EQUITY,0.0207,3.4,1.464,187.32,0.026207832852453924
2011-11-04,2085.199951171875,2133.64990234375,2085.199951171875,2113.800048828125,1491.1890869140625,323921,HEROMOTOCO,Consumer Cyclical,Auto Manufacturers,N/A,EQUITY,0.0207,3.4,1.464,187.32,0.02323515840514302
2011-11-08,2136.0,2151.60009765625,2111.0,2119.699951171875,1495.350830078125,211070,HEROMOTOCO,Consumer Cyclical,Auto Manufacturers,N/A,EQUITY,0.0207,3.4,1.464,187.32,0.019232637449668404
2011-11-09,2134.699951171875,2166.800048828125,2125.300048828125,2140.10009765625,1509.74267578125,352001,HEROMOTOCO,Consumer Cyclical,Auto Manufacturers,N/A,EQUITY,0.0207,3.4,1.464,187.32,0.019526654611843067
2011-11-11,2120.0,2188.89990234375,2115.0,2172.949951171875,1532.916748046875,346536,HEROMOTOCO,Consumer Cyclical,Auto Manufacturers,N/A,EQUITY,0.0207,3.4,1.464,187.32,0.034940852171985816
2011-11-14,2177.0,2249.699951171875,2177.0,2209.550048828125,1558.7359619140625,847401,HEROMOTOCO,Consumer Cyclical,Auto Manufacturers,N/A,EQUITY,0.0207,3.4,1.464,187.32,0.033394557267742306
2011-11-15,2205.0,2229.0,2147.5,2161.64990234375,1524.9449462890625,381063,HEROMOTOCO,Consumer Cyclical,Auto Manufacturers,N/A,EQUITY,0.0207,3.4,1.464,187.32,0.03795110593713621
2011-11-16,2149.050048828125,2159.5,2087.449951171875,2103.75,1484.09912109375,459599,HEROMOTOCO,Consumer Cyclical,Auto Manufacturers,N/A,EQUITY,0.0207,3.4,1.464,187.32,0.03451582098419977
2011-11-17,2093.699951171875,2153.5,2075.699951171875,2118.75,1494.6810302734375,595134,HEROMOTOCO,Consumer Cyclical,Auto Manufacturers,N/A,EQUITY,0.0207,3.4,1.464,187.32,0.03748135600436929
2011-11-18,2100.0,2202.0,2100.0,2193.39990234375,1547.34326171875,865363,HEROMOTOCO,Consumer Cyclical,Auto Manufacturers,N/A,EQUITY,0.0207,3.4,1.464,187.32,0.04857142857142857
2011-11-21,2181.0,2198.0,2156.0,2171.60009765625,1531.9642333984375,658421,HEROMOTOCO,Consumer Cyclical,Auto Manufacturers,N/A,EQUITY,0.0207,3.4,1.464,187.32,0.01948051948051948
2011-11-22,2177.699951171875,2196.5,2134.050048828125,2166.89990234375,1528.6483154296875,587439,HEROMOTOCO,Consumer Cyclical,Auto Manufacturers,N/A,EQUITY,0.0207,3.4,1.464,187.32,0.029263583207042525
2011-11-23,2159.949951171875,2220.0,2103.0,2126.64990234375,1500.2540283203125,786798,HEROMOTOCO,Consumer Cyclical,Auto Manufacturers,N/A,EQUITY,0.0207,3.4,1.464,187.32,0.05563480741797432
2011-11-24,2112.0,2153.64990234375,2078.25,2106.89990234375,1486.321044921875,598972,HEROMOTOCO,Consumer Cyclical,Auto Manufacturers,N/A,EQUITY,0.0207,3.4,1.464,187.32,0.036280477490075784
2011-11-25,2090.0,2095.0,2023.0,2036.199951171875,1436.44580078125,780396,HEROMOTOCO,Consumer Cyclical,Auto Manufacturers,N/A,EQUITY,0.0207,3.4,1.464,187.32,0.03559070687098369
2011-11-28,2059.0,2082.75,2024.199951171875,2033.25,1434.36474609375,404303,HEROMOTOCO,Consumer Cyclical,Auto Manufacturers,N/A,EQUITY,0.0207,3.4,1.464,187.32,0.028925032230253972
2011-11-29,2030.0999755859375,2078.89990234375,1990.75,2061.14990234375,1454.047119140625,722677,HEROMOTOCO,Consumer Cyclical,Auto Manufacturers,N/A,EQUITY,0.0207,3.4,1.464,187.32,0.044279744992465155
2011-11-30,2061.0,2087.300048828125,1971.0999755859375,1999.699951171875,1410.6964111328125,2870263,HEROMOTOCO,Consumer Cyclical,Auto Manufacturers,N/A,EQUITY,0.0207,3.4,1.464,187.32,0.058951892182762256
2011-12-01,2035.0,2101.0,2035.0,2088.300048828125,1473.199951171875,466629,HEROMOTOCO,Consumer Cyclical,Auto Manufacturers,N/A,EQUITY,0.0207,3.4,1.464,187.32,0.032432432432432434
2011-12-02,2094.10009765625,2108.89990234375,2056.0,2080.949951171875,1468.0150146484375,720064,HEROMOTOCO,Consumer Cyclical,Auto Manufacturers,N/A,EQUITY,0.0207,3.4,1.464,187.32,0.025729524486259727
2011-12-05,2079.5,2080.0,2051.699951171875,2061.85009765625,1454.5406494140625,243911,HEROMOTOCO,Consumer Cyclical,Auto Manufacturers,N/A,EQUITY,0.0207,3.4,1.464,187.32,0.01379346371381487
2011-12-07,2053.0,2083.85009765625,2048.60009765625,2058.10009765625,1451.895263671875,331557,HEROMOTOCO,Consumer Cyclical,Auto Manufacturers,N/A,EQUITY,0.0207,3.4,1.464,187.32,0.01720687216618246
2011-12-08,2059.0,2091.300048828125,2047.0,2057.699951171875,1451.613037109375,367679,HEROMOTOCO,Consumer Cyclical,Auto Manufacturers,N/A,EQUITY,0.0207,3.4,1.464,187.32,0.02164145033127748
2011-12-09,2043.0,2057.64990234375,2011.0,2033.4000244140625,1434.4703369140625,330459,HEROMOTOCO,Consumer Cyclical,Auto Manufacturers,N/A,EQUITY,0.0207,3.4,1.464,187.32,0.023197365660740925
2011-12-12,2041.0,2050.050048828125,1970.449951171875,1976.5999755859375,1394.4010009765625,389019,HEROMOTOCO,Consumer Cyclical,Auto Manufacturers,N/A,EQUITY,0.0207,3.4,1.464,187.32,0.04039691422200795
2011-12-13,1973.5,2013.800048828125,1939.800048828125,2006.9000244140625,1415.7757568359375,385418,HEROMOTOCO,Consumer Cyclical,Auto Manufacturers,N/A,EQUITY,0.0207,3.4,1.464,187.32,0.03814826174723781
2011-12-14,2000.0,2009.0,1965.0,1975.0999755859375,1393.342529296875,299350,HEROMOTOCO,Consumer Cyclical,Auto Manufacturers,N/A,EQUITY,0.0207,3.4,1.464,187.32,0.022391857506361322
2011-12-15,1951.199951171875,1966.300048828125,1910.0,1956.0999755859375,1379.93896484375,326709,HEROMOTOCO,Consumer Cyclical,Auto Manufacturers,N/A,EQUITY,0.0207,3.4,1.464,187.32,0.029476465355039266
2011-12-16,1960.0,2003.0,1901.0,1925.699951171875,1358.4932861328125,385536,HEROMOTOCO,Consumer Cyclical,Auto Manufacturers,N/A,EQUITY,0.0207,3.4,1.464,187.32,0.05365597054182009
2011-12-19,1906.0,1942.75,1878.3499755859375,1913.699951171875,1350.027587890625,554537,HEROMOTOCO,Consumer Cyclical,Auto Manufacturers,N/A,EQUITY,0.0207,3.4,1.464,187.32,0.034285423510585875
2011-12-20,1917.0,1925.0,1788.0999755859375,1809.9000244140625,1276.8017578125,626765,HEROMOTOCO,Consumer Cyclical,Auto Manufacturers,N/A,EQUITY,0.0207,3.4,1.464,187.32,0.07656172824967582
2011-12-21,1853.0,1863.25,1764.9000244140625,1845.5999755859375,1301.986083984375,1077209,HEROMOTOCO,Consumer Cyclical,Auto Manufacturers,N/A,EQUITY,0.0207,3.4,1.464,187.32,0.055725522253641066
2011-12-22,1813.0,1870.0,1813.0,1850.550048828125,1305.4781494140625,558856,HEROMOTOCO,Consumer Cyclical,Auto Manufacturers,N/A,EQUITY,0.0207,3.4,1.464,187.32,0.03143960286817429
2011-12-23,1869.0,1869.0,1812.0999755859375,1850.0,1305.08984375,392373,HEROMOTOCO,Consumer Cyclical,Auto Manufacturers,N/A,EQUITY,0.0207,3.4,1.464,187.32,0.031400047006602955
2011-12-26,1867.0,1940.949951171875,1845.550048828125,1921.5,1355.530029296875,368195,HEROMOTOCO,Consumer Cyclical,Auto Manufacturers,N/A,EQUITY,0.0207,3.4,1.464,187.32,0.051691853279365894
2011-12-27,1930.0,1935.9000244140625,1895.0,1905.5999755859375,1344.313232421875,265949,HEROMOTOCO,Consumer Cyclical,Auto Manufacturers,N/A,EQUITY,0.0207,3.4,1.464,187.32,0.02158312633987467
2011-12-28,1906.0,1919.9000244140625,1886.949951171875,1910.6500244140625,1347.8760986328125,422058,HEROMOTOCO,Consumer Cyclical,Auto Manufacturers,N/A,EQUITY,0.0207,3.4,1.464,187.32,0.017462081186479867
2011-12-29,1896.0,1919.449951171875,1892.8499755859375,1904.5,1343.5374755859375,278028,HEROMOTOCO,Consumer Cyclical,Auto Manufacturers,N/A,EQUITY,0.0207,3.4,1.464,187.32,0.014052870501637825
2011-12-30,1895.0,1932.5,1895.0,1905.1500244140625,1343.995849609375,273562,HEROMOTOCO,Consumer Cyclical,Auto Manufacturers,N/A,EQUITY,0.0207,3.4,1.464,187.32,0.01978891820580475
2012-01-02,1914.800048828125,1918.800048828125,1797.550048828125,1838.8499755859375,1297.224365234375,910326,HEROMOTOCO,Consumer Cyclical,Auto Manufacturers,N/A,EQUITY,0.0207,3.4,1.464,187.32,0.06745292020049533
2012-01-03,1860.0,1884.6500244140625,1801.0,1828.449951171875,1289.8878173828125,628569,HEROMOTOCO,Consumer Cyclical,Auto Manufacturers,N/A,EQUITY,0.0207,3.4,1.464,187.32,0.04644643221213909
2012-01-04,1822.0999755859375,1827.9000244140625,1765.0999755859375,1786.449951171875,1260.25830078125,666616,HEROMOTOCO,Consumer Cyclical,Auto Manufacturers,N/A,EQUITY,0.0207,3.4,1.464,187.32,0.03557874890756716
2012-01-05,1786.449951171875,1843.0,1782.0999755859375,1828.25,1289.7464599609375,626928,HEROMOTOCO,Consumer Cyclical,Auto Manufacturers,N/A,EQUITY,0.0207,3.4,1.464,187.32,0.034173180656735684
2012-01-06,1822.0999755859375,1822.0999755859375,1724.75,1735.0,1223.9630126953125,1034818,HEROMOTOCO,Consumer Cyclical,Auto Manufacturers,N/A,EQUITY,0.0207,3.4,1.464,187.32,0.0564429485930932
2012-01-09,1727.9000244140625,1735.0,1704.0,1728.4000244140625,1219.3072509765625,469866,HEROMOTOCO,Consumer Cyclical,Auto Manufacturers,N/A,EQUITY,0.0207,3.4,1.464,187.32,0.018192488262910797
2012-01-10,1734.0,1779.949951171875,1731.0,1775.4000244140625,1252.4635009765625,649518,HEROMOTOCO,Consumer Cyclical,Auto Manufacturers,N/A,EQUITY,0.0207,3.4,1.464,187.32,0.02827842355394281
2012-01-11,1780.0,1828.0,1779.5,1809.300048828125,1276.3782958984375,686840,HEROMOTOCO,Consumer Cyclical,Auto Manufacturers,N/A,EQUITY,0.0207,3.4,1.464,187.32,0.0272548468670975
2012-01-12,1794.9000244140625,1823.0999755859375,1782.0,1812.3499755859375,1278.52978515625,489929,HEROMOTOCO,Consumer Cyclical,Auto Manufacturers,N/A,EQUITY,0.0207,3.4,1.464,187.32,0.02306395936360129
2012-01-13,1817.0,1818.949951171875,1776.050048828125,1793.0,1264.8792724609375,419547,HEROMOTOCO,Consumer Cyclical,Auto Manufacturers,N/A,EQUITY,0.0207,3.4,1.464,187.32,0.024154669724570123
2012-01-16,1789.0,1807.300048828125,1770.0,1798.8499755859375,1269.0062255859375,312900,HEROMOTOCO,Consumer Cyclical,Auto Manufacturers,N/A,EQUITY,0.0207,3.4,1.464,187.32,0.021073473914194917
2012-01-17,1805.0,1840.0,1805.0,1827.5999755859375,1289.2877197265625,423277,HEROMOTOCO,Consumer Cyclical,Auto Manufacturers,N/A,EQUITY,0.0207,3.4,1.464,187.32,0.019390581717451522
2012-01-18,1837.0,1870.0,1836.9000244140625,1860.6500244140625,1312.603271484375,378357,HEROMOTOCO,Consumer Cyclical,Auto Manufacturers,N/A,EQUITY,0.0207,3.4,1.464,187.32,0.01801947582666933
2012-01-19,1870.0,1931.75,1870.0,1905.0999755859375,1343.9605712890625,758649,HEROMOTOCO,Consumer Cyclical,Auto Manufacturers,N/A,EQUITY,0.0207,3.4,1.464,187.32,0.03302139037433155
2012-01-20,1891.0999755859375,1995.6500244140625,1871.75,1946.5999755859375,1373.23681640625,1104305,HEROMOTOCO,Consumer Cyclical,Auto Manufacturers,N/A,EQUITY,0.0207,3.4,1.464,187.32,0.0661947505885201
2012-01-23,1949.0,1949.0,1861.699951171875,1875.1500244140625,1322.83251953125,589238,HEROMOTOCO,Consumer Cyclical,Auto Manufacturers,N/A,EQUITY,0.0207,3.4,1.464,187.32,0.04689265247773825
2012-01-24,1872.0,1913.5,1828.800048828125,1888.0999755859375,1331.9678955078125,1001303,HEROMOTOCO,Consumer Cyclical,Auto Manufacturers,N/A,EQUITY,0.0207,3.4,1.464,187.32,0.046314495248482634
2012-01-25,1886.300048828125,1895.8499755859375,1835.3499755859375,1853.9000244140625,1307.841552734375,684331,HEROMOTOCO,Consumer Cyclical,Auto Manufacturers,N/A,EQUITY,0.0207,3.4,1.464,187.32,0.03296374032461319
2012-01-27,1865.050048828125,1875.0,1791.0999755859375,1818.449951171875,1282.833251953125,1462110,HEROMOTOCO,Consumer Cyclical,Auto Manufacturers,N/A,EQUITY,0.0207,3.4,1.464,187.32,0.04684273661866116
2012-01-30,1808.0,1839.0,1800.0999755859375,1824.3499755859375,1286.9954833984375,547227,HEROMOTOCO,Consumer Cyclical,Auto Manufacturers,N/A,EQUITY,0.0207,3.4,1.464,187.32,0.021609924416226067
2012-01-31,1845.0,1870.0,1811.9000244140625,1862.5,1313.908203125,869800,HEROMOTOCO,Consumer Cyclical,Auto Manufacturers,N/A,EQUITY,0.0207,3.4,1.464,187.32,0.03206577338875308
2012-02-01,1870.0,1945.0,1865.5999755859375,1932.1500244140625,1363.0433349609375,557111,HEROMOTOCO,Consumer Cyclical,Auto Manufacturers,N/A,EQUITY,0.0207,3.4,1.464,187.32,0.04256004794871686
2012-02-02,1950.25,2007.800048828125,1943.9000244140625,1970.8499755859375,1390.3446044921875,739646,HEROMOTOCO,Consumer Cyclical,Auto Manufacturers,N/A,EQUITY,0.0207,3.4,1.464,187.32,0.03287207346649604
2012-02-03,1982.0,1989.0,1940.050048828125,1952.9000244140625,1377.681396484375,371878,HEROMOTOCO,Consumer Cyclical,Auto Manufacturers,N/A,EQUITY,0.0207,3.4,1.464,187.32,0.02523128266790999
2012-02-06,1961.0,1992.9000244140625,1952.0,1962.5,1384.4537353515625,221871,HEROMOTOCO,Consumer Cyclical,Auto Manufacturers,N/A,EQUITY,0.0207,3.4,1.464,187.32,0.020952881359663167
2012-02-07,1965.0,2014.0,1940.699951171875,1949.8499755859375,1375.52978515625,363421,HEROMOTOCO,Consumer Cyclical,Auto Manufacturers,N/A,EQUITY,0.0207,3.4,1.464,187.32,0.03776990295891098
2012-02-08,1958.0,2009.449951171875,1953.050048828125,1998.199951171875,1409.6385498046875,398783,HEROMOTOCO,Consumer Cyclical,Auto Manufacturers,N/A,EQUITY,0.0207,3.4,1.464,187.32,0.028877858187807956
2012-02-09,1983.0,2035.0,1970.699951171875,1993.8499755859375,1406.5699462890625,689667,HEROMOTOCO,Consumer Cyclical,Auto Manufacturers,N/A,EQUITY,0.0207,3.4,1.464,187.32,0.03262802578844589
2012-02-10,1985.0,2024.0,1953.4000244140625,1970.5,1390.0972900390625,281152,HEROMOTOCO,Consumer Cyclical,Auto Manufacturers,N/A,EQUITY,0.0207,3.4,1.464,187.32,0.03614209824079147
2012-02-13,1975.0,2019.949951171875,1963.5,2012.75,1419.9027099609375,437763,HEROMOTOCO,Consumer Cyclical,Auto Manufacturers,N/A,EQUITY,0.0207,3.4,1.464,187.32,0.028749656822956455
2012-02-14,2012.0999755859375,2090.0,2012.0999755859375,2081.800048828125,1468.6146240234375,616998,HEROMOTOCO,Consumer Cyclical,Auto Manufacturers,N/A,EQUITY,0.0207,3.4,1.464,187.32,0.03871578219734209
2012-02-15,2090.64990234375,2100.199951171875,2068.0,2094.050048828125,1477.2564697265625,349374,HEROMOTOCO,Consumer Cyclical,Auto Manufacturers,N/A,EQUITY,0.0207,3.4,1.464,187.32,0.015570576001873792
2012-02-16,2088.550048828125,2203.14990234375,2002.0,2190.050048828125,1544.9798583984375,480246,HEROMOTOCO,Consumer Cyclical,Auto Manufacturers,N/A,EQUITY,0.0207,3.4,1.464,187.32,0.10047447669517982
2012-02-17,2200.0,2209.949951171875,2093.35009765625,2109.35009765625,1488.049560546875,514786,HEROMOTOCO,Consumer Cyclical,Auto Manufacturers,N/A,EQUITY,0.0207,3.4,1.464,187.32,0.05570012089529227
2012-02-21,2121.5,2157.0,2121.5,2147.25,1514.7867431640625,276256,HEROMOTOCO,Consumer Cyclical,Auto Manufacturers,N/A,EQUITY,0.0207,3.4,1.464,187.32,0.016733443318406788
2012-02-22,2127.14990234375,2198.0,2127.14990234375,2140.300048828125,1509.8837890625,273429,HEROMOTOCO,Consumer Cyclical,Auto Manufacturers,N/A,EQUITY,0.0207,3.4,1.464,187.32,0.03330752457933759
2012-02-23,2159.949951171875,2167.89990234375,2066.800048828125,2088.85009765625,1473.588134765625,582980,HEROMOTOCO,Consumer Cyclical,Auto Manufacturers,N/A,EQUITY,0.0207,3.4,1.464,187.32,0.048916126924299516
2012-02-24,2095.0,2109.0,2057.25,2072.89990234375,1462.3358154296875,257059,HEROMOTOCO,Consumer Cyclical,Auto Manufacturers,N/A,EQUITY,0.0207,3.4,1.464,187.32,0.025154939846882975
2012-02-27,2087.0,2087.0,1915.0,1931.9000244140625,1362.86669921875,635329,HEROMOTOCO,Consumer Cyclical,Auto Manufacturers,N/A,EQUITY,0.0207,3.4,1.464,187.32,0.0898172323759791
2012-02-28,1941.0,1986.9000244140625,1941.0,1966.199951171875,1387.063720703125,412572,HEROMOTOCO,Consumer Cyclical,Auto Manufacturers,N/A,EQUITY,0.0207,3.4,1.464,187.32,0.0236476169057509
2012-02-29,1984.0,2015.0,1930.0,1946.0999755859375,1372.88427734375,462912,HEROMOTOCO,Consumer Cyclical,Auto Manufacturers,N/A,EQUITY,0.0207,3.4,1.464,187.32,0.04404145077720207
2012-03-01,1957.0,1982.4000244140625,1920.0,1937.550048828125,1366.8524169921875,887044,HEROMOTOCO,Consumer Cyclical,Auto Manufacturers,N/A,EQUITY,0.0207,3.4,1.464,187.32,0.03250001271565755
2012-03-02,1969.9000244140625,1975.8499755859375,1926.300048828125,1941.449951171875,1369.6038818359375,553634,HEROMOTOCO,Consumer Cyclical,Auto Manufacturers,N/A,EQUITY,0.0207,3.4,1.464,187.32,0.025722849764737567
2012-03-05,1948.0,1948.0,1873.0999755859375,1886.949951171875,1331.15673828125,656672,HEROMOTOCO,Consumer Cyclical,Auto Manufacturers,N/A,EQUITY,0.0207,3.4,1.464,187.32,0.03998720057141237
2012-03-06,1890.0,1932.300048828125,1810.050048828125,1871.699951171875,1320.3984375,738094,HEROMOTOCO,Consumer Cyclical,Auto Manufacturers,N/A,EQUITY,0.0207,3.4,1.464,187.32,0.06753956890813485
2012-03-07,1890.0,1899.800048828125,1871.699951171875,1889.5999755859375,1333.026123046875,609323,HEROMOTOCO,Consumer Cyclical,Auto Manufacturers,N/A,EQUITY,0.0207,3.4,1.464,187.32,0.01501314227136485
2012-03-09,1923.0,1933.9000244140625,1890.0,1911.050048828125,1348.1580810546875,507925,HEROMOTOCO,Consumer Cyclical,Auto Manufacturers,N/A,EQUITY,0.0207,3.4,1.464,187.32,0.023227526145006613
2012-03-12,1921.050048828125,1942.0,1904.699951171875,1932.550048828125,1363.325439453125,432510,HEROMOTOCO,Consumer Cyclical,Auto Manufacturers,N/A,EQUITY,0.0207,3.4,1.464,187.32,0.01958316258955957
2012-03-13,1940.0999755859375,1974.5,1940.0999755859375,1962.949951171875,1384.77099609375,421131,HEROMOTOCO,Consumer Cyclical,Auto Manufacturers,N/A,EQUITY,0.0207,3.4,1.464,187.32,0.01773105759855144
2012-03-14,1982.0,1995.0,1950.0999755859375,1972.550048828125,1391.5435791015625,283383,HEROMOTOCO,Consumer Cyclical,Auto Manufacturers,N/A,EQUITY,0.0207,3.4,1.464,187.32,0.023024473091730387
2012-03-15,1978.0,1978.0,1919.0,1966.4000244140625,1387.205322265625,302877,HEROMOTOCO,Consumer Cyclical,Auto Manufacturers,N/A,EQUITY,0.0207,3.4,1.464,187.32,0.030745179781136008
2012-03-16,1982.0,1982.0,1925.0999755859375,1957.0,1380.5736083984375,358530,HEROMOTOCO,Consumer Cyclical,Auto Manufacturers,N/A,EQUITY,0.0207,3.4,1.464,187.32,0.029556919191557306
2012-03-19,1959.300048828125,1964.800048828125,1920.1500244140625,1941.449951171875,1369.6038818359375,222531,HEROMOTOCO,Consumer Cyclical,Auto Manufacturers,N/A,EQUITY,0.0207,3.4,1.464,187.32,0.023253404081114724
2012-03-20,1949.949951171875,1958.0,1890.5,1931.9000244140625,1362.86669921875,337667,HEROMOTOCO,Consumer Cyclical,Auto Manufacturers,N/A,EQUITY,0.0207,3.4,1.464,187.32,0.03570483998942079
2012-03-21,1944.699951171875,1944.699951171875,1910.0,1926.4000244140625,1358.987060546875,230468,HEROMOTOCO,Consumer Cyclical,Auto Manufacturers,N/A,EQUITY,0.0207,3.4,1.464,187.32,0.018167513702552356
2012-03-22,1925.0,1961.0,1925.0,1945.25,1372.2847900390625,387490,HEROMOTOCO,Consumer Cyclical,Auto Manufacturers,N/A,EQUITY,0.0207,3.4,1.464,187.32,0.0187012987012987
2012-03-23,1940.1500244140625,2058.800048828125,1922.0,2017.449951171875,1423.2183837890625,693429,HEROMOTOCO,Consumer Cyclical,Auto Manufacturers,N/A,EQUITY,0.0207,3.4,1.464,187.32,0.07117588388560094
2012-03-26,2023.8499755859375,2023.8499755859375,1958.0,2000.75,1411.4371337890625,369262,HEROMOTOCO,Consumer Cyclical,Auto Manufacturers,N/A,EQUITY,0.0207,3.4,1.464,187.32,0.033631243915187695
2012-03-27,2010.0,2039.800048828125,1988.5999755859375,2010.0,1417.962890625,379483,HEROMOTOCO,Consumer Cyclical,Auto Manufacturers,N/A,EQUITY,0.0207,3.4,1.464,187.32,0.02574679365924335
2012-03-28,2005.9000244140625,2010.800048828125,1969.75,1987.4000244140625,1402.01953125,466478,HEROMOTOCO,Consumer Cyclical,Auto Manufacturers,N/A,EQUITY,0.0207,3.4,1.464,187.32,0.020840232937238228
2012-03-29,1981.0,2049.800048828125,1971.6500244140625,2035.949951171875,1436.26904296875,793922,HEROMOTOCO,Consumer Cyclical,Auto Manufacturers,N/A,EQUITY,0.0207,3.4,1.464,187.32,0.03963686427427059
2012-03-30,2045.0,2065.0,2035.300048828125,2055.25,1449.8848876953125,572601,HEROMOTOCO,Consumer Cyclical,Auto Manufacturers,N/A,EQUITY,0.0207,3.4,1.464,187.32,0.014592419033731902
2012-04-02,2070.0,2072.0,2033.4000244140625,2058.14990234375,1451.930419921875,176537,HEROMOTOCO,Consumer Cyclical,Auto Manufacturers,N/A,EQUITY,0.0207,3.4,1.464,187.32,0.018982971930011822
2012-04-03,2065.449951171875,2067.0,2005.0,2008.5999755859375,1416.97509765625,334775,HEROMOTOCO,Consumer Cyclical,Auto Manufacturers,N/A,EQUITY,0.0207,3.4,1.464,187.32,0.030922693266832918
2012-04-04,2009.9000244140625,2042.449951171875,1990.050048828125,2011.949951171875,1419.338134765625,302795,HEROMOTOCO,Consumer Cyclical,Auto Manufacturers,N/A,EQUITY,0.0207,3.4,1.464,187.32,0.02633094699030639
2012-04-09,2000.0,2008.050048828125,1962.050048828125,1974.5,1392.9193115234375,274615,HEROMOTOCO,Consumer Cyclical,Auto Manufacturers,N/A,EQUITY,0.0207,3.4,1.464,187.32,0.023444865755322834
2012-04-10,1988.4000244140625,1988.4000244140625,1944.449951171875,1978.0,1395.3885498046875,176648,HEROMOTOCO,Consumer Cyclical,Auto Manufacturers,N/A,EQUITY,0.0207,3.4,1.464,187.32,0.022602830798344697
2012-04-11,1970.0,1983.550048828125,1953.0,1972.6500244140625,1391.6141357421875,193859,HEROMOTOCO,Consumer Cyclical,Auto Manufacturers,N/A,EQUITY,0.0207,3.4,1.464,187.32,0.015642626128072195
2012-04-12,1992.0,2035.0,1976.449951171875,2027.9000244140625,1430.590576171875,417422,HEROMOTOCO,Consumer Cyclical,Auto Manufacturers,N/A,EQUITY,0.0207,3.4,1.464,187.32,0.02962384592304478
2012-04-13,2035.0,2098.89990234375,2035.0,2056.550048828125,1450.8018798828125,457128,HEROMOTOCO,Consumer Cyclical,Auto Manufacturers,N/A,EQUITY,0.0207,3.4,1.464,187.32,0.031400443412162166
2012-04-16,2064.0,2084.0,2039.800048828125,2068.699951171875,1459.372802734375,282044,HEROMOTOCO,Consumer Cyclical,Auto Manufacturers,N/A,EQUITY,0.0207,3.4,1.464,187.32,0.02166876660154415
2012-04-17,2065.0,2135.0,2055.5,2124.89990234375,1499.0194091796875,345122,HEROMOTOCO,Consumer Cyclical,Auto Manufacturers,N/A,EQUITY,0.0207,3.4,1.464,187.32,0.03867672099245926
2012-04-18,2135.0,2161.949951171875,2128.14990234375,2142.14990234375,1511.188720703125,171749,HEROMOTOCO,Consumer Cyclical,Auto Manufacturers,N/A,EQUITY,0.0207,3.4,1.464,187.32,0.015882362793570467
2012-04-19,2145.0,2212.75,2127.14990234375,2195.550048828125,1548.85986328125,275930,HEROMOTOCO,Consumer Cyclical,Auto Manufacturers,N/A,EQUITY,0.0207,3.4,1.464,187.32,0.04024168562917618
2012-04-20,2185.0,2217.949951171875,2176.14990234375,2189.300048828125,1544.450439453125,228155,HEROMOTOCO,Consumer Cyclical,Auto Manufacturers,N/A,EQUITY,0.0207,3.4,1.464,187.32,0.019208258026299403
2012-04-23,2171.0,2209.64990234375,2138.10009765625,2146.699951171875,1514.398193359375,222350,HEROMOTOCO,Consumer Cyclical,Auto Manufacturers,N/A,EQUITY,0.0207,3.4,1.464,187.32,0.03346419784832886
2012-04-24,2140.199951171875,2213.0,2128.5,2191.199951171875,1545.791015625,387559,HEROMOTOCO,Consumer Cyclical,Auto Manufacturers,N/A,EQUITY,0.0207,3.4,1.464,187.32,0.03969931876908621
2012-04-25,2183.0,2257.050048828125,2180.0,2243.449951171875,1582.6510009765625,503959,HEROMOTOCO,Consumer Cyclical,Auto Manufacturers,N/A,EQUITY,0.0207,3.4,1.464,187.32,0.035344059095470184
2012-04-26,2249.0,2253.0,2146.050048828125,2169.5,1530.482666015625,657742,HEROMOTOCO,Consumer Cyclical,Auto Manufacturers,N/A,EQUITY,0.0207,3.4,1.464,187.32,0.04983572085388979
2012-04-27,2183.800048828125,2206.0,2152.64990234375,2175.050048828125,1534.3980712890625,454928,HEROMOTOCO,Consumer Cyclical,Auto Manufacturers,N/A,EQUITY,0.0207,3.4,1.464,187.32,0.024783452988878397
2012-04-30,2183.800048828125,2248.89990234375,2178.0,2241.050048828125,1580.9580078125,553431,HEROMOTOCO,Consumer Cyclical,Auto Manufacturers,N/A,EQUITY,0.0207,3.4,1.464,187.32,0.032552755897038564
2012-05-02,2262.25,2279.0,2202.64990234375,2244.800048828125,1583.603515625,604222,HEROMOTOCO,Consumer Cyclical,Auto Manufacturers,N/A,EQUITY,0.0207,3.4,1.464,187.32,0.034662838417947844
2012-05-03,2173.0,2173.0,2052.10009765625,2073.050048828125,1462.4420166015625,2058877,HEROMOTOCO,Consumer Cyclical,Auto Manufacturers,N/A,EQUITY,0.0207,3.4,1.464,187.32,0.05891520714892637
2012-05-04,2055.35009765625,2057.25,1966.199951171875,1977.550048828125,1395.070556640625,1263364,HEROMOTOCO,Consumer Cyclical,Auto Manufacturers,N/A,EQUITY,0.0207,3.4,1.464,187.32,0.046307624396927816
2012-05-07,1940.0,1971.550048828125,1893.75,1953.5999755859375,1378.17529296875,1240864,HEROMOTOCO,Consumer Cyclical,Auto Manufacturers,N/A,EQUITY,0.0207,3.4,1.464,187.32,0.041082534034653465
2012-05-08,1964.949951171875,1991.0,1880.0,1899.1500244140625,1339.7630615234375,647552,HEROMOTOCO,Consumer Cyclical,Auto Manufacturers,N/A,EQUITY,0.0207,3.4,1.464,187.32,0.059042553191489364
2012-05-09,1885.0,1924.0,1862.0,1872.199951171875,1320.75146484375,646494,HEROMOTOCO,Consumer Cyclical,Auto Manufacturers,N/A,EQUITY,0.0207,3.4,1.464,187.32,0.03329752953813104
2012-05-10,1890.0,1923.5,1821.050048828125,1843.9000244140625,1300.787109375,690913,HEROMOTOCO,Consumer Cyclical,Auto Manufacturers,N/A,EQUITY,0.0207,3.4,1.464,187.32,0.056258723497359775
2012-05-11,1843.0,1878.0,1835.550048828125,1843.699951171875,1300.64599609375,391941,HEROMOTOCO,Consumer Cyclical,Auto Manufacturers,N/A,EQUITY,0.0207,3.4,1.464,187.32,0.023126556096346396
2012-05-14,1828.0,1868.0,1818.5,1843.3499755859375,1300.3988037109375,364980,HEROMOTOCO,Consumer Cyclical,Auto Manufacturers,N/A,EQUITY,0.0207,3.4,1.464,187.32,0.02722023645861974
2012-05-15,1826.300048828125,1907.25,1826.300048828125,1893.5,1335.7772216796875,810386,HEROMOTOCO,Consumer Cyclical,Auto Manufacturers,N/A,EQUITY,0.0207,3.4,1.464,187.32,0.04432456278135559
2012-05-16,1871.050048828125,1904.25,1851.0999755859375,1884.199951171875,1329.2169189453125,575493,HEROMOTOCO,Consumer Cyclical,Auto Manufacturers,N/A,EQUITY,0.0207,3.4,1.464,187.32,0.028712670906517985
2012-05-17,1900.0,1921.5999755859375,1880.25,1895.8499755859375,1337.43505859375,595177,HEROMOTOCO,Consumer Cyclical,Auto Manufacturers,N/A,EQUITY,0.0207,3.4,1.464,187.32,0.0219917434308935
2012-05-18,1875.0,1885.0,1836.5,1867.449951171875,1317.4002685546875,378834,HEROMOTOCO,Consumer Cyclical,Auto Manufacturers,N/A,EQUITY,0.0207,3.4,1.464,187.32,0.02640893002994827
2012-05-21,1856.199951171875,1884.25,1852.0,1864.050048828125,1315.0020751953125,349560,HEROMOTOCO,Consumer Cyclical,Auto Manufacturers,N/A,EQUITY,0.0207,3.4,1.464,187.32,0.017413606911447083
2012-05-22,1877.0,1894.800048828125,1842.550048828125,1852.949951171875,1307.1712646484375,559720,HEROMOTOCO,Consumer Cyclical,Auto Manufacturers,N/A,EQUITY,0.0207,3.4,1.464,187.32,0.028357438666717017
2012-05-23,1845.0,1850.5,1808.0,1829.0,1290.2755126953125,936900,HEROMOTOCO,Consumer Cyclical,Auto Manufacturers,N/A,EQUITY,0.0207,3.4,1.464,187.32,0.02350663716814159
2012-05-24,1813.25,1836.0,1795.1500244140625,1820.6500244140625,1284.385009765625,492497,HEROMOTOCO,Consumer Cyclical,Auto Manufacturers,N/A,EQUITY,0.0207,3.4,1.464,187.32,0.022755744662216155
2012-05-25,1810.25,1848.0,1810.25,1841.449951171875,1299.058349609375,425930,HEROMOTOCO,Consumer Cyclical,Auto Manufacturers,N/A,EQUITY,0.0207,3.4,1.464,187.32,0.02085347327717166
2012-05-28,1840.0,1861.949951171875,1832.0,1849.449951171875,1304.7021484375,243473,HEROMOTOCO,Consumer Cyclical,Auto Manufacturers,N/A,EQUITY,0.0207,3.4,1.464,187.32,0.016348226622202512
2012-05-29,1850.3499755859375,1868.0,1850.0999755859375,1860.75,1312.6737060546875,468387,HEROMOTOCO,Consumer Cyclical,Auto Manufacturers,N/A,EQUITY,0.0207,3.4,1.464,187.32,0.009675166018200426
2012-05-30,1850.5,1867.5,1840.199951171875,1855.5999755859375,1309.040771484375,674169,HEROMOTOCO,Consumer Cyclical,Auto Manufacturers,N/A,EQUITY,0.0207,3.4,1.464,187.32,0.014835370912133652
2012-05-31,1835.1500244140625,1851.949951171875,1821.0,1830.0999755859375,1291.0517578125,422840,HEROMOTOCO,Consumer Cyclical,Auto Manufacturers,N/A,EQUITY,0.0207,3.4,1.464,187.32,0.016996129144357497
2012-06-01,1812.0,1834.0,1810.0,1821.3499755859375,1284.8790283203125,265295,HEROMOTOCO,Consumer Cyclical,Auto Manufacturers,N/A,EQUITY,0.0207,3.4,1.464,187.32,0.013259668508287293
2012-06-04,1810.050048828125,1843.800048828125,1805.0,1837.8499755859375,1296.5186767578125,459633,HEROMOTOCO,Consumer Cyclical,Auto Manufacturers,N/A,EQUITY,0.0207,3.4,1.464,187.32,0.021495871926939056
2012-06-05,1852.0,1875.0,1846.0,1865.199951171875,1315.81298828125,559614,HEROMOTOCO,Consumer Cyclical,Auto Manufacturers,N/A,EQUITY,0.0207,3.4,1.464,187.32,0.01570964247020585
2012-06-06,1884.0,1973.949951171875,1880.6500244140625,1955.050048828125,1379.1982421875,806980,HEROMOTOCO,Consumer Cyclical,Auto Manufacturers,N/A,EQUITY,0.0207,3.4,1.464,187.32,0.04961046741638234
2012-06-07,1963.050048828125,2009.0,1963.050048828125,2001.1500244140625,1411.7196044921875,472620,HEROMOTOCO,Consumer Cyclical,Auto Manufacturers,N/A,EQUITY,0.0207,3.4,1.464,187.32,0.023407427232589192
2012-06-08,1976.0999755859375,2018.800048828125,1967.699951171875,2005.25,1414.61181640625,289383,HEROMOTOCO,Consumer Cyclical,Auto Manufacturers,N/A,EQUITY,0.0207,3.4,1.464,187.32,0.02596945617944293
2012-06-11,2006.050048828125,2025.0,1962.050048828125,1975.300048828125,1393.4835205078125,322677,HEROMOTOCO,Consumer Cyclical,Auto Manufacturers,N/A,EQUITY,0.0207,3.4,1.464,187.32,0.03208376422888558
2012-06-12,1956.5,2015.0,1956.5,1990.300048828125,1404.0654296875,418856,HEROMOTOCO,Consumer Cyclical,Auto Manufacturers,N/A,EQUITY,0.0207,3.4,1.464,187.32,0.029900332225913623
2012-06-13,1990.300048828125,2004.0,1945.300048828125,1954.0999755859375,1378.528076171875,343187,HEROMOTOCO,Consumer Cyclical,Auto Manufacturers,N/A,EQUITY,0.0207,3.4,1.464,187.32,0.030175268441100717
2012-06-14,1959.9000244140625,1979.9000244140625,1936.0999755859375,1954.050048828125,1378.4925537109375,214600,HEROMOTOCO,Consumer Cyclical,Auto Manufacturers,N/A,EQUITY,0.0207,3.4,1.464,187.32,0.022622823914281307
2012-06-15,1957.949951171875,2019.0,1957.949951171875,2000.050048828125,1410.943359375,410026,HEROMOTOCO,Consumer Cyclical,Auto Manufacturers,N/A,EQUITY,0.0207,3.4,1.464,187.32,0.03118059723211272
2012-06-18,2012.0,2043.9000244140625,1976.800048828125,1994.0,1406.6759033203125,245442,HEROMOTOCO,Consumer Cyclical,Auto Manufacturers,N/A,EQUITY,0.0207,3.4,1.464,187.32,0.03394373428193474
2012-06-19,1982.0,2014.300048828125,1982.0,2000.4000244140625,1411.1904296875,289973,HEROMOTOCO,Consumer Cyclical,Auto Manufacturers,N/A,EQUITY,0.0207,3.4,1.464,187.32,0.016296694666057012
2012-06-20,2007.0,2055.0,2003.6500244140625,2035.800048828125,1436.16357421875,397108,HEROMOTOCO,Consumer Cyclical,Auto Manufacturers,N/A,EQUITY,0.0207,3.4,1.464,187.32,0.025628215985949956
2012-06-21,2028.0,2080.64990234375,2019.75,2071.64990234375,1461.4541015625,352542,HEROMOTOCO,Consumer Cyclical,Auto Manufacturers,N/A,EQUITY,0.0207,3.4,1.464,187.32,0.030152198214506747
2012-06-22,2055.050048828125,2112.0,2055.0,2086.10009765625,1471.6478271484375,505816,HEROMOTOCO,Consumer Cyclical,Auto Manufacturers,N/A,EQUITY,0.0207,3.4,1.464,187.32,0.027737226277372264
2012-06-25,2074.050048828125,2108.75,2021.300048828125,2030.800048828125,1432.6363525390625,291067,HEROMOTOCO,Consumer Cyclical,Auto Manufacturers,N/A,EQUITY,0.0207,3.4,1.464,187.32,0.043264210685877755
2012-06-26,2021.0,2060.0,2010.0,2050.449951171875,1446.4984130859375,299434,HEROMOTOCO,Consumer Cyclical,Auto Manufacturers,N/A,EQUITY,0.0207,3.4,1.464,187.32,0.024875621890547265
2012-06-27,2060.0,2071.25,2043.0,2054.89990234375,1449.6375732421875,173035,HEROMOTOCO,Consumer Cyclical,Auto Manufacturers,N/A,EQUITY,0.0207,3.4,1.464,187.32,0.013827704356338717
2012-06-28,2067.0,2099.0,2040.0,2087.0,1472.2828369140625,334237,HEROMOTOCO,Consumer Cyclical,Auto Manufacturers,N/A,EQUITY,0.0207,3.4,1.464,187.32,0.02892156862745098
2012-06-29,2097.0,2160.0,2094.0,2149.39990234375,1516.302978515625,367416,HEROMOTOCO,Consumer Cyclical,Auto Manufacturers,N/A,EQUITY,0.0207,3.4,1.464,187.32,0.03151862464183381
2012-07-02,2148.0,2148.0,2106.10009765625,2114.35009765625,1491.5772705078125,327541,HEROMOTOCO,Consumer Cyclical,Auto Manufacturers,N/A,EQUITY,0.0207,3.4,1.464,187.32,0.019894544608956545
2012-07-03,2114.35009765625,2138.0,2083.449951171875,2096.5,1478.9847412109375,360037,HEROMOTOCO,Consumer Cyclical,Auto Manufacturers,N/A,EQUITY,0.0207,3.4,1.464,187.32,0.026182557827915336
2012-07-04,2100.0,2125.0,2098.10009765625,2115.10009765625,1492.106201171875,176569,HEROMOTOCO,Consumer Cyclical,Auto Manufacturers,N/A,EQUITY,0.0207,3.4,1.464,187.32,0.012821076732134657
2012-07-05,2106.39990234375,2132.199951171875,2106.39990234375,2121.14990234375,1496.3740234375,208820,HEROMOTOCO,Consumer Cyclical,Auto Manufacturers,N/A,EQUITY,0.0207,3.4,1.464,187.32,0.01224840962032793
2012-07-06,2118.0,2132.39990234375,2072.60009765625,2082.050048828125,1468.7906494140625,322363,HEROMOTOCO,Consumer Cyclical,Auto Manufacturers,N/A,EQUITY,0.0207,3.4,1.464,187.32,0.028852553251890307
2012-07-09,2073.0,2082.300048828125,2022.0,2027.050048828125,1429.9908447265625,362749,HEROMOTOCO,Consumer Cyclical,Auto Manufacturers,N/A,EQUITY,0.0207,3.4,1.464,187.32,0.029821982605403065
2012-07-10,2027.0,2067.39990234375,2027.0,2064.75,1456.58642578125,184155,HEROMOTOCO,Consumer Cyclical,Auto Manufacturers,N/A,EQUITY,0.0207,3.4,1.464,187.32,0.019930884234706462
2012-07-11,2064.75,2077.75,2032.199951171875,2036.3499755859375,1436.5516357421875,266366,HEROMOTOCO,Consumer Cyclical,Auto Manufacturers,N/A,EQUITY,0.0207,3.4,1.464,187.32,0.02241415703305101
2012-07-12,2029.0,2075.0,2020.199951171875,2062.89990234375,1455.2811279296875,280626,HEROMOTOCO,Consumer Cyclical,Auto Manufacturers,N/A,EQUITY,0.0207,3.4,1.464,187.32,0.027126051951608384
2012-07-13,2065.0,2090.0,2065.0,2086.75,1472.1065673828125,173741,HEROMOTOCO,Consumer Cyclical,Auto Manufacturers,N/A,EQUITY,0.0207,3.4,1.464,187.32,0.012106537530266344
2012-07-16,2098.0,2111.89990234375,2081.25,2095.64990234375,1478.3848876953125,150739,HEROMOTOCO,Consumer Cyclical,Auto Manufacturers,N/A,EQUITY,0.0207,3.4,1.464,187.32,0.014726679804804806
2012-07-17,2111.0,2121.14990234375,2093.699951171875,2097.10009765625,1479.4080810546875,295022,HEROMOTOCO,Consumer Cyclical,Auto Manufacturers,N/A,EQUITY,0.0207,3.4,1.464,187.32,0.01311073783829954
2012-07-18,2086.0,2124.0,2060.0,2113.89990234375,1491.259765625,165175,HEROMOTOCO,Consumer Cyclical,Auto Manufacturers,N/A,EQUITY,0.0207,3.4,1.464,187.32,0.031067961165048542
2012-07-19,2135.0,2135.699951171875,2066.300048828125,2088.699951171875,1473.4820556640625,966016,HEROMOTOCO,Consumer Cyclical,Auto Manufacturers,N/A,EQUITY,0.0207,3.4,1.464,187.32,0.03358655601983325
2012-07-20,2063.0,2097.35009765625,2041.449951171875,2082.0,1468.75537109375,519315,HEROMOTOCO,Consumer Cyclical,Auto Manufacturers,N/A,EQUITY,0.0207,3.4,1.464,187.32,0.027382570144463277
2012-07-23,2061.10009765625,2083.35009765625,2043.25,2052.199951171875,1447.733154296875,333826,HEROMOTOCO,Consumer Cyclical,Auto Manufacturers,N/A,EQUITY,0.0207,3.4,1.464,187.32,0.019625644270769606
2012-07-24,2053.10009765625,2064.0,2026.0999755859375,2035.25,1435.7755126953125,401269,HEROMOTOCO,Consumer Cyclical,Auto Manufacturers,N/A,EQUITY,0.0207,3.4,1.464,187.32,0.0187059004347019
2012-07-25,2037.0,2045.0,2015.0,2031.5,1433.1302490234375,246390,HEROMOTOCO,Consumer Cyclical,Auto Manufacturers,N/A,EQUITY,0.0207,3.4,1.464,187.32,0.01488833746898263
2012-07-26,2035.0,2047.9000244140625,2015.0,2037.8499755859375,1437.609619140625,378172,HEROMOTOCO,Consumer Cyclical,Auto Manufacturers,N/A,EQUITY,0.0207,3.4,1.464,187.32,0.016327555540477667
2012-07-27,2050.0,2064.60009765625,1978.5999755859375,2010.050048828125,1417.9979248046875,426103,HEROMOTOCO,Consumer Cyclical,Auto Manufacturers,N/A,EQUITY,0.0207,3.4,1.464,187.32,0.04346513854820232
2012-07-30,2020.0,2037.0,2005.3499755859375,2031.5,1433.1302490234375,153133,HEROMOTOCO,Consumer Cyclical,Auto Manufacturers,N/A,EQUITY,0.0207,3.4,1.464,187.32,0.015782793427274344
2012-07-31,2035.0,2040.0,1990.5,2005.0,1414.4354248046875,250683,HEROMOTOCO,Consumer Cyclical,Auto Manufacturers,N/A,EQUITY,0.0207,3.4,1.464,187.32,0.024868123587038434
2012-08-01,2011.25,2014.199951171875,1963.0999755859375,1974.6500244140625,1393.025146484375,650600,HEROMOTOCO,Consumer Cyclical,Auto Manufacturers,N/A,EQUITY,0.0207,3.4,1.464,187.32,0.02603024615222941
2012-08-02,1949.949951171875,1982.5,1926.75,1962.699951171875,1384.5947265625,469751,HEROMOTOCO,Consumer Cyclical,Auto Manufacturers,N/A,EQUITY,0.0207,3.4,1.464,187.32,0.028934734656805502
2012-08-03,1959.949951171875,1973.300048828125,1949.550048828125,1959.0999755859375,1382.0552978515625,287375,HEROMOTOCO,Consumer Cyclical,Auto Manufacturers,N/A,EQUITY,0.0207,3.4,1.464,187.32,0.012182298174020272
2012-08-06,1980.0,1985.0,1962.449951171875,1978.75,1395.9173583984375,247562,HEROMOTOCO,Consumer Cyclical,Auto Manufacturers,N/A,EQUITY,0.0207,3.4,1.464,187.32,0.011490763784655635
2012-08-07,1947.699951171875,1957.300048828125,1941.0999755859375,1952.25,1409.2718505859375,401004,HEROMOTOCO,Consumer Cyclical,Auto Manufacturers,N/A,EQUITY,0.0207,3.4,1.464,187.32,0.008345821156016125
2012-08-08,1960.0,1973.800048828125,1951.0,1963.199951171875,1417.176513671875,289917,HEROMOTOCO,Consumer Cyclical,Auto Manufacturers,N/A,EQUITY,0.0207,3.4,1.464,187.32,0.011686339737634546
2012-08-09,1968.0,1980.0,1945.050048828125,1952.4000244140625,1409.38037109375,300910,HEROMOTOCO,Consumer Cyclical,Auto Manufacturers,N/A,EQUITY,0.0207,3.4,1.464,187.32,0.017968664196035485
2012-08-10,1949.0,1959.199951171875,1898.0,1912.4000244140625,1380.50537109375,451977,HEROMOTOCO,Consumer Cyclical,Auto Manufacturers,N/A,EQUITY,0.0207,3.4,1.464,187.32,0.03224444213481296
2012-08-13,1912.0,1926.800048828125,1878.199951171875,1889.25,1363.794189453125,406947,HEROMOTOCO,Consumer Cyclical,Auto Manufacturers,N/A,EQUITY,0.0207,3.4,1.464,187.32,0.025875891236141653
2012-08-14,1892.25,1898.0,1870.050048828125,1880.1500244140625,1357.2252197265625,505362,HEROMOTOCO,Consumer Cyclical,Auto Manufacturers,N/A,EQUITY,0.0207,3.4,1.464,187.32,0.014946097934325319
2012-08-16,1890.0,1939.0,1889.949951171875,1929.9000244140625,1393.138427734375,521471,HEROMOTOCO,Consumer Cyclical,Auto Manufacturers,N/A,EQUITY,0.0207,3.4,1.464,187.32,0.02595309404765519
2012-08-17,1925.0,1947.0,1925.0,1935.199951171875,1396.9642333984375,291001,HEROMOTOCO,Consumer Cyclical,Auto Manufacturers,N/A,EQUITY,0.0207,3.4,1.464,187.32,0.011428571428571429
2012-08-21,1925.0,1932.0,1898.0999755859375,1921.050048828125,1386.749755859375,511098,HEROMOTOCO,Consumer Cyclical,Auto Manufacturers,N/A,EQUITY,0.0207,3.4,1.464,187.32,0.01785997832047686
2012-08-22,1911.0,1954.699951171875,1911.0,1935.9000244140625,1397.46923828125,212863,HEROMOTOCO,Consumer Cyclical,Auto Manufacturers,N/A,EQUITY,0.0207,3.4,1.464,187.32,0.022867583030808478
2012-08-23,1942.9000244140625,1953.949951171875,1930.0,1938.5999755859375,1399.418212890625,182846,HEROMOTOCO,Consumer Cyclical,Auto Manufacturers,N/A,EQUITY,0.0207,3.4,1.464,187.32,0.012409301125323834
2012-08-24,1930.050048828125,1945.0,1928.3499755859375,1936.0,1397.5416259765625,105079,HEROMOTOCO,Consumer Cyclical,Auto Manufacturers,N/A,EQUITY,0.0207,3.4,1.464,187.32,0.008634337451635728
2012-08-27,1937.0999755859375,1945.8499755859375,1910.5999755859375,1930.199951171875,1393.354736328125,149762,HEROMOTOCO,Consumer Cyclical,Auto Manufacturers,N/A,EQUITY,0.0207,3.4,1.464,187.32,0.018449701900152923
2012-08-28,1931.25,1939.0,1900.0,1914.75,1382.2017822265625,419851,HEROMOTOCO,Consumer Cyclical,Auto Manufacturers,N/A,EQUITY,0.0207,3.4,1.464,187.32,0.020526315789473684
2012-08-29,1910.25,1916.0,1841.0999755859375,1849.050048828125,1334.77490234375,594945,HEROMOTOCO,Consumer Cyclical,Auto Manufacturers,N/A,EQUITY,0.0207,3.4,1.464,187.32,0.040682214658237265
2012-08-30,1840.199951171875,1874.949951171875,1793.0,1823.5999755859375,1316.4034423828125,716015,HEROMOTOCO,Consumer Cyclical,Auto Manufacturers,N/A,EQUITY,0.0207,3.4,1.464,187.32,0.045705494239751815
2012-08-31,1824.9000244140625,1835.0,1752.0,1763.0,1272.6578369140625,576333,HEROMOTOCO,Consumer Cyclical,Auto Manufacturers,N/A,EQUITY,0.0207,3.4,1.464,187.32,0.04737442922374429
2012-09-03,1751.0999755859375,1804.949951171875,1745.0,1798.949951171875,1298.6092529296875,386904,HEROMOTOCO,Consumer Cyclical,Auto Manufacturers,N/A,EQUITY,0.0207,3.4,1.464,187.32,0.03435527287786533
2012-09-04,1784.199951171875,1813.0,1776.0999755859375,1807.8499755859375,1305.033935546875,319544,HEROMOTOCO,Consumer Cyclical,Auto Manufacturers,N/A,EQUITY,0.0207,3.4,1.464,187.32,0.020775871246712416
2012-09-05,1791.0,1814.949951171875,1790.0,1808.0999755859375,1305.21435546875,277420,HEROMOTOCO,Consumer Cyclical,Auto Manufacturers,N/A,EQUITY,0.0207,3.4,1.464,187.32,0.013938520207751397
2012-09-06,1801.0,1807.800048828125,1776.0,1790.0,1292.148193359375,274265,HEROMOTOCO,Consumer Cyclical,Auto Manufacturers,N/A,EQUITY,0.0207,3.4,1.464,187.32,0.017905432898719032
2012-09-07,1811.199951171875,1814.0,1783.0,1799.800048828125,1299.222900390625,299062,HEROMOTOCO,Consumer Cyclical,Auto Manufacturers,N/A,EQUITY,0.0207,3.4,1.464,187.32,0.017386427369601793
2012-09-10,1800.0,1828.75,1796.300048828125,1820.4000244140625,1314.0931396484375,262127,HEROMOTOCO,Consumer Cyclical,Auto Manufacturers,N/A,EQUITY,0.0207,3.4,1.464,187.32,0.018064883532706456
2012-09-11,1820.0,1820.0,1768.449951171875,1798.3499755859375,1298.1761474609375,436683,HEROMOTOCO,Consumer Cyclical,Auto Manufacturers,N/A,EQUITY,0.0207,3.4,1.464,187.32,0.02914984887978595
2012-09-12,1801.9000244140625,1803.949951171875,1778.0,1787.1500244140625,1290.0909423828125,279248,HEROMOTOCO,Consumer Cyclical,Auto Manufacturers,N/A,EQUITY,0.0207,3.4,1.464,187.32,0.014595023156285152
2012-09-13,1788.199951171875,1833.4000244140625,1788.0999755859375,1822.4000244140625,1315.5372314453125,373227,HEROMOTOCO,Consumer Cyclical,Auto Manufacturers,N/A,EQUITY,0.0207,3.4,1.464,187.32,0.025334181224000496
2012-09-14,1845.0,1868.0,1827.0,1862.550048828125,1344.5201416015625,369942,HEROMOTOCO,Consumer Cyclical,Auto Manufacturers,N/A,EQUITY,0.0207,3.4,1.464,187.32,0.022441160372194856
2012-09-17,1875.0,1924.0,1857.949951171875,1919.800048828125,1385.8472900390625,532648,HEROMOTOCO,Consumer Cyclical,Auto Manufacturers,N/A,EQUITY,0.0207,3.4,1.464,187.32,0.035549961282038245
2012-09-18,1924.9000244140625,1943.199951171875,1897.0999755859375,1930.9000244140625,1393.8599853515625,383532,HEROMOTOCO,Consumer Cyclical,Auto Manufacturers,N/A,EQUITY,0.0207,3.4,1.464,187.32,0.02430023519013492
2012-09-20,1914.9000244140625,1919.9000244140625,1875.0,1900.4000244140625,1371.8428955078125,386687,HEROMOTOCO,Consumer Cyclical,Auto Manufacturers,N/A,EQUITY,0.0207,3.4,1.464,187.32,0.0239466796875
2012-09-21,1900.550048828125,1934.9000244140625,1900.550048828125,1922.5,1387.79638671875,429835,HEROMOTOCO,Consumer Cyclical,Auto Manufacturers,N/A,EQUITY,0.0207,3.4,1.464,187.32,0.01807370219327695
2012-09-24,1920.0,1949.949951171875,1913.0,1921.699951171875,1387.2186279296875,253357,HEROMOTOCO,Consumer Cyclical,Auto Manufacturers,N/A,EQUITY,0.0207,3.4,1.464,187.32,0.019315186184984318
2012-09-25,1920.0,1935.800048828125,1880.0,1891.699951171875,1365.5626220703125,202942,HEROMOTOCO,Consumer Cyclical,Auto Manufacturers,N/A,EQUITY,0.0207,3.4,1.464,187.32,0.029680877036236702
2012-09-26,1889.0,1931.5999755859375,1871.0999755859375,1919.949951171875,1385.9554443359375,310618,HEROMOTOCO,Consumer Cyclical,Auto Manufacturers,N/A,EQUITY,0.0207,3.4,1.464,187.32,0.03233392164470225
2012-09-27,1921.0,1946.449951171875,1845.800048828125,1876.300048828125,1354.4459228515625,596056,HEROMOTOCO,Consumer Cyclical,Auto Manufacturers,N/A,EQUITY,0.0207,3.4,1.464,187.32,0.05452914708050384
2012-09-28,1890.0,1910.699951171875,1871.0,1880.300048828125,1357.33349609375,300496,HEROMOTOCO,Consumer Cyclical,Auto Manufacturers,N/A,EQUITY,0.0207,3.4,1.464,187.32,0.02121857358197488
2012-10-01,1892.0,1905.0,1872.0,1880.550048828125,1357.513916015625,423894,HEROMOTOCO,Consumer Cyclical,Auto Manufacturers,N/A,EQUITY,0.0207,3.4,1.464,187.32,0.017628205128205128
2012-10-03,1847.800048828125,1873.0,1845.25,1849.699951171875,1335.2440185546875,392751,HEROMOTOCO,Consumer Cyclical,Auto Manufacturers,N/A,EQUITY,0.0207,3.4,1.464,187.32,0.015038612654111909
2012-10-04,1855.0,1868.9000244140625,1822.0,1831.4000244140625,1322.033935546875,592462,HEROMOTOCO,Consumer Cyclical,Auto Manufacturers,N/A,EQUITY,0.0207,3.4,1.464,187.32,0.02574095741715834
2012-10-05,1843.5,1850.0,1662.0,1810.449951171875,1306.910888671875,485283,HEROMOTOCO,Consumer Cyclical,Auto Manufacturers,N/A,EQUITY,0.0207,3.4,1.464,187.32,0.11311672683513839
2012-10-08,1815.0,1818.5999755859375,1780.0999755859375,1788.1500244140625,1290.813232421875,484359,HEROMOTOCO,Consumer Cyclical,Auto Manufacturers,N/A,EQUITY,0.0207,3.4,1.464,187.32,0.021627998723682554
2012-10-09,1784.0,1815.0,1777.800048828125,1803.4000244140625,1301.821533203125,302598,HEROMOTOCO,Consumer Cyclical,Auto Manufacturers,N/A,EQUITY,0.0207,3.4,1.464,187.32,0.020924710400585345
2012-10-10,1794.9000244140625,1831.550048828125,1787.699951171875,1814.3499755859375,1309.72607421875,276598,HEROMOTOCO,Consumer Cyclical,Auto Manufacturers,N/A,EQUITY,0.0207,3.4,1.464,187.32,0.02452877935556542
2012-10-11,1810.0,1829.0,1795.0,1806.1500244140625,1303.806396484375,499665,HEROMOTOCO,Consumer Cyclical,Auto Manufacturers,N/A,EQUITY,0.0207,3.4,1.464,187.32,0.01894150417827298
2012-10-12,1800.050048828125,1821.800048828125,1775.1500244140625,1778.8499755859375,1284.0997314453125,219122,HEROMOTOCO,Consumer Cyclical,Auto Manufacturers,N/A,EQUITY,0.0207,3.4,1.464,187.32,0.026279482732430255
2012-10-15,1771.0,1782.0,1762.0,1767.449951171875,1275.8702392578125,206950,HEROMOTOCO,Consumer Cyclical,Auto Manufacturers,N/A,EQUITY,0.0207,3.4,1.464,187.32,0.011350737797956867
2012-10-16,1769.0,1810.0,1757.050048828125,1798.9000244140625,1298.5731201171875,446588,HEROMOTOCO,Consumer Cyclical,Auto Manufacturers,N/A,EQUITY,0.0207,3.4,1.464,187.32,0.03013571025321122
2012-10-17,1810.0,1815.0,1781.0999755859375,1808.9000244140625,1305.7919921875,237920,HEROMOTOCO,Consumer Cyclical,Auto Manufacturers,N/A,EQUITY,0.0207,3.4,1.464,187.32,0.019033195709808617
2012-10-18,1816.0,1849.0,1802.1500244140625,1841.449951171875,1329.28857421875,330177,HEROMOTOCO,Consumer Cyclical,Auto Manufacturers,N/A,EQUITY,0.0207,3.4,1.464,187.32,0.025996712233305852
2012-10-19,1838.0999755859375,1855.0,1812.300048828125,1849.949951171875,1335.424560546875,309638,HEROMOTOCO,Consumer Cyclical,Auto Manufacturers,N/A,EQUITY,0.0207,3.4,1.464,187.32,0.0235611929710457
2012-10-22,1844.449951171875,1847.550048828125,1819.0,1827.6500244140625,1319.326904296875,143675,HEROMOTOCO,Consumer Cyclical,Auto Manufacturers,N/A,EQUITY,0.0207,3.4,1.464,187.32,0.01569546389671523
2012-10-23,1808.0999755859375,1814.0,1782.300048828125,1795.75,1296.2989501953125,391862,HEROMOTOCO,Consumer Cyclical,Auto Manufacturers,N/A,EQUITY,0.0207,3.4,1.464,187.32,0.01778597896168939
2012-10-25,1755.0,1840.0,1751.0,1832.300048828125,1322.683349609375,915929,HEROMOTOCO,Consumer Cyclical,Auto Manufacturers,N/A,EQUITY,0.0207,3.4,1.464,187.32,0.0508280982295831
2012-10-29,1870.0,1919.6500244140625,1868.199951171875,1904.699951171875,1374.94677734375,550020,HEROMOTOCO,Consumer Cyclical,Auto Manufacturers,N/A,EQUITY,0.0207,3.4,1.464,187.32,0.02753991788187028
2012-10-30,1900.050048828125,1909.0999755859375,1827.1500244140625,1872.0999755859375,1351.4140625,399260,HEROMOTOCO,Consumer Cyclical,Auto Manufacturers,N/A,EQUITY,0.0207,3.4,1.464,187.32,0.04485124378232435
2012-10-31,1872.0999755859375,1893.9000244140625,1853.6500244140625,1880.0,1357.1168212890625,186534,HEROMOTOCO,Consumer Cyclical,Auto Manufacturers,N/A,EQUITY,0.0207,3.4,1.464,187.32,0.02171391550178033
2012-11-01,1880.0,1917.800048828125,1867.5,1910.0,1378.77294921875,473654,HEROMOTOCO,Consumer Cyclical,Auto Manufacturers,N/A,EQUITY,0.0207,3.4,1.464,187.32,0.026934430430053547
2012-11-02,1920.25,1950.0,1920.25,1945.800048828125,1404.615966796875,393326,HEROMOTOCO,Consumer Cyclical,Auto Manufacturers,N/A,EQUITY,0.0207,3.4,1.464,187.32,0.015492774378336155
2012-11-05,1947.0,1966.0,1935.0999755859375,1949.1500244140625,1407.0341796875,214424,HEROMOTOCO,Consumer Cyclical,Auto Manufacturers,N/A,EQUITY,0.0207,3.4,1.464,187.32,0.015968179837688307
2012-11-06,1945.199951171875,1954.949951171875,1914.3499755859375,1935.75,1397.3612060546875,227595,HEROMOTOCO,Consumer Cyclical,Auto Manufacturers,N/A,EQUITY,0.0207,3.4,1.464,187.32,0.021208230524050756
2012-11-07,1934.050048828125,1963.949951171875,1920.0,1946.199951171875,1404.9046630859375,302703,HEROMOTOCO,Consumer Cyclical,Auto Manufacturers,N/A,EQUITY,0.0207,3.4,1.464,187.32,0.022890599568684895
2012-11-08,1932.0,1946.0,1915.5,1923.050048828125,1388.193115234375,262645,HEROMOTOCO,Consumer Cyclical,Auto Manufacturers,N/A,EQUITY,0.0207,3.4,1.464,187.32,0.01592273557817802
2012-11-09,1920.949951171875,1920.949951171875,1892.5,1908.199951171875,1377.4737548828125,247090,HEROMOTOCO,Consumer Cyclical,Auto Manufacturers,N/A,EQUITY,0.0207,3.4,1.464,187.32,0.015032999298216644
2012-11-12,1914.6500244140625,1915.0,1867.449951171875,1872.4000244140625,1351.63037109375,276786,HEROMOTOCO,Consumer Cyclical,Auto Manufacturers,N/A,EQUITY,0.0207,3.4,1.464,187.32,0.025462555929965387
2012-11-15,1855.0,1861.9000244140625,1825.0,1839.6500244140625,1327.9892578125,350591,HEROMOTOCO,Consumer Cyclical,Auto Manufacturers,N/A,EQUITY,0.0207,3.4,1.464,187.32,0.020219191459760272
2012-11-16,1849.0,1855.5999755859375,1801.550048828125,1815.6500244140625,1310.664306640625,375598,HEROMOTOCO,Consumer Cyclical,Auto Manufacturers,N/A,EQUITY,0.0207,3.4,1.464,187.32,0.03000190130325326
2012-11-19,1824.0,1850.0,1812.199951171875,1842.5,1330.046630859375,168603,HEROMOTOCO,Consumer Cyclical,Auto Manufacturers,N/A,EQUITY,0.0207,3.4,1.464,187.32,0.020858652381974332
2012-11-20,1852.0,1857.9000244140625,1811.75,1821.75,1315.0677490234375,193804,HEROMOTOCO,Consumer Cyclical,Auto Manufacturers,N/A,EQUITY,0.0207,3.4,1.464,187.32,0.025472622830999034
2012-11-21,1823.6500244140625,1833.1500244140625,1791.3499755859375,1807.300048828125,1304.6368408203125,177224,HEROMOTOCO,Consumer Cyclical,Auto Manufacturers,N/A,EQUITY,0.0207,3.4,1.464,187.32,0.023334384345779505
2012-11-22,1815.25,1823.0,1797.949951171875,1803.300048828125,1301.7490234375,149377,HEROMOTOCO,Consumer Cyclical,Auto Manufacturers,N/A,EQUITY,0.0207,3.4,1.464,187.32,0.013932561811188226
2012-11-23,1805.0,1833.5,1801.0,1825.25,1317.594482421875,211298,HEROMOTOCO,Consumer Cyclical,Auto Manufacturers,N/A,EQUITY,0.0207,3.4,1.464,187.32,0.01804553026096613
2012-11-26,1827.0,1842.0,1822.25,1832.449951171875,1322.791748046875,174160,HEROMOTOCO,Consumer Cyclical,Auto Manufacturers,N/A,EQUITY,0.0207,3.4,1.464,187.32,0.01083824941692962
2012-11-27,1835.0,1851.0,1826.6500244140625,1840.300048828125,1328.4583740234375,226936,HEROMOTOCO,Consumer Cyclical,Auto Manufacturers,N/A,EQUITY,0.0207,3.4,1.464,187.32,0.013330400055012334
2012-11-29,1845.0,1869.800048828125,1813.0,1816.0,1310.9169921875,1256502,HEROMOTOCO,Consumer Cyclical,Auto Manufacturers,N/A,EQUITY,0.0207,3.4,1.464,187.32,0.03132931540437121
2012-11-30,1831.0,1865.5,1816.0999755859375,1826.6500244140625,1318.60498046875,429455,HEROMOTOCO,Consumer Cyclical,Auto Manufacturers,N/A,EQUITY,0.0207,3.4,1.464,187.32,0.027201159120176916
2012-12-03,1823.3499755859375,1830.0,1802.4000244140625,1821.199951171875,1314.6707763671875,347041,HEROMOTOCO,Consumer Cyclical,Auto Manufacturers,N/A,EQUITY,0.0207,3.4,1.464,187.32,0.015312902359125247
2012-12-04,1805.0,1817.800048828125,1802.0,1810.25,1306.766357421875,309399,HEROMOTOCO,Consumer Cyclical,Auto Manufacturers,N/A,EQUITY,0.0207,3.4,1.464,187.32,0.008768062612721976
2012-12-05,1815.25,1834.9000244140625,1806.5999755859375,1821.5,1314.88720703125,352250,HEROMOTOCO,Consumer Cyclical,Auto Manufacturers,N/A,EQUITY,0.0207,3.4,1.464,187.32,0.01566481191772761
2012-12-06,1828.0,1839.449951171875,1802.25,1825.199951171875,1317.558349609375,299602,HEROMOTOCO,Consumer Cyclical,Auto Manufacturers,N/A,EQUITY,0.0207,3.4,1.464,187.32,0.020640838491815784
2012-12-07,1821.0999755859375,1833.25,1817.0999755859375,1826.199951171875,1318.2802734375,836365,HEROMOTOCO,Consumer Cyclical,Auto Manufacturers,N/A,EQUITY,0.0207,3.4,1.464,187.32,0.008887801789141956
2012-12-10,1825.25,1847.0,1825.25,1842.25,1329.865966796875,342786,HEROMOTOCO,Consumer Cyclical,Auto Manufacturers,N/A,EQUITY,0.0207,3.4,1.464,187.32,0.011916175866319682
2012-12-11,1850.0,1861.9000244140625,1840.0,1853.25,1337.806640625,364600,HEROMOTOCO,Consumer Cyclical,Auto Manufacturers,N/A,EQUITY,0.0207,3.4,1.464,187.32,0.011902187181555706
2012-12-12,1862.0,1894.0,1858.050048828125,1889.949951171875,1364.2991943359375,563429,HEROMOTOCO,Consumer Cyclical,Auto Manufacturers,N/A,EQUITY,0.0207,3.4,1.464,187.32,0.01934821464822688
2012-12-13,1900.0,1911.0,1874.0999755859375,1878.5,1356.0338134765625,475250,HEROMOTOCO,Consumer Cyclical,Auto Manufacturers,N/A,EQUITY,0.0207,3.4,1.464,187.32,0.01968946422003218
2012-12-14,1882.25,1887.050048828125,1851.199951171875,1863.550048828125,1345.241943359375,247734,HEROMOTOCO,Consumer Cyclical,Auto Manufacturers,N/A,EQUITY,0.0207,3.4,1.464,187.32,0.019365870031249528
2012-12-17,1855.25,1882.0,1855.0,1865.550048828125,1346.6854248046875,94031,HEROMOTOCO,Consumer Cyclical,Auto Manufacturers,N/A,EQUITY,0.0207,3.4,1.464,187.32,0.014555256064690027
2012-12-18,1871.25,1891.0,1857.4000244140625,1884.550048828125,1360.4012451171875,138953,HEROMOTOCO,Consumer Cyclical,Auto Manufacturers,N/A,EQUITY,0.0207,3.4,1.464,187.32,0.018089789568370974
2012-12-19,1891.25,1922.0,1883.0,1916.300048828125,1383.3204345703125,284915,HEROMOTOCO,Consumer Cyclical,Auto Manufacturers,N/A,EQUITY,0.0207,3.4,1.464,187.32,0.020711630377057887
2012-12-20,1923.9000244140625,1932.8499755859375,1885.5999755859375,1910.5,1379.1339111328125,266365,HEROMOTOCO,Consumer Cyclical,Auto Manufacturers,N/A,EQUITY,0.0207,3.4,1.464,187.32,0.025058337193347376
2012-12-21,1900.0,1914.4000244140625,1893.25,1900.300048828125,1371.7708740234375,222541,HEROMOTOCO,Consumer Cyclical,Auto Manufacturers,N/A,EQUITY,0.0207,3.4,1.464,187.32,0.011171279236267002
2012-12-24,1910.0,1918.0,1876.0999755859375,1886.3499755859375,1361.7010498046875,144160,HEROMOTOCO,Consumer Cyclical,Auto Manufacturers,N/A,EQUITY,0.0207,3.4,1.464,187.32,0.022333577612768968
2012-12-26,1886.3499755859375,1890.0,1865.0999755859375,1874.6500244140625,1353.2550048828125,380494,HEROMOTOCO,Consumer Cyclical,Auto Manufacturers,N/A,EQUITY,0.0207,3.4,1.464,187.32,0.013350503855022539
2012-12-27,1888.199951171875,1892.0,1854.550048828125,1869.5,1349.5369873046875,396050,HEROMOTOCO,Consumer Cyclical,Auto Manufacturers,N/A,EQUITY,0.0207,3.4,1.464,187.32,0.02019355109641787
2012-12-28,1879.0,1903.75,1873.550048828125,1896.199951171875,1368.810791015625,314169,HEROMOTOCO,Consumer Cyclical,Auto Manufacturers,N/A,EQUITY,0.0207,3.4,1.464,187.32,0.01611910564693192
2012-12-31,1904.9000244140625,1914.300048828125,1893.300048828125,1900.5999755859375,1371.9874267578125,81822,HEROMOTOCO,Consumer Cyclical,Auto Manufacturers,N/A,EQUITY,0.0207,3.4,1.464,187.32,0.011091744286912229
2013-01-01,1905.3499755859375,1911.8499755859375,1884.9000244140625,1897.3499755859375,1369.6412353515625,104950,HEROMOTOCO,Consumer Cyclical,Auto Manufacturers,N/A,EQUITY,0.0207,3.4,1.464,187.32,0.014297814644175956
2013-01-02,1930.0,1939.25,1900.0,1905.3499755859375,1375.416259765625,353260,HEROMOTOCO,Consumer Cyclical,Auto Manufacturers,N/A,EQUITY,0.0207,3.4,1.464,187.32,0.020657894736842104
2013-01-03,1917.0999755859375,1921.9000244140625,1881.0,1887.949951171875,1362.8558349609375,334607,HEROMOTOCO,Consumer Cyclical,Auto Manufacturers,N/A,EQUITY,0.0207,3.4,1.464,187.32,0.021743766302000266
2013-01-04,1884.0,1895.0,1870.0999755859375,1887.949951171875,1362.8558349609375,163808,HEROMOTOCO,Consumer Cyclical,Auto Manufacturers,N/A,EQUITY,0.0207,3.4,1.464,187.32,0.013314809228988334
2013-01-07,1892.0,1909.9000244140625,1886.6500244140625,1897.300048828125,1369.6051025390625,371288,HEROMOTOCO,Consumer Cyclical,Auto Manufacturers,N/A,EQUITY,0.0207,3.4,1.464,187.32,0.012323430259526147
2013-01-08,1896.0,1901.5999755859375,1870.0999755859375,1881.0999755859375,1357.910888671875,302516,HEROMOTOCO,Consumer Cyclical,Auto Manufacturers,N/A,EQUITY,0.0207,3.4,1.464,187.32,0.016844019256313
2013-01-09,1894.9000244140625,1894.9000244140625,1841.449951171875,1847.699951171875,1333.8004150390625,600024,HEROMOTOCO,Consumer Cyclical,Auto Manufacturers,N/A,EQUITY,0.0207,3.4,1.464,187.32,0.02902607980638983
2013-01-10,1852.25,1865.0,1842.0999755859375,1848.75,1334.5584716796875,182991,HEROMOTOCO,Consumer Cyclical,Auto Manufacturers,N/A,EQUITY,0.0207,3.4,1.464,187.32,0.012431477508042651
2013-01-11,1850.25,1857.300048828125,1823.0,1839.449951171875,1327.8448486328125,324710,HEROMOTOCO,Consumer Cyclical,Auto Manufacturers,N/A,EQUITY,0.0207,3.4,1.464,187.32,0.018815166663809654
2013-01-14,1821.0,1854.199951171875,1820.0,1843.199951171875,1330.5521240234375,321117,HEROMOTOCO,Consumer Cyclical,Auto Manufacturers,N/A,EQUITY,0.0207,3.4,1.464,187.32,0.01879118196256868
2013-01-15,1831.050048828125,1855.0,1808.0999755859375,1844.5999755859375,1331.562744140625,529832,HEROMOTOCO,Consumer Cyclical,Auto Manufacturers,N/A,EQUITY,0.0207,3.4,1.464,187.32,0.025938844669727932
2013-01-16,1835.25,1851.699951171875,1826.4000244140625,1834.5999755859375,1324.3438720703125,342851,HEROMOTOCO,Consumer Cyclical,Auto Manufacturers,N/A,EQUITY,0.0207,3.4,1.464,187.32,0.013852346922700633
2013-01-17,1821.0,1844.9000244140625,1801.0,1818.699951171875,1312.8660888671875,881628,HEROMOTOCO,Consumer Cyclical,Auto Manufacturers,N/A,EQUITY,0.0207,3.4,1.464,187.32,0.02437536058526513
2013-01-18,1750.0999755859375,1782.199951171875,1720.050048828125,1764.0999755859375,1273.4520263671875,1406385,HEROMOTOCO,Consumer Cyclical,Auto Manufacturers,N/A,EQUITY,0.0207,3.4,1.464,187.32,0.036132612760944316
2013-01-21,1769.0,1782.199951171875,1754.3499755859375,1771.949951171875,1279.1187744140625,271002,HEROMOTOCO,Consumer Cyclical,Auto Manufacturers,N/A,EQUITY,0.0207,3.4,1.464,187.32,0.015874811738539142
2013-01-22,1764.9000244140625,1769.6500244140625,1750.0999755859375,1762.550048828125,1272.3331298828125,280941,HEROMOTOCO,Consumer Cyclical,Auto Manufacturers,N/A,EQUITY,0.0207,3.4,1.464,187.32,0.011170818296583085
2013-01-23,1755.5,1789.800048828125,1750.300048828125,1782.699951171875,1286.878662109375,347240,HEROMOTOCO,Consumer Cyclical,Auto Manufacturers,N/A,EQUITY,0.0207,3.4,1.464,187.32,0.022567559217316117
2013-01-24,1779.0,1779.0,1752.4000244140625,1770.300048828125,1277.9276123046875,307598,HEROMOTOCO,Consumer Cyclical,Auto Manufacturers,N/A,EQUITY,0.0207,3.4,1.464,187.32,0.015179168691709842
2013-01-25,1765.0999755859375,1783.0,1750.6500244140625,1764.9000244140625,1274.029296875,149298,HEROMOTOCO,Consumer Cyclical,Auto Manufacturers,N/A,EQUITY,0.0207,3.4,1.464,187.32,0.018478836509178895
2013-01-28,1761.0,1810.0,1761.0,1798.3499755859375,1298.1761474609375,207424,HEROMOTOCO,Consumer Cyclical,Auto Manufacturers,N/A,EQUITY,0.0207,3.4,1.464,187.32,0.027825099375354913
2013-01-29,1799.449951171875,1823.800048828125,1792.0999755859375,1809.949951171875,1306.5498046875,342333,HEROMOTOCO,Consumer Cyclical,Auto Manufacturers,N/A,EQUITY,0.0207,3.4,1.464,187.32,0.017688786158162283
2013-01-30,1824.0,1826.0999755859375,1785.25,1796.0999755859375,1296.5516357421875,314117,HEROMOTOCO,Consumer Cyclical,Auto Manufacturers,N/A,EQUITY,0.0207,3.4,1.464,187.32,0.022881935631389162
2013-01-31,1800.0,1834.9000244140625,1783.449951171875,1822.0999755859375,1315.3204345703125,517873,HEROMOTOCO,Consumer Cyclical,Auto Manufacturers,N/A,EQUITY,0.0207,3.4,1.464,187.32,0.02884862185696914
2013-02-01,1825.0,1825.0,1794.5,1810.050048828125,1306.6219482421875,339772,HEROMOTOCO,Consumer Cyclical,Auto Manufacturers,N/A,EQUITY,0.0207,3.4,1.464,187.32,0.01699637782112009
2013-02-04,1825.0,1832.5,1807.0,1817.800048828125,1312.216552734375,326544,HEROMOTOCO,Consumer Cyclical,Auto Manufacturers,N/A,EQUITY,0.0207,3.4,1.464,187.32,0.014111787493082457
2013-02-05,1812.0,1812.0,1781.4000244140625,1791.6500244140625,1293.3394775390625,401852,HEROMOTOCO,Consumer Cyclical,Auto Manufacturers,N/A,EQUITY,0.0207,3.4,1.464,187.32,0.017177486901630887
2013-02-06,1808.949951171875,1809.0,1772.300048828125,1780.199951171875,1285.0740966796875,390307,HEROMOTOCO,Consumer Cyclical,Auto Manufacturers,N/A,EQUITY,0.0207,3.4,1.464,187.32,0.020707527033101213
2013-02-07,1771.9000244140625,1772.0,1747.550048828125,1755.9000244140625,1267.5325927734375,285256,HEROMOTOCO,Consumer Cyclical,Auto Manufacturers,N/A,EQUITY,0.0207,3.4,1.464,187.32,0.013990987661996112
2013-02-08,1760.0,1763.800048828125,1708.050048828125,1719.25,1241.075927734375,230149,HEROMOTOCO,Consumer Cyclical,Auto Manufacturers,N/A,EQUITY,0.0207,3.4,1.464,187.32,0.03263955879878899
2013-02-11,1724.0,1724.0,1686.0999755859375,1704.800048828125,1230.64501953125,272983,HEROMOTOCO,Consumer Cyclical,Auto Manufacturers,N/A,EQUITY,0.0207,3.4,1.464,187.32,0.0224779224024909
2013-02-12,1705.0,1732.199951171875,1687.199951171875,1702.1500244140625,1228.732177734375,249220,HEROMOTOCO,Consumer Cyclical,Auto Manufacturers,N/A,EQUITY,0.0207,3.4,1.464,187.32,0.026671409022235002
2013-02-13,1698.0,1710.25,1635.5,1694.25,1223.029296875,196764,HEROMOTOCO,Consumer Cyclical,Auto Manufacturers,N/A,EQUITY,0.0207,3.4,1.464,187.32,0.045704677468664016
2013-02-14,1703.9000244140625,1707.4000244140625,1658.0,1670.449951171875,1205.8486328125,283632,HEROMOTOCO,Consumer Cyclical,Auto Manufacturers,N/A,EQUITY,0.0207,3.4,1.464,187.32,0.02979494838001357
2013-02-15,1665.050048828125,1690.0,1644.9000244140625,1680.0999755859375,1212.81494140625,248567,HEROMOTOCO,Consumer Cyclical,Auto Manufacturers,N/A,EQUITY,0.0207,3.4,1.464,187.32,0.02741806487722728
2013-02-18,1671.0999755859375,1704.8499755859375,1668.050048828125,1693.3499755859375,1222.379638671875,122997,HEROMOTOCO,Consumer Cyclical,Auto Manufacturers,N/A,EQUITY,0.0207,3.4,1.464,187.32,0.022061644243628054
2013-02-19,1690.199951171875,1706.9000244140625,1655.0999755859375,1672.5999755859375,1207.4007568359375,216417,HEROMOTOCO,Consumer Cyclical,Auto Manufacturers,N/A,EQUITY,0.0207,3.4,1.464,187.32,0.031297232549222155
2013-02-20,1670.25,1699.0,1670.25,1695.1500244140625,1223.67919921875,144186,HEROMOTOCO,Consumer Cyclical,Auto Manufacturers,N/A,EQUITY,0.0207,3.4,1.464,187.32,0.01721299206705583
2013-02-21,1687.5,1695.0,1677.0,1688.4000244140625,1218.806396484375,250402,HEROMOTOCO,Consumer Cyclical,Auto Manufacturers,N/A,EQUITY,0.0207,3.4,1.464,187.32,0.01073345259391771
2013-02-22,1694.0,1694.0,1662.300048828125,1677.3499755859375,1210.829833984375,150560,HEROMOTOCO,Consumer Cyclical,Auto Manufacturers,N/A,EQUITY,0.0207,3.4,1.464,187.32,0.01906993336986459
2013-02-25,1685.0,1712.5,1654.0,1706.800048828125,1232.0889892578125,204253,HEROMOTOCO,Consumer Cyclical,Auto Manufacturers,N/A,EQUITY,0.0207,3.4,1.464,187.32,0.03536880290205562
2013-02-26,1689.699951171875,1699.0,1673.449951171875,1690.25,1220.14208984375,172412,HEROMOTOCO,Consumer Cyclical,Auto Manufacturers,N/A,EQUITY,0.0207,3.4,1.464,187.32,0.015267889434179338
2013-02-27,1695.25,1708.0,1660.449951171875,1672.9000244140625,1207.617431640625,151694,HEROMOTOCO,Consumer Cyclical,Auto Manufacturers,N/A,EQUITY,0.0207,3.4,1.464,187.32,0.028636845569820515
2013-02-28,1681.0,1696.1500244140625,1648.0,1667.449951171875,1203.68310546875,397681,HEROMOTOCO,Consumer Cyclical,Auto Manufacturers,N/A,EQUITY,0.0207,3.4,1.464,187.32,0.029217247824067052
2013-03-01,1667.449951171875,1667.75,1615.0,1646.949951171875,1188.884765625,263272,HEROMOTOCO,Consumer Cyclical,Auto Manufacturers,N/A,EQUITY,0.0207,3.4,1.464,187.32,0.0326625386996904
2013-03-04,1650.0,1657.0999755859375,1615.5,1638.800048828125,1183.0015869140625,231338,HEROMOTOCO,Consumer Cyclical,Auto Manufacturers,N/A,EQUITY,0.0207,3.4,1.464,187.32,0.02575052651559115
2013-03-05,1627.0999755859375,1654.0,1626.8499755859375,1645.75,1188.0185546875,195669,HEROMOTOCO,Consumer Cyclical,Auto Manufacturers,N/A,EQUITY,0.0207,3.4,1.464,187.32,0.0166887081301298
2013-03-06,1650.0,1659.9000244140625,1631.0,1647.050048828125,1188.9569091796875,187614,HEROMOTOCO,Consumer Cyclical,Auto Manufacturers,N/A,EQUITY,0.0207,3.4,1.464,187.32,0.01771920564933323
2013-03-07,1650.0,1725.0,1650.0,1713.6500244140625,1237.0333251953125,320690,HEROMOTOCO,Consumer Cyclical,Auto Manufacturers,N/A,EQUITY,0.0207,3.4,1.464,187.32,0.045454545454545456
2013-03-08,1715.25,1766.800048828125,1715.25,1743.1500244140625,1258.3287353515625,465233,HEROMOTOCO,Consumer Cyclical,Auto Manufacturers,N/A,EQUITY,0.0207,3.4,1.464,187.32,0.030053956465894184
2013-03-11,1743.1500244140625,1748.0,1690.0,1697.449951171875,1225.3392333984375,191681,HEROMOTOCO,Consumer Cyclical,Auto Manufacturers,N/A,EQUITY,0.0207,3.4,1.464,187.32,0.03431952662721893
2013-03-12,1683.199951171875,1710.0,1672.1500244140625,1677.9000244140625,1211.2265625,239652,HEROMOTOCO,Consumer Cyclical,Auto Manufacturers,N/A,EQUITY,0.0207,3.4,1.464,187.32,0.022635514178340845
2013-03-13,1670.0,1681.4000244140625,1656.0,1673.75,1208.230712890625,220273,HEROMOTOCO,Consumer Cyclical,Auto Manufacturers,N/A,EQUITY,0.0207,3.4,1.464,187.32,0.015338178993999094
2013-03-14,1677.0,1698.8499755859375,1661.550048828125,1669.0999755859375,1204.8741455078125,344098,HEROMOTOCO,Consumer Cyclical,Auto Manufacturers,N/A,EQUITY,0.0207,3.4,1.464,187.32,0.022448873438461737
2013-03-15,1675.199951171875,1695.0,1666.699951171875,1684.449951171875,1215.9549560546875,176736,HEROMOTOCO,Consumer Cyclical,Auto Manufacturers,N/A,EQUITY,0.0207,3.4,1.464,187.32,0.01697969020052285
2013-03-18,1672.300048828125,1694.5999755859375,1670.0,1690.5,1220.3226318359375,135513,HEROMOTOCO,Consumer Cyclical,Auto Manufacturers,N/A,EQUITY,0.0207,3.4,1.464,187.32,0.014730524302956587
2013-03-19,1694.949951171875,1699.9000244140625,1603.699951171875,1645.5999755859375,1187.910400390625,310970,HEROMOTOCO,Consumer Cyclical,Auto Manufacturers,N/A,EQUITY,0.0207,3.4,1.464,187.32,0.059986329220681846
2013-03-20,1635.0,1665.0,1626.4000244140625,1651.1500244140625,1191.91650390625,297481,HEROMOTOCO,Consumer Cyclical,Auto Manufacturers,N/A,EQUITY,0.0207,3.4,1.464,187.32,0.023733383550485238
2013-03-21,1645.0,1666.800048828125,1615.6500244140625,1623.300048828125,1171.812744140625,220180,HEROMOTOCO,Consumer Cyclical,Auto Manufacturers,N/A,EQUITY,0.0207,3.4,1.464,187.32,0.0316590992115466
2013-03-22,1627.0,1674.5,1627.0,1659.5999755859375,1198.016357421875,286198,HEROMOTOCO,Consumer Cyclical,Auto Manufacturers,N/A,EQUITY,0.0207,3.4,1.464,187.32,0.02919483712354026
2013-03-25,1665.0,1665.6500244140625,1608.4000244140625,1617.699951171875,1167.7703857421875,223521,HEROMOTOCO,Consumer Cyclical,Auto Manufacturers,N/A,EQUITY,0.0207,3.4,1.464,187.32,0.03559437896729458
2013-03-26,1602.050048828125,1620.0,1566.550048828125,1571.8499755859375,1134.672607421875,321021,HEROMOTOCO,Consumer Cyclical,Auto Manufacturers,N/A,EQUITY,0.0207,3.4,1.464,187.32,0.03411952986236145
2013-03-28,1568.0,1568.0,1515.949951171875,1542.0,1113.12451171875,634551,HEROMOTOCO,Consumer Cyclical,Auto Manufacturers,N/A,EQUITY,0.0207,3.4,1.464,187.32,0.03433493882030125
2013-04-01,1545.0,1551.25,1525.0,1533.25,1106.807861328125,275798,HEROMOTOCO,Consumer Cyclical,Auto Manufacturers,N/A,EQUITY,0.0207,3.4,1.464,187.32,0.01721311475409836
2013-04-02,1532.1500244140625,1538.0999755859375,1518.300048828125,1532.300048828125,1106.1224365234375,225802,HEROMOTOCO,Consumer Cyclical,Auto Manufacturers,N/A,EQUITY,0.0207,3.4,1.464,187.32,0.013040852348713779
2013-04-03,1532.550048828125,1542.5999755859375,1487.8499755859375,1497.6500244140625,1081.109619140625,354472,HEROMOTOCO,Consumer Cyclical,Auto Manufacturers,N/A,EQUITY,0.0207,3.4,1.464,187.32,0.03679806492481786
2013-04-04,1483.300048828125,1489.0,1450.0,1454.050048828125,1049.635986328125,493390,HEROMOTOCO,Consumer Cyclical,Auto Manufacturers,N/A,EQUITY,0.0207,3.4,1.464,187.32,0.02689655172413793
2013-04-05,1446.199951171875,1488.0,1435.0999755859375,1481.4000244140625,1069.3792724609375,399161,HEROMOTOCO,Consumer Cyclical,Auto Manufacturers,N/A,EQUITY,0.0207,3.4,1.464,187.32,0.036861560388825126
2013-04-08,1482.75,1497.949951171875,1466.300048828125,1480.0999755859375,1068.4405517578125,439179,HEROMOTOCO,Consumer Cyclical,Auto Manufacturers,N/A,EQUITY,0.0207,3.4,1.464,187.32,0.021584874370729767
2013-04-09,1484.949951171875,1505.449951171875,1463.0,1465.0999755859375,1057.612548828125,298280,HEROMOTOCO,Consumer Cyclical,Auto Manufacturers,N/A,EQUITY,0.0207,3.4,1.464,187.32,0.029015687745642515
2013-04-10,1470.5,1478.0,1448.300048828125,1464.449951171875,1057.1435546875,1423609,HEROMOTOCO,Consumer Cyclical,Auto Manufacturers,N/A,EQUITY,0.0207,3.4,1.464,187.32,0.020506766671661972
2013-04-11,1464.0999755859375,1467.800048828125,1440.0999755859375,1455.0999755859375,1050.39404296875,429465,HEROMOTOCO,Consumer Cyclical,Auto Manufacturers,N/A,EQUITY,0.0207,3.4,1.464,187.32,0.019234826548009
2013-04-12,1449.5,1464.0,1444.0,1455.3499755859375,1050.5745849609375,334147,HEROMOTOCO,Consumer Cyclical,Auto Manufacturers,N/A,EQUITY,0.0207,3.4,1.464,187.32,0.013850415512465374
2013-04-15,1451.0,1459.1500244140625,1435.0,1438.5999755859375,1038.483154296875,224062,HEROMOTOCO,Consumer Cyclical,Auto Manufacturers,N/A,EQUITY,0.0207,3.4,1.464,187.32,0.0168292853059669
2013-04-16,1438.5999755859375,1499.0,1438.5999755859375,1488.3499755859375,1074.3961181640625,381669,HEROMOTOCO,Consumer Cyclical,Auto Manufacturers,N/A,EQUITY,0.0207,3.4,1.464,187.32,0.041985281133806326
2013-04-17,1500.4000244140625,1505.0,1473.699951171875,1491.300048828125,1076.525634765625,301744,HEROMOTOCO,Consumer Cyclical,Auto Manufacturers,N/A,EQUITY,0.0207,3.4,1.464,187.32,0.021239091989679066
2013-04-18,1500.0,1520.0,1450.550048828125,1505.0,1086.4154052734375,480684,HEROMOTOCO,Consumer Cyclical,Auto Manufacturers,N/A,EQUITY,0.0207,3.4,1.464,187.32,0.047878355681682576
2013-04-22,1510.0,1542.0,1502.8499755859375,1532.300048828125,1106.1224365234375,299816,HEROMOTOCO,Consumer Cyclical,Auto Manufacturers,N/A,EQUITY,0.0207,3.4,1.464,187.32,0.026050520710690715
2013-04-23,1525.0,1579.5,1523.0,1573.5999755859375,1135.9356689453125,245274,HEROMOTOCO,Consumer Cyclical,Auto Manufacturers,N/A,EQUITY,0.0207,3.4,1.464,187.32,0.037097833223900194
2013-04-25,1580.9000244140625,1648.0,1560.5,1617.75,1167.8062744140625,373940,HEROMOTOCO,Consumer Cyclical,Auto Manufacturers,N/A,EQUITY,0.0207,3.4,1.464,187.32,0.056071771867991026
2013-04-26,1576.0999755859375,1645.0,1576.0999755859375,1596.8499755859375,1152.7191162109375,485675,HEROMOTOCO,Consumer Cyclical,Auto Manufacturers,N/A,EQUITY,0.0207,3.4,1.464,187.32,0.043715516452849344
2013-04-29,1650.0,1683.8499755859375,1633.0999755859375,1648.800048828125,1190.220458984375,805566,HEROMOTOCO,Consumer Cyclical,Auto Manufacturers,N/A,EQUITY,0.0207,3.4,1.464,187.32,0.031075868445709507
2013-04-30,1650.199951171875,1659.949951171875,1630.0,1644.449951171875,1187.080078125,329076,HEROMOTOCO,Consumer Cyclical,Auto Manufacturers,N/A,EQUITY,0.0207,3.4,1.464,187.32,0.018374203172929447
2013-05-02,1644.949951171875,1672.0,1611.0,1613.8499755859375,1164.9910888671875,472417,HEROMOTOCO,Consumer Cyclical,Auto Manufacturers,N/A,EQUITY,0.0207,3.4,1.464,187.32,0.03786468032278088
2013-05-03,1613.8499755859375,1624.449951171875,1587.1500244140625,1611.4000244140625,1163.22216796875,203386,HEROMOTOCO,Consumer Cyclical,Auto Manufacturers,N/A,EQUITY,0.0207,3.4,1.464,187.32,0.02350119786034892
2013-05-06,1612.0,1658.199951171875,1608.6500244140625,1649.4000244140625,1190.653564453125,210606,HEROMOTOCO,Consumer Cyclical,Auto Manufacturers,N/A,EQUITY,0.0207,3.4,1.464,187.32,0.030802179470864492
2013-05-07,1656.0,1714.0,1655.0999755859375,1706.3499755859375,1231.7637939453125,286468,HEROMOTOCO,Consumer Cyclical,Auto Manufacturers,N/A,EQUITY,0.0207,3.4,1.464,187.32,0.03558698887250648
2013-05-08,1709.0,1714.8499755859375,1671.0,1676.3499755859375,1210.1077880859375,262626,HEROMOTOCO,Consumer Cyclical,Auto Manufacturers,N/A,EQUITY,0.0207,3.4,1.464,187.32,0.0262417567839243
2013-05-09,1675.0,1700.0,1670.3499755859375,1676.0999755859375,1209.9273681640625,134890,HEROMOTOCO,Consumer Cyclical,Auto Manufacturers,N/A,EQUITY,0.0207,3.4,1.464,187.32,0.017750785672123383
2013-05-10,1680.0,1724.5,1675.4000244140625,1704.949951171875,1230.75341796875,395698,HEROMOTOCO,Consumer Cyclical,Auto Manufacturers,N/A,EQUITY,0.0207,3.4,1.464,187.32,0.029306419285214724
2013-05-13,1713.699951171875,1716.0,1672.6500244140625,1678.8499755859375,1211.9124755859375,125972,HEROMOTOCO,Consumer Cyclical,Auto Manufacturers,N/A,EQUITY,0.0207,3.4,1.464,187.32,0.025916943146025547
2013-05-14,1682.0,1692.8499755859375,1661.0,1674.5,1208.772216796875,189703,HEROMOTOCO,Consumer Cyclical,Auto Manufacturers,N/A,EQUITY,0.0207,3.4,1.464,187.32,0.019175180966849788
2013-05-15,1690.0,1716.0999755859375,1685.0,1703.8499755859375,1229.95947265625,418851,HEROMOTOCO,Consumer Cyclical,Auto Manufacturers,N/A,EQUITY,0.0207,3.4,1.464,187.32,0.018456958804710683
2013-05-16,1702.25,1716.75,1680.0999755859375,1693.949951171875,1222.812744140625,369881,HEROMOTOCO,Consumer Cyclical,Auto Manufacturers,N/A,EQUITY,0.0207,3.4,1.464,187.32,0.021814192575820224
2013-05-17,1693.0,1702.8499755859375,1677.0,1684.4000244140625,1215.9189453125,238138,HEROMOTOCO,Consumer Cyclical,Auto Manufacturers,N/A,EQUITY,0.0207,3.4,1.464,187.32,0.015414415972532796
2013-05-20,1689.0,1710.0,1684.550048828125,1701.699951171875,1228.4071044921875,235466,HEROMOTOCO,Consumer Cyclical,Auto Manufacturers,N/A,EQUITY,0.0207,3.4,1.464,187.32,0.01510786289168406
2013-05-21,1701.6500244140625,1706.800048828125,1676.550048828125,1683.800048828125,1215.48583984375,400275,HEROMOTOCO,Consumer Cyclical,Auto Manufacturers,N/A,EQUITY,0.0207,3.4,1.464,187.32,0.01804300445497833
2013-05-22,1685.0999755859375,1687.9000244140625,1644.0999755859375,1650.3499755859375,1191.33935546875,188233,HEROMOTOCO,Consumer Cyclical,Auto Manufacturers,N/A,EQUITY,0.0207,3.4,1.464,187.32,0.02664074537955953
2013-05-23,1645.0,1659.800048828125,1614.75,1651.6500244140625,1192.27783203125,289683,HEROMOTOCO,Consumer Cyclical,Auto Manufacturers,N/A,EQUITY,0.0207,3.4,1.464,187.32,0.027899085820173402
2013-05-24,1662.0,1670.0,1630.050048828125,1633.3499755859375,1179.067138671875,388168,HEROMOTOCO,Consumer Cyclical,Auto Manufacturers,N/A,EQUITY,0.0207,3.4,1.464,187.32,0.024508419971887248
2013-05-27,1630.0,1669.25,1613.4000244140625,1654.3499755859375,1194.2266845703125,219140,HEROMOTOCO,Consumer Cyclical,Auto Manufacturers,N/A,EQUITY,0.0207,3.4,1.464,187.32,0.03461632251197003
2013-05-28,1669.0,1771.699951171875,1660.5,1750.0,1263.2735595703125,528689,HEROMOTOCO,Consumer Cyclical,Auto Manufacturers,N/A,EQUITY,0.0207,3.4,1.464,187.32,0.066967751383243
2013-05-29,1761.25,1795.5999755859375,1742.5999755859375,1788.699951171875,1291.2098388671875,571987,HEROMOTOCO,Consumer Cyclical,Auto Manufacturers,N/A,EQUITY,0.0207,3.4,1.464,187.32,0.030414323850876394
2013-05-30,1780.5999755859375,1788.8499755859375,1740.0999755859375,1751.449951171875,1264.3201904296875,266256,HEROMOTOCO,Consumer Cyclical,Auto Manufacturers,N/A,EQUITY,0.0207,3.4,1.464,187.32,0.028015631678625013
2013-05-31,1745.0,1751.4000244140625,1726.699951171875,1736.3499755859375,1253.420166015625,224571,HEROMOTOCO,Consumer Cyclical,Auto Manufacturers,N/A,EQUITY,0.0207,3.4,1.464,187.32,0.014304785973627948
2013-06-03,1721.0,1739.9000244140625,1653.0,1670.5,1205.885009765625,214534,HEROMOTOCO,Consumer Cyclical,Auto Manufacturers,N/A,EQUITY,0.0207,3.4,1.464,187.32,0.05257109764916062
2013-06-04,1698.0,1715.5999755859375,1664.050048828125,1670.5999755859375,1205.956787109375,285086,HEROMOTOCO,Consumer Cyclical,Auto Manufacturers,N/A,EQUITY,0.0207,3.4,1.464,187.32,0.030978591535822816
2013-06-05,1655.0,1672.75,1642.550048828125,1665.5,1202.2755126953125,134805,HEROMOTOCO,Consumer Cyclical,Auto Manufacturers,N/A,EQUITY,0.0207,3.4,1.464,187.32,0.018386015813290506
2013-06-06,1658.5999755859375,1658.5999755859375,1635.0,1646.3499755859375,1188.4517822265625,117748,HEROMOTOCO,Consumer Cyclical,Auto Manufacturers,N/A,EQUITY,0.0207,3.4,1.464,187.32,0.014434235832377676
2013-06-07,1649.9000244140625,1672.0,1640.550048828125,1646.9000244140625,1188.8487548828125,201857,HEROMOTOCO,Consumer Cyclical,Auto Manufacturers,N/A,EQUITY,0.0207,3.4,1.464,187.32,0.019170369836836294
2013-06-10,1650.800048828125,1682.0,1634.449951171875,1642.550048828125,1185.708740234375,162167,HEROMOTOCO,Consumer Cyclical,Auto Manufacturers,N/A,EQUITY,0.0207,3.4,1.464,187.32,0.02909238596999092
2013-06-11,1640.5,1674.949951171875,1636.199951171875,1653.0,1193.252197265625,277043,HEROMOTOCO,Consumer Cyclical,Auto Manufacturers,N/A,EQUITY,0.0207,3.4,1.464,187.32,0.023682924554695513
2013-06-12,1641.5999755859375,1663.4000244140625,1588.0,1610.3499755859375,1162.46435546875,413925,HEROMOTOCO,Consumer Cyclical,Auto Manufacturers,N/A,EQUITY,0.0207,3.4,1.464,187.32,0.047481123686437345
2013-06-13,1600.050048828125,1638.699951171875,1574.0,1614.0,1165.0989990234375,230346,HEROMOTOCO,Consumer Cyclical,Auto Manufacturers,N/A,EQUITY,0.0207,3.4,1.464,187.32,0.0411054327648507
2013-06-14,1612.0,1627.0,1600.0,1605.800048828125,1159.1800537109375,200627,HEROMOTOCO,Consumer Cyclical,Auto Manufacturers,N/A,EQUITY,0.0207,3.4,1.464,187.32,0.016875
2013-06-17,1610.0,1643.449951171875,1610.0,1627.25,1174.6641845703125,163210,HEROMOTOCO,Consumer Cyclical,Auto Manufacturers,N/A,EQUITY,0.0207,3.4,1.464,187.32,0.0207763671875
2013-06-18,1627.800048828125,1649.949951171875,1620.3499755859375,1637.5999755859375,1182.1356201171875,189621,HEROMOTOCO,Consumer Cyclical,Auto Manufacturers,N/A,EQUITY,0.0207,3.4,1.464,187.32,0.018267643430076766
2013-06-19,1642.0,1655.949951171875,1605.0,1620.6500244140625,1169.899658203125,149803,HEROMOTOCO,Consumer Cyclical,Auto Manufacturers,N/A,EQUITY,0.0207,3.4,1.464,187.32,0.03174451786409657
2013-06-20,1600.0,1619.949951171875,1567.5,1602.449951171875,1156.761474609375,276544,HEROMOTOCO,Consumer Cyclical,Auto Manufacturers,N/A,EQUITY,0.0207,3.4,1.464,187.32,0.03346089388955343
2013-06-21,1605.0,1645.0,1574.9000244140625,1625.949951171875,1173.7255859375,289402,HEROMOTOCO,Consumer Cyclical,Auto Manufacturers,N/A,EQUITY,0.0207,3.4,1.464,187.32,0.04451074639611998
2013-06-24,1610.050048828125,1623.0,1575.8499755859375,1578.9000244140625,1139.76171875,348982,HEROMOTOCO,Consumer Cyclical,Auto Manufacturers,N/A,EQUITY,0.0207,3.4,1.464,187.32,0.029920376396573557
2013-06-25,1594.0,1599.9000244140625,1563.5999755859375,1579.300048828125,1140.0504150390625,253854,HEROMOTOCO,Consumer Cyclical,Auto Manufacturers,N/A,EQUITY,0.0207,3.4,1.464,187.32,0.023215687768556058
2013-06-26,1586.0,1645.699951171875,1580.0,1637.550048828125,1182.09912109375,255395,HEROMOTOCO,Consumer Cyclical,Auto Manufacturers,N/A,EQUITY,0.0207,3.4,1.464,187.32,0.04158224757713608
2013-06-27,1645.75,1679.0,1621.0,1648.449951171875,1189.968017578125,622077,HEROMOTOCO,Consumer Cyclical,Auto Manufacturers,N/A,EQUITY,0.0207,3.4,1.464,187.32,0.03578038247995065
2013-06-28,1640.0,1685.0,1635.199951171875,1663.050048828125,1200.5068359375,219552,HEROMOTOCO,Consumer Cyclical,Auto Manufacturers,N/A,EQUITY,0.0207,3.4,1.464,187.32,0.030455020985314683
2013-07-01,1667.0,1710.0,1665.300048828125,1698.5999755859375,1226.1695556640625,166786,HEROMOTOCO,Consumer Cyclical,Auto Manufacturers,N/A,EQUITY,0.0207,3.4,1.464,187.32,0.026841980340618164
2013-07-02,1700.0,1712.5,1662.0,1681.25,1213.64501953125,279227,HEROMOTOCO,Consumer Cyclical,Auto Manufacturers,N/A,EQUITY,0.0207,3.4,1.464,187.32,0.030385078219013237
2013-07-03,1674.0,1691.0,1644.4000244140625,1655.800048828125,1195.2733154296875,108014,HEROMOTOCO,Consumer Cyclical,Auto Manufacturers,N/A,EQUITY,0.0207,3.4,1.464,187.32,0.02833858847851948
2013-07-04,1655.0,1679.0,1644.75,1656.0999755859375,1195.489990234375,138535,HEROMOTOCO,Consumer Cyclical,Auto Manufacturers,N/A,EQUITY,0.0207,3.4,1.464,187.32,0.020823833409332724
2013-07-05,1665.0999755859375,1668.9000244140625,1640.0,1648.9000244140625,1190.2926025390625,64529,HEROMOTOCO,Consumer Cyclical,Auto Manufacturers,N/A,EQUITY,0.0207,3.4,1.464,187.32,0.01762196610613567
2013-07-08,1642.0,1661.300048828125,1638.0,1653.6500244140625,1193.7213134765625,125259,HEROMOTOCO,Consumer Cyclical,Auto Manufacturers,N/A,EQUITY,0.0207,3.4,1.464,187.32,0.014224694034264346
2013-07-09,1653.6500244140625,1665.8499755859375,1653.6500244140625,1659.699951171875,1198.0888671875,958653,HEROMOTOCO,Consumer Cyclical,Auto Manufacturers,N/A,EQUITY,0.0207,3.4,1.464,187.32,0.007377589569593364
2013-07-10,1657.0,1664.1500244140625,1640.0999755859375,1652.3499755859375,1192.782958984375,113071,HEROMOTOCO,Consumer Cyclical,Auto Manufacturers,N/A,EQUITY,0.0207,3.4,1.464,187.32,0.014663770005565025
2013-07-11,1671.0,1714.949951171875,1658.0,1697.5,1225.3753662109375,268099,HEROMOTOCO,Consumer Cyclical,Auto Manufacturers,N/A,EQUITY,0.0207,3.4,1.464,187.32,0.03434858333647467
2013-07-12,1701.9000244140625,1723.0,1678.699951171875,1715.0999755859375,1238.0804443359375,156855,HEROMOTOCO,Consumer Cyclical,Auto Manufacturers,N/A,EQUITY,0.0207,3.4,1.464,187.32,0.026389497895201466
2013-07-15,1697.699951171875,1732.9000244140625,1688.5999755859375,1725.0,1245.22705078125,368342,HEROMOTOCO,Consumer Cyclical,Auto Manufacturers,N/A,EQUITY,0.0207,3.4,1.464,187.32,0.02623477997668042
2013-07-16,1700.0,1714.1500244140625,1656.8499755859375,1692.3499755859375,1221.65771484375,241564,HEROMOTOCO,Consumer Cyclical,Auto Manufacturers,N/A,EQUITY,0.0207,3.4,1.464,187.32,0.03458372796116383
2013-07-17,1709.699951171875,1714.0,1674.9000244140625,1685.3499755859375,1216.604736328125,138266,HEROMOTOCO,Consumer Cyclical,Auto Manufacturers,N/A,EQUITY,0.0207,3.4,1.464,187.32,0.023344662377455045
2013-07-18,1685.0999755859375,1745.0,1685.0999755859375,1731.75,1250.0994873046875,381009,HEROMOTOCO,Consumer Cyclical,Auto Manufacturers,N/A,EQUITY,0.0207,3.4,1.464,187.32,0.035546866822091225
2013-07-19,1735.25,1794.5,1731.050048828125,1772.9000244140625,1279.8045654296875,596827,HEROMOTOCO,Consumer Cyclical,Auto Manufacturers,N/A,EQUITY,0.0207,3.4,1.464,187.32,0.036654024656785016
2013-07-22,1774.800048828125,1801.9000244140625,1751.0,1789.8499755859375,1292.0401611328125,282348,HEROMOTOCO,Consumer Cyclical,Auto Manufacturers,N/A,EQUITY,0.0207,3.4,1.464,187.32,0.029069117312428613
2013-07-23,1798.699951171875,1809.0,1771.550048828125,1789.5999755859375,1291.859619140625,349086,HEROMOTOCO,Consumer Cyclical,Auto Manufacturers,N/A,EQUITY,0.0207,3.4,1.464,187.32,0.021139651796260584
2013-07-24,1772.25,1802.5,1744.5,1754.5,1266.5218505859375,646693,HEROMOTOCO,Consumer Cyclical,Auto Manufacturers,N/A,EQUITY,0.0207,3.4,1.464,187.32,0.03324734881054744
2013-07-25,1765.0,1840.949951171875,1765.0,1828.1500244140625,1319.687744140625,1772968,HEROMOTOCO,Consumer Cyclical,Auto Manufacturers,N/A,EQUITY,0.0207,3.4,1.464,187.32,0.04303113380842776
2013-07-26,1840.0,1870.0,1836.0,1865.449951171875,1346.6136474609375,861624,HEROMOTOCO,Consumer Cyclical,Auto Manufacturers,N/A,EQUITY,0.0207,3.4,1.464,187.32,0.018518518518518517
2013-07-29,1866.0,1899.800048828125,1865.0,1877.949951171875,1355.636962890625,413969,HEROMOTOCO,Consumer Cyclical,Auto Manufacturers,N/A,EQUITY,0.0207,3.4,1.464,187.32,0.018659543607573728
2013-07-30,1880.0,1880.0,1837.050048828125,1850.75,1336.0020751953125,320301,HEROMOTOCO,Consumer Cyclical,Auto Manufacturers,N/A,EQUITY,0.0207,3.4,1.464,187.32,0.023379848142555105
2013-07-31,1845.0,1849.949951171875,1807.5999755859375,1819.4000244140625,1313.37158203125,329505,HEROMOTOCO,Consumer Cyclical,Auto Manufacturers,N/A,EQUITY,0.0207,3.4,1.464,187.32,0.02342884275167666
2013-08-01,1820.0,1832.800048828125,1798.0,1815.0999755859375,1310.2672119140625,373538,HEROMOTOCO,Consumer Cyclical,Auto Manufacturers,N/A,EQUITY,0.0207,3.4,1.464,187.32,0.019354865866587877
2013-08-02,1821.25,1850.0,1780.050048828125,1801.800048828125,1300.66650390625,251833,HEROMOTOCO,Consumer Cyclical,Auto Manufacturers,N/A,EQUITY,0.0207,3.4,1.464,187.32,0.03929662046183798
2013-08-05,1803.75,1859.949951171875,1786.0999755859375,1854.1500244140625,1338.45654296875,1537397,HEROMOTOCO,Consumer Cyclical,Auto Manufacturers,N/A,EQUITY,0.0207,3.4,1.464,187.32,0.041347055929336046
2013-08-06,1851.0,1894.9000244140625,1828.199951171875,1848.199951171875,1334.1612548828125,370097,HEROMOTOCO,Consumer Cyclical,Auto Manufacturers,N/A,EQUITY,0.0207,3.4,1.464,187.32,0.03648401434396319
2013-08-07,1843.199951171875,1867.9000244140625,1816.25,1834.6500244140625,1324.3797607421875,306022,HEROMOTOCO,Consumer Cyclical,Auto Manufacturers,N/A,EQUITY,0.0207,3.4,1.464,187.32,0.028437728514280797
2013-08-08,1815.0,1858.75,1815.0,1847.949951171875,1333.980712890625,604588,HEROMOTOCO,Consumer Cyclical,Auto Manufacturers,N/A,EQUITY,0.0207,3.4,1.464,187.32,0.024104683195592287
2013-08-12,1849.9000244140625,1917.0,1849.9000244140625,1906.5,1376.246337890625,428810,HEROMOTOCO,Consumer Cyclical,Auto Manufacturers,N/A,EQUITY,0.0207,3.4,1.464,187.32,0.03627221725519505
2013-08-13,1929.9000244140625,1965.0,1917.6500244140625,1942.6500244140625,1402.34228515625,367774,HEROMOTOCO,Consumer Cyclical,Auto Manufacturers,N/A,EQUITY,0.0207,3.4,1.464,187.32,0.02469166687514072
2013-08-14,1940.050048828125,1947.9000244140625,1922.5999755859375,1935.949951171875,1397.5052490234375,341241,HEROMOTOCO,Consumer Cyclical,Auto Manufacturers,N/A,EQUITY,0.0207,3.4,1.464,187.32,0.013159289061373508
2013-08-16,1942.0,2004.300048828125,1926.0,1985.3499755859375,1433.1658935546875,508142,HEROMOTOCO,Consumer Cyclical,Auto Manufacturers,N/A,EQUITY,0.0207,3.4,1.464,187.32,0.04065423095956646
2013-08-19,1976.550048828125,1986.5,1855.25,1921.1500244140625,1386.8216552734375,588501,HEROMOTOCO,Consumer Cyclical,Auto Manufacturers,N/A,EQUITY,0.0207,3.4,1.464,187.32,0.07074518258994744
2013-08-20,1906.25,1922.0,1862.300048828125,1900.449951171875,1371.8787841796875,519978,HEROMOTOCO,Consumer Cyclical,Auto Manufacturers,N/A,EQUITY,0.0207,3.4,1.464,187.32,0.03205710659216377
2013-08-21,1905.0,1944.949951171875,1860.0,1870.699951171875,1350.4034423828125,324229,HEROMOTOCO,Consumer Cyclical,Auto Manufacturers,N/A,EQUITY,0.0207,3.4,1.464,187.32,0.04567201675907258
2013-08-22,1850.0,1928.0,1831.25,1898.949951171875,1370.7962646484375,347290,HEROMOTOCO,Consumer Cyclical,Auto Manufacturers,N/A,EQUITY,0.0207,3.4,1.464,187.32,0.05283276450511945
2013-08-23,1903.199951171875,1926.0,1871.0,1899.25,1371.0125732421875,212230,HEROMOTOCO,Consumer Cyclical,Auto Manufacturers,N/A,EQUITY,0.0207,3.4,1.464,187.32,0.02939604489577766
2013-08-26,1905.0,1957.5,1901.300048828125,1945.25,1404.21875,308439,HEROMOTOCO,Consumer Cyclical,Auto Manufacturers,N/A,EQUITY,0.0207,3.4,1.464,187.32,0.029558696538462773
2013-08-27,1930.0,1945.949951171875,1891.9000244140625,1900.800048828125,1372.1317138671875,582885,HEROMOTOCO,Consumer Cyclical,Auto Manufacturers,N/A,EQUITY,0.0207,3.4,1.464,187.32,0.02856912419278192
2013-08-28,1895.0,1924.800048828125,1862.050048828125,1914.199951171875,1381.8046875,412415,HEROMOTOCO,Consumer Cyclical,Auto Manufacturers,N/A,EQUITY,0.0207,3.4,1.464,187.32,0.03369941642518766
2013-08-29,1912.25,2043.9000244140625,1889.25,1973.300048828125,1424.467529296875,605853,HEROMOTOCO,Consumer Cyclical,Auto Manufacturers,N/A,EQUITY,0.0207,3.4,1.464,187.32,0.08185789303377664
2013-08-30,1971.25,2075.0,1941.0,2046.5,1477.3082275390625,2202945,HEROMOTOCO,Consumer Cyclical,Auto Manufacturers,N/A,EQUITY,0.0207,3.4,1.464,187.32,0.06903657908294693
2013-09-02,2019.5,2094.0,2007.0,2023.9000244140625,1460.9940185546875,746947,HEROMOTOCO,Consumer Cyclical,Auto Manufacturers,N/A,EQUITY,0.0207,3.4,1.464,187.32,0.043348281016442454
2013-09-03,1980.0,1987.5,1880.0,1896.300048828125,1410.7047119140625,278259,HEROMOTOCO,Consumer Cyclical,Auto Manufacturers,N/A,EQUITY,0.0207,3.4,1.464,187.32,0.057180851063829786
2013-09-04,1900.0,1972.9000244140625,1892.75,1926.6500244140625,1433.2828369140625,280922,HEROMOTOCO,Consumer Cyclical,Auto Manufacturers,N/A,EQUITY,0.0207,3.4,1.464,187.32,0.04234580605682869
2013-09-05,1945.0,1984.949951171875,1937.800048828125,1953.6500244140625,1453.3690185546875,170626,HEROMOTOCO,Consumer Cyclical,Auto Manufacturers,N/A,EQUITY,0.0207,3.4,1.464,187.32,0.024331665370874396
2013-09-06,1954.8499755859375,1967.1500244140625,1902.0,1930.25,1435.9608154296875,262466,HEROMOTOCO,Consumer Cyclical,Auto Manufacturers,N/A,EQUITY,0.0207,3.4,1.464,187.32,0.034253430291305204
2013-09-10,1935.0,2099.0,1935.0,2073.050048828125,1542.193603515625,528164,HEROMOTOCO,Consumer Cyclical,Auto Manufacturers,N/A,EQUITY,0.0207,3.4,1.464,187.32,0.08475452196382428
2013-09-11,2049.0,2130.0,2048.0,2090.35009765625,1555.0633544921875,365589,HEROMOTOCO,Consumer Cyclical,Auto Manufacturers,N/A,EQUITY,0.0207,3.4,1.464,187.32,0.0400390625
2013-09-12,2078.0,2099.0,2004.0,2010.0999755859375,1495.36328125,277775,HEROMOTOCO,Consumer Cyclical,Auto Manufacturers,N/A,EQUITY,0.0207,3.4,1.464,187.32,0.04740518962075848
2013-09-13,2047.4000244140625,2076.949951171875,2010.0,2051.699951171875,1526.3106689453125,416771,HEROMOTOCO,Consumer Cyclical,Auto Manufacturers,N/A,EQUITY,0.0207,3.4,1.464,187.32,0.033308433418843285
2013-09-16,2075.0,2127.800048828125,2053.14990234375,2098.35009765625,1561.0147705078125,382676,HEROMOTOCO,Consumer Cyclical,Auto Manufacturers,N/A,EQUITY,0.0207,3.4,1.464,187.32,0.036358838874433363
2013-09-17,2085.0,2096.0,2054.25,2073.14990234375,1542.267822265625,224807,HEROMOTOCO,Consumer Cyclical,Auto Manufacturers,N/A,EQUITY,0.0207,3.4,1.464,187.32,0.020323719118899842
2013-09-18,2069.0,2093.0,2005.300048828125,2013.699951171875,1498.04150390625,349023,HEROMOTOCO,Consumer Cyclical,Auto Manufacturers,N/A,EQUITY,0.0207,3.4,1.464,187.32,0.043734079208308935
2013-09-19,2052.0,2084.300048828125,2033.949951171875,2039.550048828125,1517.2718505859375,528750,HEROMOTOCO,Consumer Cyclical,Auto Manufacturers,N/A,EQUITY,0.0207,3.4,1.464,187.32,0.024754836089865645
2013-09-20,2043.949951171875,2043.949951171875,1952.300048828125,1981.6500244140625,1474.1986083984375,747314,HEROMOTOCO,Consumer Cyclical,Auto Manufacturers,N/A,EQUITY,0.0207,3.4,1.464,187.32,0.04694457821622408
2013-09-23,1974.0,2020.1500244140625,1965.0999755859375,1999.199951171875,1487.25439453125,281519,HEROMOTOCO,Consumer Cyclical,Auto Manufacturers,N/A,EQUITY,0.0207,3.4,1.464,187.32,0.028013866730475442
2013-09-24,2006.0,2015.0,1965.75,2002.9000244140625,1490.007080078125,267567,HEROMOTOCO,Consumer Cyclical,Auto Manufacturers,N/A,EQUITY,0.0207,3.4,1.464,187.32,0.02505405061681292
2013-09-25,2003.0,2044.0,1995.1500244140625,2036.0999755859375,1514.7054443359375,240581,HEROMOTOCO,Consumer Cyclical,Auto Manufacturers,N/A,EQUITY,0.0207,3.4,1.464,187.32,0.02448436207211225
2013-09-26,2045.0,2045.0,1998.8499755859375,2019.800048828125,1502.5791015625,441358,HEROMOTOCO,Consumer Cyclical,Auto Manufacturers,N/A,EQUITY,0.0207,3.4,1.464,187.32,0.02308828825461711
2013-09-27,2000.050048828125,2073.89990234375,2000.050048828125,2048.050048828125,1523.595458984375,347002,HEROMOTOCO,Consumer Cyclical,Auto Manufacturers,N/A,EQUITY,0.0207,3.4,1.464,187.32,0.03692400275627868
2013-09-30,2032.0,2047.6500244140625,1968.0,2009.25,1494.73095703125,272549,HEROMOTOCO,Consumer Cyclical,Auto Manufacturers,N/A,EQUITY,0.0207,3.4,1.464,187.32,0.04047257338112932
2013-10-01,2030.0,2031.3499755859375,1980.1500244140625,1999.0999755859375,1487.1802978515625,415029,HEROMOTOCO,Consumer Cyclical,Auto Manufacturers,N/A,EQUITY,0.0207,3.4,1.464,187.32,0.02585660204560781
2013-10-03,2019.9000244140625,2054.89990234375,2006.300048828125,2030.5,1510.5394287109375,251951,HEROMOTOCO,Consumer Cyclical,Auto Manufacturers,N/A,EQUITY,0.0207,3.4,1.464,187.32,0.024223621757878167
2013-10-04,2042.949951171875,2059.89990234375,2020.050048828125,2033.199951171875,1512.548095703125,292219,HEROMOTOCO,Consumer Cyclical,Auto Manufacturers,N/A,EQUITY,0.0207,3.4,1.464,187.32,0.01972716148233197
2013-10-07,2020.0,2066.39990234375,2010.0,2040.800048828125,1518.2017822265625,231408,HEROMOTOCO,Consumer Cyclical,Auto Manufacturers,N/A,EQUITY,0.0207,3.4,1.464,187.32,0.02805965290733831
2013-10-08,2047.949951171875,2062.60009765625,2014.0,2020.550048828125,1503.13720703125,183168,HEROMOTOCO,Consumer Cyclical,Auto Manufacturers,N/A,EQUITY,0.0207,3.4,1.464,187.32,0.0241311309117428
2013-10-09,2001.050048828125,2070.0,2001.050048828125,2061.0,1533.2291259765625,263423,HEROMOTOCO,Consumer Cyclical,Auto Manufacturers,N/A,EQUITY,0.0207,3.4,1.464,187.32,0.03445688488014288
2013-10-10,2070.25,2090.0,2038.050048828125,2048.89990234375,1524.2275390625,279505,HEROMOTOCO,Consumer Cyclical,Auto Manufacturers,N/A,EQUITY,0.0207,3.4,1.464,187.32,0.025490027196214404
2013-10-11,2060.0,2085.0,2050.0,2078.800048828125,1546.4710693359375,207821,HEROMOTOCO,Consumer Cyclical,Auto Manufacturers,N/A,EQUITY,0.0207,3.4,1.464,187.32,0.01707317073170732
2013-10-14,2074.89990234375,2108.5,2060.699951171875,2097.10009765625,1560.084716796875,355570,HEROMOTOCO,Consumer Cyclical,Auto Manufacturers,N/A,EQUITY,0.0207,3.4,1.464,187.32,0.023196025603311222
2013-10-15,2104.949951171875,2116.949951171875,2010.5999755859375,2051.050048828125,1525.826904296875,299053,HEROMOTOCO,Consumer Cyclical,Auto Manufacturers,N/A,EQUITY,0.0207,3.4,1.464,187.32,0.052894646810559394
2013-10-17,2053.25,2085.0,2051.10009765625,2073.050048828125,1542.193603515625,317648,HEROMOTOCO,Consumer Cyclical,Auto Manufacturers,N/A,EQUITY,0.0207,3.4,1.464,187.32,0.016527668436312162
2013-10-18,2076.300048828125,2115.0,2065.550048828125,2097.10009765625,1560.084716796875,453091,HEROMOTOCO,Consumer Cyclical,Auto Manufacturers,N/A,EQUITY,0.0207,3.4,1.464,187.32,0.023940330663945943
2013-10-21,2102.949951171875,2115.050048828125,2090.199951171875,2099.800048828125,1562.093505859375,383701,HEROMOTOCO,Consumer Cyclical,Auto Manufacturers,N/A,EQUITY,0.0207,3.4,1.464,187.32,0.011888861466252423
2013-10-22,2092.0,2098.89990234375,2055.0,2066.89990234375,1537.618408203125,162911,HEROMOTOCO,Consumer Cyclical,Auto Manufacturers,N/A,EQUITY,0.0207,3.4,1.464,187.32,0.021362482892335766
2013-10-23,2071.0,2105.35009765625,2035.699951171875,2084.85009765625,1550.9716796875,455285,HEROMOTOCO,Consumer Cyclical,Auto Manufacturers,N/A,EQUITY,0.0207,3.4,1.464,187.32,0.03421434796630027
2013-10-24,2070.14990234375,2130.0,2070.14990234375,2082.449951171875,1549.1861572265625,457575,HEROMOTOCO,Consumer Cyclical,Auto Manufacturers,N/A,EQUITY,0.0207,3.4,1.464,187.32,0.028910997019341377
2013-10-25,2084.64990234375,2094.800048828125,2020.8499755859375,2035.4000244140625,1514.1844482421875,244819,HEROMOTOCO,Consumer Cyclical,Auto Manufacturers,N/A,EQUITY,0.0207,3.4,1.464,187.32,0.036593549316171266
2013-10-28,2040.0999755859375,2061.949951171875,1994.1500244140625,2002.550048828125,1489.74658203125,189905,HEROMOTOCO,Consumer Cyclical,Auto Manufacturers,N/A,EQUITY,0.0207,3.4,1.464,187.32,0.03399941124175651
2013-10-29,2000.0,2082.0,1991.0,2061.949951171875,1533.935791015625,304271,HEROMOTOCO,Consumer Cyclical,Auto Manufacturers,N/A,EQUITY,0.0207,3.4,1.464,187.32,0.045705675539929685
2013-10-30,2065.0,2079.60009765625,2043.6500244140625,2075.10009765625,1543.71875,194154,HEROMOTOCO,Consumer Cyclical,Auto Manufacturers,N/A,EQUITY,0.0207,3.4,1.464,187.32,0.017591110421411215
2013-10-31,2065.050048828125,2092.60009765625,2062.550048828125,2078.39990234375,1546.17333984375,369347,HEROMOTOCO,Consumer Cyclical,Auto Manufacturers,N/A,EQUITY,0.0207,3.4,1.464,187.32,0.01456936710224243
2013-11-01,2082.0,2150.0,2082.0,2101.60009765625,1563.43212890625,565276,HEROMOTOCO,Consumer Cyclical,Auto Manufacturers,N/A,EQUITY,0.0207,3.4,1.464,187.32,0.03266090297790586
2013-11-05,2118.0,2121.0,2064.0,2093.25,1557.2208251953125,191658,HEROMOTOCO,Consumer Cyclical,Auto Manufacturers,N/A,EQUITY,0.0207,3.4,1.464,187.32,0.027616279069767442
2013-11-06,2094.25,2131.0,2080.0,2107.0,1567.449462890625,228990,HEROMOTOCO,Consumer Cyclical,Auto Manufacturers,N/A,EQUITY,0.0207,3.4,1.464,187.32,0.02451923076923077
2013-11-07,2107.5,2133.0,2090.0,2112.699951171875,1571.6904296875,217893,HEROMOTOCO,Consumer Cyclical,Auto Manufacturers,N/A,EQUITY,0.0207,3.4,1.464,187.32,0.02057416267942584
2013-11-08,2114.699951171875,2114.699951171875,2078.050048828125,2092.5,1556.6624755859375,350022,HEROMOTOCO,Consumer Cyclical,Auto Manufacturers,N/A,EQUITY,0.0207,3.4,1.464,187.32,0.01763667933042228
2013-11-11,2072.0,2100.0,2035.0,2054.300048828125,1528.2449951171875,289656,HEROMOTOCO,Consumer Cyclical,Auto Manufacturers,N/A,EQUITY,0.0207,3.4,1.464,187.32,0.03194103194103194
2013-11-12,2050.0,2056.60009765625,2026.800048828125,2035.949951171875,1514.593994140625,200194,HEROMOTOCO,Consumer Cyclical,Auto Manufacturers,N/A,EQUITY,0.0207,3.4,1.464,187.32,0.014703003804127143
2013-11-13,2036.0,2054.949951171875,1998.0,2001.5999755859375,1489.0396728515625,238186,HEROMOTOCO,Consumer Cyclical,Auto Manufacturers,N/A,EQUITY,0.0207,3.4,1.464,187.32,0.0285034790650025
2013-11-14,2012.0,2059.0,2000.550048828125,2049.050048828125,1524.339111328125,151017,HEROMOTOCO,Consumer Cyclical,Auto Manufacturers,N/A,EQUITY,0.0207,3.4,1.464,187.32,0.029216940214074425
2013-11-18,2068.0,2069.0,2042.5,2055.14990234375,1528.876953125,376242,HEROMOTOCO,Consumer Cyclical,Auto Manufacturers,N/A,EQUITY,0.0207,3.4,1.464,187.32,0.012974296205630355
2013-11-19,2050.0,2070.0,2050.0,2059.85009765625,1532.37353515625,368385,HEROMOTOCO,Consumer Cyclical,Auto Manufacturers,N/A,EQUITY,0.0207,3.4,1.464,187.32,0.00975609756097561
2013-11-20,2064.800048828125,2064.89990234375,2002.0,2012.5,1497.148681640625,240399,HEROMOTOCO,Consumer Cyclical,Auto Manufacturers,N/A,EQUITY,0.0207,3.4,1.464,187.32,0.03141853263923577
2013-11-21,2004.0,2026.800048828125,1990.0,1996.75,1485.4320068359375,328115,HEROMOTOCO,Consumer Cyclical,Auto Manufacturers,N/A,EQUITY,0.0207,3.4,1.464,187.32,0.01849248684830402
2013-11-22,2000.0,2011.4000244140625,1967.0,1975.6500244140625,1469.7349853515625,551204,HEROMOTOCO,Consumer Cyclical,Auto Manufacturers,N/A,EQUITY,0.0207,3.4,1.464,187.32,0.022572457760072447
2013-11-25,1989.0,2036.0,1989.0,2026.3499755859375,1507.4521484375,313430,HEROMOTOCO,Consumer Cyclical,Auto Manufacturers,N/A,EQUITY,0.0207,3.4,1.464,187.32,0.023629964806435394
2013-11-26,2033.0,2053.0,2004.949951171875,2045.949951171875,1522.032958984375,557564,HEROMOTOCO,Consumer Cyclical,Auto Manufacturers,N/A,EQUITY,0.0207,3.4,1.464,187.32,0.023965709867241416
2013-11-27,2048.0,2064.949951171875,2025.8499755859375,2051.89990234375,1526.4591064453125,260731,HEROMOTOCO,Consumer Cyclical,Auto Manufacturers,N/A,EQUITY,0.0207,3.4,1.464,187.32,0.019300528695185632
2013-11-28,2059.949951171875,2081.949951171875,2047.0,2059.25,1531.9271240234375,703532,HEROMOTOCO,Consumer Cyclical,Auto Manufacturers,N/A,EQUITY,0.0207,3.4,1.464,187.32,0.017073742634037617
2013-11-29,2061.449951171875,2080.0,2040.0,2052.949951171875,1527.2403564453125,176816,HEROMOTOCO,Consumer Cyclical,Auto Manufacturers,N/A,EQUITY,0.0207,3.4,1.464,187.32,0.0196078431372549
2013-12-02,2050.0,2089.949951171875,2028.300048828125,2063.800048828125,1535.3121337890625,348151,HEROMOTOCO,Consumer Cyclical,Auto Manufacturers,N/A,EQUITY,0.0207,3.4,1.464,187.32,0.030394863116711444
2013-12-03,2063.0,2079.89990234375,2032.5,2050.39990234375,1525.3433837890625,176090,HEROMOTOCO,Consumer Cyclical,Auto Manufacturers,N/A,EQUITY,0.0207,3.4,1.464,187.32,0.02332098516297663
2013-12-04,2048.0,2066.25,2022.0,2031.699951171875,1511.43212890625,182977,HEROMOTOCO,Consumer Cyclical,Auto Manufacturers,N/A,EQUITY,0.0207,3.4,1.464,187.32,0.02188427299703264
2013-12-05,2051.0,2068.89990234375,2040.0,2050.5,1525.41796875,167351,HEROMOTOCO,Consumer Cyclical,Auto Manufacturers,N/A,EQUITY,0.0207,3.4,1.464,187.32,0.014166618795955882
2013-12-06,2059.0,2118.0,2059.0,2095.10009765625,1558.5970458984375,361042,HEROMOTOCO,Consumer Cyclical,Auto Manufacturers,N/A,EQUITY,0.0207,3.4,1.464,187.32,0.028654686741136474
2013-12-09,2130.0,2147.75,2100.5,2123.199951171875,1579.5010986328125,405152,HEROMOTOCO,Consumer Cyclical,Auto Manufacturers,N/A,EQUITY,0.0207,3.4,1.464,187.32,0.02249464413234944
2013-12-10,2125.0,2209.800048828125,2112.39990234375,2200.050048828125,1636.6719970703125,620989,HEROMOTOCO,Consumer Cyclical,Auto Manufacturers,N/A,EQUITY,0.0207,3.4,1.464,187.32,0.04610876301230065
2013-12-11,2200.050048828125,2209.949951171875,2150.0,2162.75,1608.9234619140625,391058,HEROMOTOCO,Consumer Cyclical,Auto Manufacturers,N/A,EQUITY,0.0207,3.4,1.464,187.32,0.027883698219476744
2013-12-12,2156.64990234375,2163.050048828125,2118.300048828125,2124.39990234375,1580.3939208984375,243761,HEROMOTOCO,Consumer Cyclical,Auto Manufacturers,N/A,EQUITY,0.0207,3.4,1.464,187.32,0.02112543028300281
2013-12-13,2120.10009765625,2133.39990234375,2055.300048828125,2060.949951171875,1533.1917724609375,324205,HEROMOTOCO,Consumer Cyclical,Auto Manufacturers,N/A,EQUITY,0.0207,3.4,1.464,187.32,0.03799924665994893
2013-12-16,2060.0,2065.0,2031.8499755859375,2043.4000244140625,1520.1357421875,531098,HEROMOTOCO,Consumer Cyclical,Auto Manufacturers,N/A,EQUITY,0.0207,3.4,1.464,187.32,0.016315192958329918
2013-12-17,2053.699951171875,2082.5,2033.0,2054.89990234375,1528.6912841796875,458674,HEROMOTOCO,Consumer Cyclical,Auto Manufacturers,N/A,EQUITY,0.0207,3.4,1.464,187.32,0.024348253812100346
2013-12-18,2074.89990234375,2141.35009765625,2045.0999755859375,2124.0,1580.0965576171875,441620,HEROMOTOCO,Consumer Cyclical,Auto Manufacturers,N/A,EQUITY,0.0207,3.4,1.464,187.32,0.04706377351686001
2013-12-19,2126.0,2129.10009765625,2071.0,2083.5,1549.9674072265625,240612,HEROMOTOCO,Consumer Cyclical,Auto Manufacturers,N/A,EQUITY,0.0207,3.4,1.464,187.32,0.028054127308667312
2013-12-20,2080.0,2134.0,2061.64990234375,2129.25,1584.0020751953125,259407,HEROMOTOCO,Consumer Cyclical,Auto Manufacturers,N/A,EQUITY,0.0207,3.4,1.464,187.32,0.035093299582048376
2013-12-23,2129.949951171875,2169.699951171875,2128.5,2162.89990234375,1609.0347900390625,209552,HEROMOTOCO,Consumer Cyclical,Auto Manufacturers,N/A,EQUITY,0.0207,3.4,1.464,187.32,0.019356331299917783
2013-12-24,2162.0,2162.10009765625,2125.949951171875,2130.699951171875,1585.0804443359375,185214,HEROMOTOCO,Consumer Cyclical,Auto Manufacturers,N/A,EQUITY,0.0207,3.4,1.464,187.32,0.01700423213841331
2013-12-26,2152.0,2152.0,2090.0,2098.0,1560.7540283203125,478556,HEROMOTOCO,Consumer Cyclical,Auto Manufacturers,N/A,EQUITY,0.0207,3.4,1.464,187.32,0.02966507177033493
2013-12-27,2097.0,2109.89990234375,2081.0,2087.199951171875,1552.719970703125,158731,HEROMOTOCO,Consumer Cyclical,Auto Manufacturers,N/A,EQUITY,0.0207,3.4,1.464,187.32,0.013887507132988948
2013-12-30,2107.0,2107.0,2053.800048828125,2068.25,1538.62255859375,168075,HEROMOTOCO,Consumer Cyclical,Auto Manufacturers,N/A,EQUITY,0.0207,3.4,1.464,187.32,0.025903179426950685
2013-12-31,2075.0,2087.89990234375,2066.5,2075.300048828125,1543.8675537109375,130565,HEROMOTOCO,Consumer Cyclical,Auto Manufacturers,N/A,EQUITY,0.0207,3.4,1.464,187.32,0.010355626587829663
2014-01-01,2083.0,2101.449951171875,2061.85009765625,2085.85009765625,1551.7154541015625,93575,HEROMOTOCO,Consumer Cyclical,Auto Manufacturers,N/A,EQUITY,0.0207,3.4,1.464,187.32,0.01920598086186722
2014-01-02,2089.0,2104.0,2071.300048828125,2080.550048828125,1547.7728271484375,100402,HEROMOTOCO,Consumer Cyclical,Auto Manufacturers,N/A,EQUITY,0.0207,3.4,1.464,187.32,0.01578716284508156
2014-01-03,2075.050048828125,2119.0,2055.0,2101.050048828125,1563.0234375,310195,HEROMOTOCO,Consumer Cyclical,Auto Manufacturers,N/A,EQUITY,0.0207,3.4,1.464,187.32,0.031143552311435525
2014-01-06,2101.050048828125,2101.050048828125,2061.10009765625,2068.89990234375,1539.1058349609375,254511,HEROMOTOCO,Consumer Cyclical,Auto Manufacturers,N/A,EQUITY,0.0207,3.4,1.464,187.32,0.019382829207229432
2014-01-07,2071.10009765625,2095.64990234375,2055.800048828125,2069.0,1539.180419921875,257093,HEROMOTOCO,Consumer Cyclical,Auto Manufacturers,N/A,EQUITY,0.0207,3.4,1.464,187.32,0.019384109626002174
2014-01-08,2075.0,2089.60009765625,2057.0,2064.64990234375,1535.9443359375,262835,HEROMOTOCO,Consumer Cyclical,Auto Manufacturers,N/A,EQUITY,0.0207,3.4,1.464,187.32,0.015848370275279532
2014-01-09,2069.449951171875,2080.0,2059.39990234375,2068.300048828125,1538.65966796875,128253,HEROMOTOCO,Consumer Cyclical,Auto Manufacturers,N/A,EQUITY,0.0207,3.4,1.464,187.32,0.010002961364038892
2014-01-10,2063.050048828125,2073.699951171875,2032.0,2039.0999755859375,1516.9373779296875,252477,HEROMOTOCO,Consumer Cyclical,Auto Manufacturers,N/A,EQUITY,0.0207,3.4,1.464,187.32,0.020521629513718012
2014-01-13,2032.050048828125,2049.949951171875,2021.0,2037.0,1515.375,257418,HEROMOTOCO,Consumer Cyclical,Auto Manufacturers,N/A,EQUITY,0.0207,3.4,1.464,187.32,0.014324567625865908
2014-01-14,2036.0,2049.800048828125,2026.449951171875,2037.199951171875,1515.523681640625,198930,HEROMOTOCO,Consumer Cyclical,Auto Manufacturers,N/A,EQUITY,0.0207,3.4,1.464,187.32,0.011522661905736621
2014-01-15,2040.0999755859375,2096.89990234375,2040.0999755859375,2073.5,1542.528076171875,198099,HEROMOTOCO,Consumer Cyclical,Auto Manufacturers,N/A,EQUITY,0.0207,3.4,1.464,187.32,0.02784173689404559
2014-01-16,2076.25,2108.949951171875,2065.25,2076.64990234375,1544.871337890625,240797,HEROMOTOCO,Consumer Cyclical,Auto Manufacturers,N/A,EQUITY,0.0207,3.4,1.464,187.32,0.021159642257293308
2014-01-17,2078.85009765625,2098.0,2066.0,2075.75,1544.2017822265625,191608,HEROMOTOCO,Consumer Cyclical,Auto Manufacturers,N/A,EQUITY,0.0207,3.4,1.464,187.32,0.015488867376573089
2014-01-20,2080.0,2102.0,2056.10009765625,2086.0,1551.8271484375,294083,HEROMOTOCO,Consumer Cyclical,Auto Manufacturers,N/A,EQUITY,0.0207,3.4,1.464,187.32,0.02232376837882131
2014-01-21,2091.10009765625,2104.0,2065.0,2068.050048828125,1538.4739990234375,178068,HEROMOTOCO,Consumer Cyclical,Auto Manufacturers,N/A,EQUITY,0.0207,3.4,1.464,187.32,0.018886198547215495
2014-01-22,2071.0,2072.5,2050.0,2059.89990234375,1532.4110107421875,220535,HEROMOTOCO,Consumer Cyclical,Auto Manufacturers,N/A,EQUITY,0.0207,3.4,1.464,187.32,0.01097560975609756
2014-01-23,2065.0,2069.0,2051.0,2053.60009765625,1527.7242431640625,150469,HEROMOTOCO,Consumer Cyclical,Auto Manufacturers,N/A,EQUITY,0.0207,3.4,1.464,187.32,0.008776206728425159
2014-01-24,2049.0,2062.14990234375,2022.5,2036.6500244140625,1515.114501953125,271283,HEROMOTOCO,Consumer Cyclical,Auto Manufacturers,N/A,EQUITY,0.0207,3.4,1.464,187.32,0.01960440165327565
2014-01-27,2029.699951171875,2035.5,2007.449951171875,2016.75,1500.310302734375,574374,HEROMOTOCO,Consumer Cyclical,Auto Manufacturers,N/A,EQUITY,0.0207,3.4,1.464,187.32,0.013972975421753563
2014-01-28,2014.699951171875,2031.0,1987.0,2013.1500244140625,1497.63232421875,222697,HEROMOTOCO,Consumer Cyclical,Auto Manufacturers,N/A,EQUITY,0.0207,3.4,1.464,187.32,0.02214393558127831
2014-01-29,2015.0999755859375,2080.0,2015.0999755859375,2071.5,1541.04052734375,273137,HEROMOTOCO,Consumer Cyclical,Auto Manufacturers,N/A,EQUITY,0.0207,3.4,1.464,187.32,0.03220685087606698
2014-01-30,2094.0,2094.0,1980.050048828125,1998.0999755859375,1486.436279296875,728691,HEROMOTOCO,Consumer Cyclical,Auto Manufacturers,N/A,EQUITY,0.0207,3.4,1.464,187.32,0.05754902571241331
2014-01-31,1965.0,2027.800048828125,1953.25,1969.199951171875,1464.9366455078125,763748,HEROMOTOCO,Consumer Cyclical,Auto Manufacturers,N/A,EQUITY,0.0207,3.4,1.464,187.32,0.03816718230033278
2014-02-03,1972.0,2003.0,1951.0,1962.0,1459.58056640625,138027,HEROMOTOCO,Consumer Cyclical,Auto Manufacturers,N/A,EQUITY,0.0207,3.4,1.464,187.32,0.02665299846232701
2014-02-04,1950.0,2007.0999755859375,1939.199951171875,1986.0999755859375,1477.5089111328125,304380,HEROMOTOCO,Consumer Cyclical,Auto Manufacturers,N/A,EQUITY,0.0207,3.4,1.464,187.32,0.03501445241530144
2014-02-05,1994.800048828125,1999.0,1970.0,1988.199951171875,1479.0714111328125,193619,HEROMOTOCO,Consumer Cyclical,Auto Manufacturers,N/A,EQUITY,0.0207,3.4,1.464,187.32,0.014720812182741117
2014-02-06,1995.25,2001.9000244140625,1959.8499755859375,1984.199951171875,1476.095703125,221073,HEROMOTOCO,Consumer Cyclical,Auto Manufacturers,N/A,EQUITY,0.0207,3.4,1.464,187.32,0.021455748833812276
2014-02-07,2000.0,2011.300048828125,1984.5999755859375,2005.5,1491.9412841796875,192251,HEROMOTOCO,Consumer Cyclical,Auto Manufacturers,N/A,EQUITY,0.0207,3.4,1.464,187.32,0.013453629734276558
2014-02-10,1999.0,2019.9000244140625,1985.0999755859375,1999.75,1487.6636962890625,58916,HEROMOTOCO,Consumer Cyclical,Auto Manufacturers,N/A,EQUITY,0.0207,3.4,1.464,187.32,0.017530627805208223
2014-02-11,2005.0999755859375,2007.6500244140625,1960.0,1961.800048828125,1459.4317626953125,327816,HEROMOTOCO,Consumer Cyclical,Auto Manufacturers,N/A,EQUITY,0.0207,3.4,1.464,187.32,0.024311236945950256
2014-02-12,1970.0999755859375,1986.0,1966.0,1974.8499755859375,1469.139892578125,105852,HEROMOTOCO,Consumer Cyclical,Auto Manufacturers,N/A,EQUITY,0.0207,3.4,1.464,187.32,0.01017293997965412
2014-02-13,1981.25,1989.0,1960.0,1967.5,1463.6724853515625,135293,HEROMOTOCO,Consumer Cyclical,Auto Manufacturers,N/A,EQUITY,0.0207,3.4,1.464,187.32,0.01479591836734694
2014-02-14,1964.25,1995.5999755859375,1912.199951171875,1937.300048828125,1441.2056884765625,309792,HEROMOTOCO,Consumer Cyclical,Auto Manufacturers,N/A,EQUITY,0.0207,3.4,1.464,187.32,0.04361469853764588
2014-02-17,1945.1500244140625,2014.949951171875,1918.0999755859375,1972.75,1467.57763671875,505396,HEROMOTOCO,Consumer Cyclical,Auto Manufacturers,N/A,EQUITY,0.0207,3.4,1.464,187.32,0.050492662957441495
2014-02-18,1985.0,1997.699951171875,1973.300048828125,1979.4000244140625,1472.525146484375,270533,HEROMOTOCO,Consumer Cyclical,Auto Manufacturers,N/A,EQUITY,0.0207,3.4,1.464,187.32,0.012365023939588033
2014-02-19,1995.0,1995.0,1940.0,1944.25,1446.3758544921875,328560,HEROMOTOCO,Consumer Cyclical,Auto Manufacturers,N/A,EQUITY,0.0207,3.4,1.464,187.32,0.028350515463917526
2014-02-20,1939.0,1956.0,1910.199951171875,1925.949951171875,1432.76220703125,390662,HEROMOTOCO,Consumer Cyclical,Auto Manufacturers,N/A,EQUITY,0.0207,3.4,1.464,187.32,0.023976573133104445
2014-02-21,1928.0,1939.5999755859375,1907.0999755859375,1919.1500244140625,1427.703369140625,238617,HEROMOTOCO,Consumer Cyclical,Auto Manufacturers,N/A,EQUITY,0.0207,3.4,1.464,187.32,0.01704158167692006
2014-02-24,1917.0,1952.5,1917.0,1949.5,1450.2813720703125,100530,HEROMOTOCO,Consumer Cyclical,Auto Manufacturers,N/A,EQUITY,0.0207,3.4,1.464,187.32,0.018518518518518517
2014-02-25,1952.0,1957.1500244140625,1930.300048828125,1950.050048828125,1450.690673828125,141492,HEROMOTOCO,Consumer Cyclical,Auto Manufacturers,N/A,EQUITY,0.0207,3.4,1.464,187.32,0.013909741960706046
2014-02-26,1950.0,1981.0,1936.0999755859375,1975.199951171875,1469.4002685546875,298439,HEROMOTOCO,Consumer Cyclical,Auto Manufacturers,N/A,EQUITY,0.0207,3.4,1.464,187.32,0.02319096378299062
2014-02-28,1988.0,1993.800048828125,1940.0,1967.1500244140625,1463.4119873046875,338357,HEROMOTOCO,Consumer Cyclical,Auto Manufacturers,N/A,EQUITY,0.0207,3.4,1.464,187.32,0.027731983932023196
2014-03-03,1950.0,1966.3499755859375,1950.0,1956.3499755859375,1455.37744140625,130003,HEROMOTOCO,Consumer Cyclical,Auto Manufacturers,N/A,EQUITY,0.0207,3.4,1.464,187.32,0.008384602864583333
2014-03-04,1946.0,1984.8499755859375,1939.0,1976.9000244140625,1470.6649169921875,193844,HEROMOTOCO,Consumer Cyclical,Auto Manufacturers,N/A,EQUITY,0.0207,3.4,1.464,187.32,0.023646196795223052
2014-03-05,1981.0999755859375,1984.6500244140625,1958.0999755859375,1974.300048828125,1468.730712890625,296277,HEROMOTOCO,Consumer Cyclical,Auto Manufacturers,N/A,EQUITY,0.0207,3.4,1.464,187.32,0.013559087461905628
2014-03-06,1974.0999755859375,2016.5,1970.1500244140625,2011.9000244140625,1496.7022705078125,282513,HEROMOTOCO,Consumer Cyclical,Auto Manufacturers,N/A,EQUITY,0.0207,3.4,1.464,187.32,0.023526114768707695
2014-03-07,2011.8499755859375,2057.0,1986.6500244140625,2008.949951171875,1494.507568359375,539118,HEROMOTOCO,Consumer Cyclical,Auto Manufacturers,N/A,EQUITY,0.0207,3.4,1.464,187.32,0.03541135817652953
2014-03-10,2008.8499755859375,2029.0,1985.6500244140625,2015.949951171875,1499.71533203125,427991,HEROMOTOCO,Consumer Cyclical,Auto Manufacturers,N/A,EQUITY,0.0207,3.4,1.464,187.32,0.02183162946790156
2014-03-11,2025.25,2035.0,1999.0,2019.449951171875,1502.3189697265625,381222,HEROMOTOCO,Consumer Cyclical,Auto Manufacturers,N/A,EQUITY,0.0207,3.4,1.464,187.32,0.018009004502251125
2014-03-12,2019.0,2067.0,2019.0,2061.60009765625,1533.67578125,542869,HEROMOTOCO,Consumer Cyclical,Auto Manufacturers,N/A,EQUITY,0.0207,3.4,1.464,187.32,0.0237741456166419
2014-03-13,2066.10009765625,2113.699951171875,2066.10009765625,2100.449951171875,1562.5767822265625,594324,HEROMOTOCO,Consumer Cyclical,Auto Manufacturers,N/A,EQUITY,0.0207,3.4,1.464,187.32,0.02303850310525685
2014-03-14,2105.0,2140.60009765625,2076.64990234375,2124.35009765625,1580.3568115234375,424481,HEROMOTOCO,Consumer Cyclical,Auto Manufacturers,N/A,EQUITY,0.0207,3.4,1.464,187.32,0.030794885185184313
2014-03-18,2126.0,2148.39990234375,2084.0,2132.050048828125,1586.0849609375,552277,HEROMOTOCO,Consumer Cyclical,Auto Manufacturers,N/A,EQUITY,0.0207,3.4,1.464,187.32,0.030902064464371402
2014-03-19,2141.0,2149.449951171875,2103.5,2113.85009765625,1572.5458984375,168101,HEROMOTOCO,Consumer Cyclical,Auto Manufacturers,N/A,EQUITY,0.0207,3.4,1.464,187.32,0.02184452159347516
2014-03-20,2115.0,2124.60009765625,2068.5,2104.60009765625,1565.6644287109375,314133,HEROMOTOCO,Consumer Cyclical,Auto Manufacturers,N/A,EQUITY,0.0207,3.4,1.464,187.32,0.027121149459149143
2014-03-21,2111.0,2115.550048828125,2057.0,2068.14990234375,1538.5478515625,447080,HEROMOTOCO,Consumer Cyclical,Auto Manufacturers,N/A,EQUITY,0.0207,3.4,1.464,187.32,0.028463805944640253
2014-03-24,2066.199951171875,2122.949951171875,2065.949951171875,2120.0,1577.1204833984375,164681,HEROMOTOCO,Consumer Cyclical,Auto Manufacturers,N/A,EQUITY,0.0207,3.4,1.464,187.32,0.02759021338714799
2014-03-25,2117.0,2195.0,2112.5,2190.199951171875,1629.3443603515625,302799,HEROMOTOCO,Consumer Cyclical,Auto Manufacturers,N/A,EQUITY,0.0207,3.4,1.464,187.32,0.03905325443786982
2014-03-26,2197.0,2204.550048828125,2142.10009765625,2180.699951171875,1622.277099609375,448128,HEROMOTOCO,Consumer Cyclical,Auto Manufacturers,N/A,EQUITY,0.0207,3.4,1.464,187.32,0.02915361016051667
2014-03-27,2190.0,2274.0,2162.300048828125,2250.300048828125,1674.0543212890625,846751,HEROMOTOCO,Consumer Cyclical,Auto Manufacturers,N/A,EQUITY,0.0207,3.4,1.464,187.32,0.05165793305716829
2014-03-28,2259.0,2259.89990234375,2214.0,2253.25,1676.2491455078125,309081,HEROMOTOCO,Consumer Cyclical,Auto Manufacturers,N/A,EQUITY,0.0207,3.4,1.464,187.32,0.020731663208559167
2014-03-31,2263.89990234375,2300.0,2240.5,2274.800048828125,1692.2802734375,225297,HEROMOTOCO,Consumer Cyclical,Auto Manufacturers,N/A,EQUITY,0.0207,3.4,1.464,187.32,0.026556572193706763
2014-04-01,2274.800048828125,2284.75,2241.64990234375,2250.0,1673.831298828125,153888,HEROMOTOCO,Consumer Cyclical,Auto Manufacturers,N/A,EQUITY,0.0207,3.4,1.464,187.32,0.01922695315231287
2014-04-02,2270.0,2284.199951171875,2243.64990234375,2249.949951171875,1673.793701171875,196369,HEROMOTOCO,Consumer Cyclical,Auto Manufacturers,N/A,EQUITY,0.0207,3.4,1.464,187.32,0.018073251439881872
2014-04-03,2264.89990234375,2264.89990234375,2234.85009765625,2250.60009765625,1674.2772216796875,236571,HEROMOTOCO,Consumer Cyclical,Auto Manufacturers,N/A,EQUITY,0.0207,3.4,1.464,187.32,0.01344600459736162
2014-04-04,2260.0,2260.0,2226.0,2250.89990234375,1674.5006103515625,166460,HEROMOTOCO,Consumer Cyclical,Auto Manufacturers,N/A,EQUITY,0.0207,3.4,1.464,187.32,0.015274034141958671
2014-04-07,2250.0,2254.14990234375,2214.0,2239.35009765625,1665.907958984375,371497,HEROMOTOCO,Consumer Cyclical,Auto Manufacturers,N/A,EQUITY,0.0207,3.4,1.464,187.32,0.01813455390413279
2014-04-09,2254.0,2254.0,2209.050048828125,2244.300048828125,1669.590576171875,394670,HEROMOTOCO,Consumer Cyclical,Auto Manufacturers,N/A,EQUITY,0.0207,3.4,1.464,187.32,0.020348090888986613
2014-04-10,2247.0,2254.89990234375,2200.0,2207.449951171875,1642.177001953125,427407,HEROMOTOCO,Consumer Cyclical,Auto Manufacturers,N/A,EQUITY,0.0207,3.4,1.464,187.32,0.02495450106534091
2014-04-11,2207.39990234375,2211.0,2164.699951171875,2174.050048828125,1617.330078125,286567,HEROMOTOCO,Consumer Cyclical,Auto Manufacturers,N/A,EQUITY,0.0207,3.4,1.464,187.32,0.021388668116826146
2014-04-15,2174.050048828125,2233.550048828125,2123.050048828125,2220.35009765625,1651.773681640625,305932,HEROMOTOCO,Consumer Cyclical,Auto Manufacturers,N/A,EQUITY,0.0207,3.4,1.464,187.32,0.052047760278187256
2014-04-16,2225.0,2246.5,2161.949951171875,2168.39990234375,1613.12646484375,229148,HEROMOTOCO,Consumer Cyclical,Auto Manufacturers,N/A,EQUITY,0.0207,3.4,1.464,187.32,0.039108235961843166
2014-04-17,2170.0,2225.0,2165.699951171875,2218.85009765625,1650.6575927734375,157821,HEROMOTOCO,Consumer Cyclical,Auto Manufacturers,N/A,EQUITY,0.0207,3.4,1.464,187.32,0.027381470270633444
2014-04-21,2201.0,2248.10009765625,2201.0,2245.050048828125,1670.148681640625,182444,HEROMOTOCO,Consumer Cyclical,Auto Manufacturers,N/A,EQUITY,0.0207,3.4,1.464,187.32,0.021399408294525215
2014-04-22,2250.0,2274.0,2236.050048828125,2266.5,1686.1055908203125,187491,HEROMOTOCO,Consumer Cyclical,Auto Manufacturers,N/A,EQUITY,0.0207,3.4,1.464,187.32,0.01697187019215599
2014-04-23,2264.0,2296.0,2227.14990234375,2256.14990234375,1678.4058837890625,322006,HEROMOTOCO,Consumer Cyclical,Auto Manufacturers,N/A,EQUITY,0.0207,3.4,1.464,187.32,0.03091399352319991
2014-04-24,2256.14990234375,2256.14990234375,2256.14990234375,2256.14990234375,1678.4058837890625,0,HEROMOTOCO,Consumer Cyclical,Auto Manufacturers,N/A,EQUITY,0.0207,3.4,1.464,187.32,0.0
2014-04-25,2270.0,2274.85009765625,2195.050048828125,2200.14990234375,1636.74609375,196880,HEROMOTOCO,Consumer Cyclical,Auto Manufacturers,N/A,EQUITY,0.0207,3.4,1.464,187.32,0.03635454638983197
2014-04-28,2197.60009765625,2212.89990234375,2155.199951171875,2161.10009765625,1607.696044921875,163998,HEROMOTOCO,Consumer Cyclical,Auto Manufacturers,N/A,EQUITY,0.0207,3.4,1.464,187.32,0.026772435263141617
2014-04-29,2163.39990234375,2174.300048828125,2140.0,2145.199951171875,1595.8671875,135445,HEROMOTOCO,Consumer Cyclical,Auto Manufacturers,N/A,EQUITY,0.0207,3.4,1.464,187.32,0.01602806020005841
2014-04-30,2148.050048828125,2217.800048828125,2148.050048828125,2200.35009765625,1636.8953857421875,341315,HEROMOTOCO,Consumer Cyclical,Auto Manufacturers,N/A,EQUITY,0.0207,3.4,1.464,187.32,0.03247131045110067
2014-05-02,2222.0,2224.949951171875,2193.0,2198.64990234375,1635.63037109375,128584,HEROMOTOCO,Consumer Cyclical,Auto Manufacturers,N/A,EQUITY,0.0207,3.4,1.464,187.32,0.014569061181885544
2014-05-05,2196.35009765625,2217.60009765625,2184.0,2208.10009765625,1642.66064453125,118964,HEROMOTOCO,Consumer Cyclical,Auto Manufacturers,N/A,EQUITY,0.0207,3.4,1.464,187.32,0.015384660099015568
2014-05-06,2193.5,2219.5,2171.5,2182.25,1623.4300537109375,72499,HEROMOTOCO,Consumer Cyclical,Auto Manufacturers,N/A,EQUITY,0.0207,3.4,1.464,187.32,0.02210453603499885
2014-05-07,2184.0,2194.0,2151.0,2158.25,1605.5758056640625,222932,HEROMOTOCO,Consumer Cyclical,Auto Manufacturers,N/A,EQUITY,0.0207,3.4,1.464,187.32,0.0199907019990702
2014-05-08,2141.14990234375,2171.550048828125,2126.39990234375,2130.39990234375,1584.8575439453125,209033,HEROMOTOCO,Consumer Cyclical,Auto Manufacturers,N/A,EQUITY,0.0207,3.4,1.464,187.32,0.02123313984101007
2014-05-09,2122.25,2233.0,2115.050048828125,2217.39990234375,1649.5791015625,216863,HEROMOTOCO,Consumer Cyclical,Auto Manufacturers,N/A,EQUITY,0.0207,3.4,1.464,187.32,0.05576697877065696
2014-05-12,2224.89990234375,2310.0,2222.0,2302.800048828125,1713.110595703125,251737,HEROMOTOCO,Consumer Cyclical,Auto Manufacturers,N/A,EQUITY,0.0207,3.4,1.464,187.32,0.039603960396039604
2014-05-13,2319.0,2443.800048828125,2305.050048828125,2429.0,1806.9937744140625,347393,HEROMOTOCO,Consumer Cyclical,Auto Manufacturers,N/A,EQUITY,0.0207,3.4,1.464,187.32,0.06019392076564227
2014-05-14,2429.0,2488.0,2418.39990234375,2431.0,1808.4813232421875,412324,HEROMOTOCO,Consumer Cyclical,Auto Manufacturers,N/A,EQUITY,0.0207,3.4,1.464,187.32,0.028779399796037983
2014-05-15,2443.0,2464.89990234375,2414.10009765625,2440.800048828125,1815.7716064453125,291788,HEROMOTOCO,Consumer Cyclical,Auto Manufacturers,N/A,EQUITY,0.0207,3.4,1.464,187.32,0.021042957057505373
2014-05-16,2489.949951171875,2787.699951171875,2381.0,2397.64990234375,1783.6712646484375,722965,HEROMOTOCO,Consumer Cyclical,Auto Manufacturers,N/A,EQUITY,0.0207,3.4,1.464,187.32,0.17081056328092187
2014-05-19,2429.89990234375,2472.699951171875,2391.699951171875,2448.39990234375,1821.425537109375,418194,HEROMOTOCO,Consumer Cyclical,Auto Manufacturers,N/A,EQUITY,0.0207,3.4,1.464,187.32,0.03386712449457214
2014-05-20,2410.0,2432.699951171875,2350.0,2362.5,1757.5225830078125,299017,HEROMOTOCO,Consumer Cyclical,Auto Manufacturers,N/A,EQUITY,0.0207,3.4,1.464,187.32,0.03519146858377659
2014-05-21,2380.0,2395.0,2323.300048828125,2340.75,1741.341796875,424068,HEROMOTOCO,Consumer Cyclical,Auto Manufacturers,N/A,EQUITY,0.0207,3.4,1.464,187.32,0.030861253245374195
2014-05-22,2357.0,2386.300048828125,2305.0,2310.300048828125,1718.6895751953125,298720,HEROMOTOCO,Consumer Cyclical,Auto Manufacturers,N/A,EQUITY,0.0207,3.4,1.464,187.32,0.03527117085818872
2014-05-23,2327.0,2361.64990234375,2315.39990234375,2349.199951171875,1747.6280517578125,214013,HEROMOTOCO,Consumer Cyclical,Auto Manufacturers,N/A,EQUITY,0.0207,3.4,1.464,187.32,0.019974951175036202
2014-05-26,2370.0,2371.0,2282.699951171875,2300.449951171875,1711.36181640625,283148,HEROMOTOCO,Consumer Cyclical,Auto Manufacturers,N/A,EQUITY,0.0207,3.4,1.464,187.32,0.03868228445126754
2014-05-27,2280.25,2335.699951171875,2279.35009765625,2314.199951171875,1721.5904541015625,138956,HEROMOTOCO,Consumer Cyclical,Auto Manufacturers,N/A,EQUITY,0.0207,3.4,1.464,187.32,0.024721894882917258
2014-05-28,2300.0,2383.0,2300.0,2347.85009765625,1746.6241455078125,775174,HEROMOTOCO,Consumer Cyclical,Auto Manufacturers,N/A,EQUITY,0.0207,3.4,1.464,187.32,0.03608695652173913
2014-05-29,2350.0,2356.0,2260.5,2344.60009765625,1744.2061767578125,588264,HEROMOTOCO,Consumer Cyclical,Auto Manufacturers,N/A,EQUITY,0.0207,3.4,1.464,187.32,0.042247290422472904
2014-05-30,2326.0,2359.0,2326.0,2345.85009765625,1745.1358642578125,553044,HEROMOTOCO,Consumer Cyclical,Auto Manufacturers,N/A,EQUITY,0.0207,3.4,1.464,187.32,0.014187446259673258
2014-06-02,2348.0,2402.949951171875,2348.0,2385.35009765625,1774.5216064453125,398058,HEROMOTOCO,Consumer Cyclical,Auto Manufacturers,N/A,EQUITY,0.0207,3.4,1.464,187.32,0.023402875286147786
2014-06-03,2415.0,2469.60009765625,2387.0,2461.699951171875,1831.31982421875,430868,HEROMOTOCO,Consumer Cyclical,Auto Manufacturers,N/A,EQUITY,0.0207,3.4,1.464,187.32,0.034604146483556766
2014-06-04,2480.0,2569.0,2444.39990234375,2541.5,1890.684326171875,476392,HEROMOTOCO,Consumer Cyclical,Auto Manufacturers,N/A,EQUITY,0.0207,3.4,1.464,187.32,0.05097369605389871
2014-06-05,2564.949951171875,2596.0,2502.64990234375,2582.199951171875,1920.9627685546875,452569,HEROMOTOCO,Consumer Cyclical,Auto Manufacturers,N/A,EQUITY,0.0207,3.4,1.464,187.32,0.03730050198744417
2014-06-06,2592.0,2700.0,2592.0,2682.75,1995.7646484375,655269,HEROMOTOCO,Consumer Cyclical,Auto Manufacturers,N/A,EQUITY,0.0207,3.4,1.464,187.32,0.041666666666666664
2014-06-09,2694.0,2754.550048828125,2684.199951171875,2724.199951171875,2026.5997314453125,399398,HEROMOTOCO,Consumer Cyclical,Auto Manufacturers,N/A,EQUITY,0.0207,3.4,1.464,187.32,0.026208963168163523
2014-06-10,2721.0,2721.10009765625,2630.0,2665.800048828125,1983.1546630859375,266286,HEROMOTOCO,Consumer Cyclical,Auto Manufacturers,N/A,EQUITY,0.0207,3.4,1.464,187.32,0.03463882040161597
2014-06-11,2640.10009765625,2718.0,2640.10009765625,2705.050048828125,2012.354248046875,443719,HEROMOTOCO,Consumer Cyclical,Auto Manufacturers,N/A,EQUITY,0.0207,3.4,1.464,187.32,0.02950642000767534
2014-06-12,2700.0,2738.35009765625,2682.300048828125,2717.64990234375,2021.7274169921875,320564,HEROMOTOCO,Consumer Cyclical,Auto Manufacturers,N/A,EQUITY,0.0207,3.4,1.464,187.32,0.02089626358267145
2014-06-13,2719.0,2757.800048828125,2578.25,2592.050048828125,1928.290283203125,5445293,HEROMOTOCO,Consumer Cyclical,Auto Manufacturers,N/A,EQUITY,0.0207,3.4,1.464,187.32,0.06964027880466402
2014-06-16,2600.0,2623.0,2545.050048828125,2611.35009765625,1942.647705078125,345733,HEROMOTOCO,Consumer Cyclical,Auto Manufacturers,N/A,EQUITY,0.0207,3.4,1.464,187.32,0.03062806218988395
2014-06-17,2614.699951171875,2614.699951171875,2576.0,2591.5,1927.881103515625,299825,HEROMOTOCO,Consumer Cyclical,Auto Manufacturers,N/A,EQUITY,0.0207,3.4,1.464,187.32,0.01502327297044837
2014-06-18,2603.89990234375,2603.89990234375,2535.050048828125,2544.39990234375,1892.84228515625,397018,HEROMOTOCO,Consumer Cyclical,Auto Manufacturers,N/A,EQUITY,0.0207,3.4,1.464,187.32,0.027159169321904375
2014-06-19,2550.0,2575.0,2531.0,2539.699951171875,1889.3455810546875,396963,HEROMOTOCO,Consumer Cyclical,Auto Manufacturers,N/A,EQUITY,0.0207,3.4,1.464,187.32,0.01738443303042276
2014-06-20,2535.0,2566.0,2512.25,2521.0,1875.4349365234375,321985,HEROMOTOCO,Consumer Cyclical,Auto Manufacturers,N/A,EQUITY,0.0207,3.4,1.464,187.32,0.021395163697880387
2014-06-23,2523.0,2589.0,2523.0,2583.449951171875,1921.8924560546875,354783,HEROMOTOCO,Consumer Cyclical,Auto Manufacturers,N/A,EQUITY,0.0207,3.4,1.464,187.32,0.026159334126040427
2014-06-24,2585.0,2623.75,2585.0,2615.25,1945.5494384765625,379832,HEROMOTOCO,Consumer Cyclical,Auto Manufacturers,N/A,EQUITY,0.0207,3.4,1.464,187.32,0.014990328820116054
2014-06-25,2616.0,2661.64990234375,2595.5,2642.800048828125,1966.0443115234375,231135,HEROMOTOCO,Consumer Cyclical,Auto Manufacturers,N/A,EQUITY,0.0207,3.4,1.464,187.32,0.025486381176555578
2014-06-26,2675.0,2678.64990234375,2627.5,2646.89990234375,1969.0948486328125,425375,HEROMOTOCO,Consumer Cyclical,Auto Manufacturers,N/A,EQUITY,0.0207,3.4,1.464,187.32,0.019467136952902
2014-06-27,2645.0,2652.0,2610.0,2622.89990234375,1951.2403564453125,170046,HEROMOTOCO,Consumer Cyclical,Auto Manufacturers,N/A,EQUITY,0.0207,3.4,1.464,187.32,0.016091954022988506
2014-06-30,2618.050048828125,2640.0,2601.0,2634.64990234375,1959.9814453125,315750,HEROMOTOCO,Consumer Cyclical,Auto Manufacturers,N/A,EQUITY,0.0207,3.4,1.464,187.32,0.014994232987312572
2014-07-01,2625.10009765625,2665.0,2620.85009765625,2643.39990234375,1966.4915771484375,145476,HEROMOTOCO,Consumer Cyclical,Auto Manufacturers,N/A,EQUITY,0.0207,3.4,1.464,187.32,0.01684564194771459
2014-07-02,2650.0,2693.699951171875,2635.0,2679.800048828125,1993.5697021484375,304779,HEROMOTOCO,Consumer Cyclical,Auto Manufacturers,N/A,EQUITY,0.0207,3.4,1.464,187.32,0.02227702131759962
2014-07-03,2635.0,2641.39990234375,2581.35009765625,2588.39990234375,1973.4420166015625,356742,HEROMOTOCO,Consumer Cyclical,Auto Manufacturers,N/A,EQUITY,0.0207,3.4,1.464,187.32,0.02326294474431133
2014-07-04,2600.0,2620.800048828125,2572.35009765625,2583.949951171875,1970.049072265625,263645,HEROMOTOCO,Consumer Cyclical,Auto Manufacturers,N/A,EQUITY,0.0207,3.4,1.464,187.32,0.018834897790941944
2014-07-07,2599.0,2629.0,2583.050048828125,2615.85009765625,1994.3704833984375,266648,HEROMOTOCO,Consumer Cyclical,Auto Manufacturers,N/A,EQUITY,0.0207,3.4,1.464,187.32,0.017789028591498456
2014-07-08,2625.0,2629.949951171875,2563.0,2579.300048828125,1966.5047607421875,315738,HEROMOTOCO,Consumer Cyclical,Auto Manufacturers,N/A,EQUITY,0.0207,3.4,1.464,187.32,0.026121713293747562
2014-07-09,2568.050048828125,2591.25,2516.300048828125,2537.89990234375,1934.939697265625,278093,HEROMOTOCO,Consumer Cyclical,Auto Manufacturers,N/A,EQUITY,0.0207,3.4,1.464,187.32,0.029785776623411905
2014-07-10,2531.0,2570.949951171875,2400.14990234375,2439.10009765625,1859.613037109375,289338,HEROMOTOCO,Consumer Cyclical,Auto Manufacturers,N/A,EQUITY,0.0207,3.4,1.464,187.32,0.0711622422671761
2014-07-11,2450.0,2491.199951171875,2401.0,2433.14990234375,1855.0762939453125,527940,HEROMOTOCO,Consumer Cyclical,Auto Manufacturers,N/A,EQUITY,0.0207,3.4,1.464,187.32,0.03756765979669929
2014-07-14,2410.0,2460.050048828125,2405.0,2442.199951171875,1861.976806640625,143434,HEROMOTOCO,Consumer Cyclical,Auto Manufacturers,N/A,EQUITY,0.0207,3.4,1.464,187.32,0.022889833192567568
2014-07-15,2462.0,2489.300048828125,2393.14990234375,2407.35009765625,1835.406005859375,311888,HEROMOTOCO,Consumer Cyclical,Auto Manufacturers,N/A,EQUITY,0.0207,3.4,1.464,187.32,0.040177235195425744
2014-07-16,2425.0,2451.949951171875,2398.75,2432.75,1854.771728515625,362744,HEROMOTOCO,Consumer Cyclical,Auto Manufacturers,N/A,EQUITY,0.0207,3.4,1.464,187.32,0.022178197466128192
2014-07-17,2432.0,2470.0,2432.0,2445.550048828125,1864.5303955078125,197104,HEROMOTOCO,Consumer Cyclical,Auto Manufacturers,N/A,EQUITY,0.0207,3.4,1.464,187.32,0.015625
2014-07-18,2438.050048828125,2512.35009765625,2426.64990234375,2504.5,1909.47509765625,245685,HEROMOTOCO,Consumer Cyclical,Auto Manufacturers,N/A,EQUITY,0.0207,3.4,1.464,187.32,0.035316258529805855
2014-07-21,2525.0,2540.0,2495.5,2516.39990234375,1918.5474853515625,195433,HEROMOTOCO,Consumer Cyclical,Auto Manufacturers,N/A,EQUITY,0.0207,3.4,1.464,187.32,0.017832097775996793
2014-07-22,2535.0,2548.449951171875,2508.85009765625,2520.35009765625,1921.559326171875,159228,HEROMOTOCO,Consumer Cyclical,Auto Manufacturers,N/A,EQUITY,0.0207,3.4,1.464,187.32,0.015784065198880915
2014-07-23,2510.10009765625,2568.0,2510.0,2558.300048828125,1950.4935302734375,201900,HEROMOTOCO,Consumer Cyclical,Auto Manufacturers,N/A,EQUITY,0.0207,3.4,1.464,187.32,0.023107569721115537
2014-07-24,2564.89990234375,2564.89990234375,2524.10009765625,2538.199951171875,1935.168701171875,110245,HEROMOTOCO,Consumer Cyclical,Auto Manufacturers,N/A,EQUITY,0.0207,3.4,1.464,187.32,0.0161640993260864
2014-07-25,2538.199951171875,2584.0,2524.5,2574.699951171875,1962.9970703125,309696,HEROMOTOCO,Consumer Cyclical,Auto Manufacturers,N/A,EQUITY,0.0207,3.4,1.464,187.32,0.02356902356902357
2014-07-28,2625.0,2625.0,2504.050048828125,2538.10009765625,1935.0921630859375,245964,HEROMOTOCO,Consumer Cyclical,Auto Manufacturers,N/A,EQUITY,0.0207,3.4,1.464,187.32,0.048301730721587846
2014-07-30,2558.0,2610.550048828125,2538.0,2602.35009765625,1984.077880859375,285098,HEROMOTOCO,Consumer Cyclical,Auto Manufacturers,N/A,EQUITY,0.0207,3.4,1.464,187.32,0.02858551963283097
2014-07-31,2581.199951171875,2626.199951171875,2572.10009765625,2597.14990234375,1980.1131591796875,705097,HEROMOTOCO,Consumer Cyclical,Auto Manufacturers,N/A,EQUITY,0.0207,3.4,1.464,187.32,0.021033339085411912
2014-08-01,2577.60009765625,2619.0,2560.050048828125,2596.550048828125,1979.6553955078125,402497,HEROMOTOCO,Consumer Cyclical,Auto Manufacturers,N/A,EQUITY,0.0207,3.4,1.464,187.32,0.023026874493668442
2014-08-04,2610.0,2620.0,2565.0,2600.89990234375,1982.9722900390625,499212,HEROMOTOCO,Consumer Cyclical,Auto Manufacturers,N/A,EQUITY,0.0207,3.4,1.464,187.32,0.021442495126705652
2014-08-05,2616.5,2625.0,2550.199951171875,2583.300048828125,1969.5537109375,644735,HEROMOTOCO,Consumer Cyclical,Auto Manufacturers,N/A,EQUITY,0.0207,3.4,1.464,187.32,0.02933105256854572
2014-08-06,2530.0,2609.0,2526.0,2598.25,1980.9517822265625,959915,HEROMOTOCO,Consumer Cyclical,Auto Manufacturers,N/A,EQUITY,0.0207,3.4,1.464,187.32,0.03285827395091053
2014-08-07,2590.0,2619.0,2585.050048828125,2610.949951171875,1990.634033203125,449586,HEROMOTOCO,Consumer Cyclical,Auto Manufacturers,N/A,EQUITY,0.0207,3.4,1.464,187.32,0.0131331891184333
2014-08-08,2574.0,2600.0,2549.25,2591.75,1998.96435546875,228607,HEROMOTOCO,Consumer Cyclical,Auto Manufacturers,N/A,EQUITY,0.0207,3.4,1.464,187.32,0.019907816024320877
2014-08-11,2601.0,2618.0,2575.10009765625,2604.949951171875,2009.144775390625,293004,HEROMOTOCO,Consumer Cyclical,Auto Manufacturers,N/A,EQUITY,0.0207,3.4,1.464,187.32,0.016659508646982586
2014-08-12,2610.25,2617.699951171875,2576.5,2597.199951171875,2003.16748046875,160567,HEROMOTOCO,Consumer Cyclical,Auto Manufacturers,N/A,EQUITY,0.0207,3.4,1.464,187.32,0.015990666086503007
2014-08-13,2585.0,2600.0,2561.0,2578.699951171875,1988.8994140625,207460,HEROMOTOCO,Consumer Cyclical,Auto Manufacturers,N/A,EQUITY,0.0207,3.4,1.464,187.32,0.015228426395939087
2014-08-14,2575.0,2575.0,2488.0,2510.550048828125,1936.33642578125,475867,HEROMOTOCO,Consumer Cyclical,Auto Manufacturers,N/A,EQUITY,0.0207,3.4,1.464,187.32,0.034967845659163985
2014-08-18,2514.89990234375,2545.800048828125,2494.0,2511.449951171875,1937.0302734375,433436,HEROMOTOCO,Consumer Cyclical,Auto Manufacturers,N/A,EQUITY,0.0207,3.4,1.464,187.32,0.020769867212560144
2014-08-19,2516.949951171875,2550.0,2512.0,2542.64990234375,1961.0946044921875,272337,HEROMOTOCO,Consumer Cyclical,Auto Manufacturers,N/A,EQUITY,0.0207,3.4,1.464,187.32,0.015127388535031847
2014-08-20,2547.949951171875,2552.949951171875,2505.25,2537.10009765625,1956.81396484375,153133,HEROMOTOCO,Consumer Cyclical,Auto Manufacturers,N/A,EQUITY,0.0207,3.4,1.464,187.32,0.019039996476150085
2014-08-21,2532.0,2571.800048828125,2512.0,2557.85009765625,1972.8175048828125,292332,HEROMOTOCO,Consumer Cyclical,Auto Manufacturers,N/A,EQUITY,0.0207,3.4,1.464,187.32,0.023805751922024283
2014-08-22,2562.949951171875,2575.0,2525.0,2536.449951171875,1956.3126220703125,240614,HEROMOTOCO,Consumer Cyclical,Auto Manufacturers,N/A,EQUITY,0.0207,3.4,1.464,187.32,0.019801980198019802
2014-08-25,2540.0,2577.10009765625,2515.0,2569.5,1981.802978515625,319018,HEROMOTOCO,Consumer Cyclical,Auto Manufacturers,N/A,EQUITY,0.0207,3.4,1.464,187.32,0.0246918877360835
2014-08-26,2562.0,2596.0,2533.60009765625,2564.699951171875,1978.1011962890625,351269,HEROMOTOCO,Consumer Cyclical,Auto Manufacturers,N/A,EQUITY,0.0207,3.4,1.464,187.32,0.0246289469287099
2014-08-27,2570.0,2604.0,2554.14990234375,2600.0,2005.327392578125,655142,HEROMOTOCO,Consumer Cyclical,Auto Manufacturers,N/A,EQUITY,0.0207,3.4,1.464,187.32,0.019517295210632054
2014-08-28,2599.0,2677.949951171875,2573.0,2604.800048828125,2009.029296875,3740111,HEROMOTOCO,Consumer Cyclical,Auto Manufacturers,N/A,EQUITY,0.0207,3.4,1.464,187.32,0.04078894332369802
2014-09-01,2612.10009765625,2787.0,2597.89990234375,2755.449951171875,2125.22314453125,782545,HEROMOTOCO,Consumer Cyclical,Auto Manufacturers,N/A,EQUITY,0.0207,3.4,1.464,187.32,0.07278960112575907
2014-09-02,2779.199951171875,2825.89990234375,2769.89990234375,2792.89990234375,2154.10693359375,534363,HEROMOTOCO,Consumer Cyclical,Auto Manufacturers,N/A,EQUITY,0.0207,3.4,1.464,187.32,0.02021733707872101
2014-09-03,2790.0,2795.0,2756.050048828125,2766.0,2133.360107421875,249996,HEROMOTOCO,Consumer Cyclical,Auto Manufacturers,N/A,EQUITY,0.0207,3.4,1.464,187.32,0.01413252679806615
2014-09-04,2760.0,2839.85009765625,2736.050048828125,2824.60009765625,2178.556640625,402234,HEROMOTOCO,Consumer Cyclical,Auto Manufacturers,N/A,EQUITY,0.0207,3.4,1.464,187.32,0.037937920350756556
2014-09-05,2825.0,2829.0,2751.0,2761.800048828125,2130.120361328125,324337,HEROMOTOCO,Consumer Cyclical,Auto Manufacturers,N/A,EQUITY,0.0207,3.4,1.464,187.32,0.028353326063249727
2014-09-08,2850.0,2850.0,2756.25,2781.050048828125,2144.9677734375,236925,HEROMOTOCO,Consumer Cyclical,Auto Manufacturers,N/A,EQUITY,0.0207,3.4,1.464,187.32,0.034013605442176874
2014-09-09,2800.0,2800.0,2740.10009765625,2749.60009765625,2120.7109375,178834,HEROMOTOCO,Consumer Cyclical,Auto Manufacturers,N/A,EQUITY,0.0207,3.4,1.464,187.32,0.021860479620793963
2014-09-10,2750.0,2761.64990234375,2675.0,2682.800048828125,2069.189208984375,320429,HEROMOTOCO,Consumer Cyclical,Auto Manufacturers,N/A,EQUITY,0.0207,3.4,1.464,187.32,0.032392486857476636
2014-09-11,2690.0,2731.5,2670.0,2720.300048828125,2098.1123046875,408168,HEROMOTOCO,Consumer Cyclical,Auto Manufacturers,N/A,EQUITY,0.0207,3.4,1.464,187.32,0.023033707865168538
2014-09-12,2720.0,2765.89990234375,2699.0,2758.550048828125,2127.61376953125,225252,HEROMOTOCO,Consumer Cyclical,Auto Manufacturers,N/A,EQUITY,0.0207,3.4,1.464,187.32,0.024786921950259354
2014-09-15,2750.0,2808.800048828125,2726.300048828125,2799.64990234375,2159.31298828125,404377,HEROMOTOCO,Consumer Cyclical,Auto Manufacturers,N/A,EQUITY,0.0207,3.4,1.464,187.32,0.030260792474203956
2014-09-16,2799.64990234375,2823.699951171875,2778.050048828125,2790.5,2152.256103515625,425069,HEROMOTOCO,Consumer Cyclical,Auto Manufacturers,N/A,EQUITY,0.0207,3.4,1.464,187.32,0.016432354184189972
2014-09-17,2805.0,2878.0,2793.0,2828.699951171875,2181.71875,608929,HEROMOTOCO,Consumer Cyclical,Auto Manufacturers,N/A,EQUITY,0.0207,3.4,1.464,187.32,0.030433225921947728
2014-09-18,2830.0,3010.449951171875,2817.0,2992.64990234375,2308.170166015625,632305,HEROMOTOCO,Consumer Cyclical,Auto Manufacturers,N/A,EQUITY,0.0207,3.4,1.464,187.32,0.06867232913449592
2014-09-19,3001.89990234375,3017.0,2940.5,2951.39990234375,2276.354248046875,312955,HEROMOTOCO,Consumer Cyclical,Auto Manufacturers,N/A,EQUITY,0.0207,3.4,1.464,187.32,0.026015983676245538
2014-09-22,2940.0,3009.699951171875,2933.300048828125,2997.85009765625,2312.180908203125,248109,HEROMOTOCO,Consumer Cyclical,Auto Manufacturers,N/A,EQUITY,0.0207,3.4,1.464,187.32,0.02604571679404987
2014-09-23,2995.0,3029.0,2970.0,2978.199951171875,2297.025634765625,304207,HEROMOTOCO,Consumer Cyclical,Auto Manufacturers,N/A,EQUITY,0.0207,3.4,1.464,187.32,0.019865319865319864
2014-09-24,2986.0,2998.0,2918.0,2943.25,2270.069091796875,313069,HEROMOTOCO,Consumer Cyclical,Auto Manufacturers,N/A,EQUITY,0.0207,3.4,1.464,187.32,0.027416038382453736
2014-09-25,2951.449951171875,2959.800048828125,2900.5,2932.949951171875,2262.125244140625,647534,HEROMOTOCO,Consumer Cyclical,Auto Manufacturers,N/A,EQUITY,0.0207,3.4,1.464,187.32,0.02044476773939838
2014-09-26,2925.050048828125,2934.5,2844.10009765625,2896.89990234375,2234.3203125,368889,HEROMOTOCO,Consumer Cyclical,Auto Manufacturers,N/A,EQUITY,0.0207,3.4,1.464,187.32,0.031785063549010194
2014-09-29,2909.699951171875,2915.60009765625,2848.199951171875,2860.5,2206.245849609375,233169,HEROMOTOCO,Consumer Cyclical,Auto Manufacturers,N/A,EQUITY,0.0207,3.4,1.464,187.32,0.023664120370707684
2014-09-30,2860.25,2918.39990234375,2817.199951171875,2839.550048828125,2190.08740234375,542336,HEROMOTOCO,Consumer Cyclical,Auto Manufacturers,N/A,EQUITY,0.0207,3.4,1.464,187.32,0.035922175538083016
2014-10-01,2881.0,2926.75,2851.5,2874.949951171875,2217.390625,447543,HEROMOTOCO,Consumer Cyclical,Auto Manufacturers,N/A,EQUITY,0.0207,3.4,1.464,187.32,0.026389619498509556
2014-10-07,2874.949951171875,2874.949951171875,2798.60009765625,2808.14990234375,2165.86865234375,301762,HEROMOTOCO,Consumer Cyclical,Auto Manufacturers,N/A,EQUITY,0.0207,3.4,1.464,187.32,0.027281444597806556
2014-10-08,2802.0,2819.75,2777.5,2799.050048828125,2158.850341796875,431918,HEROMOTOCO,Consumer Cyclical,Auto Manufacturers,N/A,EQUITY,0.0207,3.4,1.464,187.32,0.015211521152115211
2014-10-09,2801.0,2835.0,2801.0,2818.949951171875,2174.19921875,495261,HEROMOTOCO,Consumer Cyclical,Auto Manufacturers,N/A,EQUITY,0.0207,3.4,1.464,187.32,0.012138521956444126
2014-10-10,2811.5,2872.5,2765.0,2841.0,2191.205810546875,471438,HEROMOTOCO,Consumer Cyclical,Auto Manufacturers,N/A,EQUITY,0.0207,3.4,1.464,187.32,0.03887884267631103
2014-10-13,2827.0,2892.75,2820.10009765625,2874.85009765625,2217.313232421875,473368,HEROMOTOCO,Consumer Cyclical,Auto Manufacturers,N/A,EQUITY,0.0207,3.4,1.464,187.32,0.02576146229849374
2014-10-14,2867.0,2879.0,2840.199951171875,2852.449951171875,2200.03662109375,429143,HEROMOTOCO,Consumer Cyclical,Auto Manufacturers,N/A,EQUITY,0.0207,3.4,1.464,187.32,0.013661027214691692
2014-10-15,2852.449951171875,2852.449951171875,2852.449951171875,2852.449951171875,2200.03662109375,0,HEROMOTOCO,Consumer Cyclical,Auto Manufacturers,N/A,EQUITY,0.0207,3.4,1.464,187.32,0.0
2014-10-16,2874.0,2910.0,2725.949951171875,2798.949951171875,2158.774169921875,903551,HEROMOTOCO,Consumer Cyclical,Auto Manufacturers,N/A,EQUITY,0.0207,3.4,1.464,187.32,0.06751776522859586
2014-10-17,2890.0,2909.10009765625,2739.0,2873.89990234375,2216.580322265625,1062740,HEROMOTOCO,Consumer Cyclical,Auto Manufacturers,N/A,EQUITY,0.0207,3.4,1.464,187.32,0.06210299293765973
2014-10-20,2914.949951171875,2945.89990234375,2827.5,2937.699951171875,2265.78857421875,715327,HEROMOTOCO,Consumer Cyclical,Auto Manufacturers,N/A,EQUITY,0.0207,3.4,1.464,187.32,0.04187441285366932
2014-10-21,2937.949951171875,3003.0,2920.0,2995.85009765625,2310.637939453125,681898,HEROMOTOCO,Consumer Cyclical,Auto Manufacturers,N/A,EQUITY,0.0207,3.4,1.464,187.32,0.028424657534246577
2014-10-22,3026.0,3120.0,3026.0,3115.5,2402.922119140625,705957,HEROMOTOCO,Consumer Cyclical,Auto Manufacturers,N/A,EQUITY,0.0207,3.4,1.464,187.32,0.031064111037673495
2014-10-27,3120.0,3129.0,3063.050048828125,3082.949951171875,2377.816162109375,354733,HEROMOTOCO,Consumer Cyclical,Auto Manufacturers,N/A,EQUITY,0.0207,3.4,1.464,187.32,0.021530810832525057
2014-10-28,3090.0,3093.75,3006.0,3035.050048828125,2340.872314453125,556481,HEROMOTOCO,Consumer Cyclical,Auto Manufacturers,N/A,EQUITY,0.0207,3.4,1.464,187.32,0.029191616766467067
2014-10-29,3104.89990234375,3108.60009765625,3027.10009765625,3037.85009765625,2343.0322265625,815016,HEROMOTOCO,Consumer Cyclical,Auto Manufacturers,N/A,EQUITY,0.0207,3.4,1.464,187.32,0.026923457226638078
2014-10-30,3036.0,3054.300048828125,3011.0,3031.64990234375,2338.250244140625,712684,HEROMOTOCO,Consumer Cyclical,Auto Manufacturers,N/A,EQUITY,0.0207,3.4,1.464,187.32,0.014380620666929592
2014-10-31,3054.949951171875,3103.699951171875,3040.0,3064.25,2363.3935546875,731352,HEROMOTOCO,Consumer Cyclical,Auto Manufacturers,N/A,EQUITY,0.0207,3.4,1.464,187.32,0.02095393130653783
2014-11-03,3044.0,3050.0,2928.14990234375,3010.949951171875,2322.28466796875,613472,HEROMOTOCO,Consumer Cyclical,Auto Manufacturers,N/A,EQUITY,0.0207,3.4,1.464,187.32,0.04161334006797901
2014-11-05,3035.0,3036.39990234375,2943.300048828125,2963.300048828125,2285.532958984375,779386,HEROMOTOCO,Consumer Cyclical,Auto Manufacturers,N/A,EQUITY,0.0207,3.4,1.464,187.32,0.03163111200731734
2014-11-07,2920.0,2960.0,2862.60009765625,2887.60009765625,2227.147705078125,11665947,HEROMOTOCO,Consumer Cyclical,Auto Manufacturers,N/A,EQUITY,0.0207,3.4,1.464,187.32,0.0340249769513723
2014-11-10,2909.0,2938.0,2895.0,2933.10009765625,2262.240478515625,681780,HEROMOTOCO,Consumer Cyclical,Auto Manufacturers,N/A,EQUITY,0.0207,3.4,1.464,187.32,0.014853195164075994
2014-11-11,2930.0,2953.89990234375,2913.60009765625,2924.0,2255.221923828125,556075,HEROMOTOCO,Consumer Cyclical,Auto Manufacturers,N/A,EQUITY,0.0207,3.4,1.464,187.32,0.013831618388507693
2014-11-12,2926.0,2975.0,2926.0,2967.35009765625,2288.65673828125,777888,HEROMOTOCO,Consumer Cyclical,Auto Manufacturers,N/A,EQUITY,0.0207,3.4,1.464,187.32,0.01674641148325359
2014-11-13,2983.0,2983.0,2913.14990234375,2927.5,2257.92138671875,323763,HEROMOTOCO,Consumer Cyclical,Auto Manufacturers,N/A,EQUITY,0.0207,3.4,1.464,187.32,0.023977515746804755
2014-11-14,2930.800048828125,2983.0,2921.10009765625,2964.39990234375,2286.3818359375,408553,HEROMOTOCO,Consumer Cyclical,Auto Manufacturers,N/A,EQUITY,0.0207,3.4,1.464,187.32,0.021190613219114092
2014-11-17,2950.050048828125,3040.85009765625,2950.050048828125,3028.89990234375,2336.12890625,779054,HEROMOTOCO,Consumer Cyclical,Auto Manufacturers,N/A,EQUITY,0.0207,3.4,1.464,187.32,0.030779155378802582
2014-11-18,3042.699951171875,3048.75,3004.199951171875,3017.75,2327.529541015625,282465,HEROMOTOCO,Consumer Cyclical,Auto Manufacturers,N/A,EQUITY,0.0207,3.4,1.464,187.32,0.01482925555961978
2014-11-19,3020.199951171875,3042.75,2976.75,3000.35009765625,2314.109130859375,361646,HEROMOTOCO,Consumer Cyclical,Auto Manufacturers,N/A,EQUITY,0.0207,3.4,1.464,187.32,0.022171831695641218
2014-11-20,3009.89990234375,3009.89990234375,2951.0,2995.550048828125,2310.407470703125,258380,HEROMOTOCO,Consumer Cyclical,Auto Manufacturers,N/A,EQUITY,0.0207,3.4,1.464,187.32,0.019959302725770924
2014-11-21,3003.89990234375,3048.300048828125,2991.449951171875,3028.35009765625,2335.705078125,549348,HEROMOTOCO,Consumer Cyclical,Auto Manufacturers,N/A,EQUITY,0.0207,3.4,1.464,187.32,0.019004194816623778
2014-11-24,3028.0,3087.25,3028.0,3078.699951171875,2374.5390625,611061,HEROMOTOCO,Consumer Cyclical,Auto Manufacturers,N/A,EQUITY,0.0207,3.4,1.464,187.32,0.019567371202113607
2014-11-25,3085.0,3095.699951171875,3020.89990234375,3042.75,2346.8115234375,796224,HEROMOTOCO,Consumer Cyclical,Auto Manufacturers,N/A,EQUITY,0.0207,3.4,1.464,187.32,0.0247608498282554
2014-11-26,3045.0,3109.449951171875,3012.25,3099.5,2390.580810546875,308719,HEROMOTOCO,Consumer Cyclical,Auto Manufacturers,N/A,EQUITY,0.0207,3.4,1.464,187.32,0.03226822181820068
2014-11-27,3076.0,3135.60009765625,3076.0,3104.14990234375,2394.16796875,1022883,HEROMOTOCO,Consumer Cyclical,Auto Manufacturers,N/A,EQUITY,0.0207,3.4,1.464,187.32,0.019375844491628737
2014-11-28,3115.0,3162.39990234375,3115.0,3147.39990234375,2427.526123046875,259437,HEROMOTOCO,Consumer Cyclical,Auto Manufacturers,N/A,EQUITY,0.0207,3.4,1.464,187.32,0.015216662068619583
2014-12-01,3167.0,3269.949951171875,3161.449951171875,3257.89990234375,2512.751953125,519665,HEROMOTOCO,Consumer Cyclical,Auto Manufacturers,N/A,EQUITY,0.0207,3.4,1.464,187.32,0.03431969560668883
2014-12-02,3257.0,3257.0,3210.10009765625,3224.0,2486.605712890625,226412,HEROMOTOCO,Consumer Cyclical,Auto Manufacturers,N/A,EQUITY,0.0207,3.4,1.464,187.32,0.014610105889842013
2014-12-03,3240.0,3259.949951171875,3174.300048828125,3194.300048828125,2463.69873046875,431751,HEROMOTOCO,Consumer Cyclical,Auto Manufacturers,N/A,EQUITY,0.0207,3.4,1.464,187.32,0.026982295632503258
2014-12-04,3204.550048828125,3230.0,3171.14990234375,3218.0,2481.978515625,317558,HEROMOTOCO,Consumer Cyclical,Auto Manufacturers,N/A,EQUITY,0.0207,3.4,1.464,187.32,0.01855796776202688
2014-12-05,3233.89990234375,3233.89990234375,3181.0,3187.0,2458.068359375,509568,HEROMOTOCO,Consumer Cyclical,Auto Manufacturers,N/A,EQUITY,0.0207,3.4,1.464,187.32,0.016629959869144922
2014-12-08,3205.0,3205.0,3142.0,3160.14990234375,2437.359619140625,196600,HEROMOTOCO,Consumer Cyclical,Auto Manufacturers,N/A,EQUITY,0.0207,3.4,1.464,187.32,0.02005092297899427
2014-12-09,3148.10009765625,3198.60009765625,3130.449951171875,3136.60009765625,2419.196044921875,328254,HEROMOTOCO,Consumer Cyclical,Auto Manufacturers,N/A,EQUITY,0.0207,3.4,1.464,187.32,0.021770080195296904
2014-12-10,3138.14990234375,3188.39990234375,3128.5,3168.75,2443.99267578125,301350,HEROMOTOCO,Consumer Cyclical,Auto Manufacturers,N/A,EQUITY,0.0207,3.4,1.464,187.32,0.019146524642400513
2014-12-11,3177.0,3177.0,3099.300048828125,3114.60009765625,2402.227783203125,282839,HEROMOTOCO,Consumer Cyclical,Auto Manufacturers,N/A,EQUITY,0.0207,3.4,1.464,187.32,0.02507016098723778
2014-12-12,3130.0,3166.199951171875,3117.14990234375,3124.89990234375,2410.172119140625,221565,HEROMOTOCO,Consumer Cyclical,Auto Manufacturers,N/A,EQUITY,0.0207,3.4,1.464,187.32,0.015735543802768297
2014-12-15,3126.0,3250.0,3043.199951171875,3145.449951171875,2426.02197265625,252872,HEROMOTOCO,Consumer Cyclical,Auto Manufacturers,N/A,EQUITY,0.0207,3.4,1.464,187.32,0.0679548015727624
2014-12-16,3130.0,3153.699951171875,3120.0,3132.75,2416.226318359375,567038,HEROMOTOCO,Consumer Cyclical,Auto Manufacturers,N/A,EQUITY,0.0207,3.4,1.464,187.32,0.010801266401241988
2014-12-17,3120.0,3177.0,3051.550048828125,3061.64990234375,2361.388427734375,411233,HEROMOTOCO,Consumer Cyclical,Auto Manufacturers,N/A,EQUITY,0.0207,3.4,1.464,187.32,0.041110238785056485
2014-12-18,3112.0,3114.14990234375,3028.050048828125,3065.449951171875,2364.319091796875,511995,HEROMOTOCO,Consumer Cyclical,Auto Manufacturers,N/A,EQUITY,0.0207,3.4,1.464,187.32,0.028434091949354073
2014-12-19,3097.0,3148.85009765625,3040.050048828125,3074.10009765625,2370.9912109375,1100472,HEROMOTOCO,Consumer Cyclical,Auto Manufacturers,N/A,EQUITY,0.0207,3.4,1.464,187.32,0.035788900538024075
2014-12-22,3070.0,3122.89990234375,3061.39990234375,3114.300048828125,2401.99658203125,219295,HEROMOTOCO,Consumer Cyclical,Auto Manufacturers,N/A,EQUITY,0.0207,3.4,1.464,187.32,0.020088848880186073
2014-12-23,3114.0,3156.89990234375,3100.60009765625,3137.449951171875,2419.851318359375,259270,HEROMOTOCO,Consumer Cyclical,Auto Manufacturers,N/A,EQUITY,0.0207,3.4,1.464,187.32,0.018157712350605013
2014-12-24,3155.0,3162.0,3074.449951171875,3100.5,2391.3525390625,459923,HEROMOTOCO,Consumer Cyclical,Auto Manufacturers,N/A,EQUITY,0.0207,3.4,1.464,187.32,0.02847665443204041
2014-12-26,3118.39990234375,3118.39990234375,3067.199951171875,3096.39990234375,2388.1904296875,97054,HEROMOTOCO,Consumer Cyclical,Auto Manufacturers,N/A,EQUITY,0.0207,3.4,1.464,187.32,0.01669273343340828
2014-12-29,3119.0,3153.64990234375,3096.949951171875,3150.050048828125,2429.569580078125,210657,HEROMOTOCO,Consumer Cyclical,Auto Manufacturers,N/A,EQUITY,0.0207,3.4,1.464,187.32,0.018308320142668092
2014-12-30,3155.0,3160.0,3073.0,3084.85009765625,2379.282470703125,306502,HEROMOTOCO,Consumer Cyclical,Auto Manufacturers,N/A,EQUITY,0.0207,3.4,1.464,187.32,0.028311096648226487
2014-12-31,3075.0,3120.0,3046.75,3106.64990234375,2396.096435546875,412694,HEROMOTOCO,Consumer Cyclical,Auto Manufacturers,N/A,EQUITY,0.0207,3.4,1.464,187.32,0.024042011979978666
2015-01-01,3111.0,3120.0,3083.0,3105.39990234375,2395.13232421875,112464,HEROMOTOCO,Consumer Cyclical,Auto Manufacturers,N/A,EQUITY,0.0207,3.4,1.464,187.32,0.012001297437560817
2015-01-02,3115.0,3119.0,3090.550048828125,3098.10009765625,2389.50146484375,187675,HEROMOTOCO,Consumer Cyclical,Auto Manufacturers,N/A,EQUITY,0.0207,3.4,1.464,187.32,0.00920546528041591
2015-01-05,3104.0,3146.89990234375,3098.10009765625,3119.39990234375,2405.93017578125,160068,HEROMOTOCO,Consumer Cyclical,Auto Manufacturers,N/A,EQUITY,0.0207,3.4,1.464,187.32,0.015751526144819415
2015-01-06,3098.0,3098.0,3001.0,3014.39990234375,2324.9453125,457760,HEROMOTOCO,Consumer Cyclical,Auto Manufacturers,N/A,EQUITY,0.0207,3.4,1.464,187.32,0.032322559146951015
2015-01-07,3014.0,3022.0,2966.699951171875,2974.050048828125,2293.82421875,378882,HEROMOTOCO,Consumer Cyclical,Auto Manufacturers,N/A,EQUITY,0.0207,3.4,1.464,187.32,0.01864025676283203
2015-01-08,2978.0,2999.699951171875,2951.75,2984.0,2301.498779296875,513335,HEROMOTOCO,Consumer Cyclical,Auto Manufacturers,N/A,EQUITY,0.0207,3.4,1.464,187.32,0.01624458411853138
2015-01-09,2998.85009765625,3011.0,2966.25,2992.25,2307.86181640625,365342,HEROMOTOCO,Consumer Cyclical,Auto Manufacturers,N/A,EQUITY,0.0207,3.4,1.464,187.32,0.015086388537715972
2015-01-12,2988.0,2988.0,2924.0,2937.14990234375,2265.364013671875,396343,HEROMOTOCO,Consumer Cyclical,Auto Manufacturers,N/A,EQUITY,0.0207,3.4,1.464,187.32,0.02188782489740082
2015-01-13,2951.0,2962.550048828125,2887.550048828125,2893.199951171875,2231.466796875,387266,HEROMOTOCO,Consumer Cyclical,Auto Manufacturers,N/A,EQUITY,0.0207,3.4,1.464,187.32,0.025973575775920417
2015-01-14,2909.0,2924.699951171875,2883.0,2903.050048828125,2239.0634765625,503348,HEROMOTOCO,Consumer Cyclical,Auto Manufacturers,N/A,EQUITY,0.0207,3.4,1.464,187.32,0.014464082959373917
2015-01-15,2940.0,2970.0,2928.64990234375,2950.550048828125,2275.699462890625,548030,HEROMOTOCO,Consumer Cyclical,Auto Manufacturers,N/A,EQUITY,0.0207,3.4,1.464,187.32,0.01411916720505179
2015-01-16,2950.39990234375,2970.0,2891.300048828125,2897.699951171875,2234.9375,441344,HEROMOTOCO,Consumer Cyclical,Auto Manufacturers,N/A,EQUITY,0.0207,3.4,1.464,187.32,0.027219572456263382
2015-01-19,2900.050048828125,2920.0,2836.0,2841.300048828125,2191.437255859375,494968,HEROMOTOCO,Consumer Cyclical,Auto Manufacturers,N/A,EQUITY,0.0207,3.4,1.464,187.32,0.029619181946403384
2015-01-20,2860.0,2868.0,2797.199951171875,2828.64990234375,2181.680419921875,620515,HEROMOTOCO,Consumer Cyclical,Auto Manufacturers,N/A,EQUITY,0.0207,3.4,1.464,187.32,0.02531104320892885
2015-01-21,2833.89990234375,2894.0,2833.89990234375,2875.14990234375,2217.544921875,502824,HEROMOTOCO,Consumer Cyclical,Auto Manufacturers,N/A,EQUITY,0.0207,3.4,1.464,187.32,0.021207558392074746
2015-01-22,2899.949951171875,2909.0,2811.60009765625,2838.85009765625,2189.547607421875,616241,HEROMOTOCO,Consumer Cyclical,Auto Manufacturers,N/A,EQUITY,0.0207,3.4,1.464,187.32,0.03464216067745287
2015-01-23,2870.0,2895.60009765625,2851.0,2862.800048828125,2208.019775390625,616170,HEROMOTOCO,Consumer Cyclical,Auto Manufacturers,N/A,EQUITY,0.0207,3.4,1.464,187.32,0.015643668066029463
2015-01-27,2860.0,2869.64990234375,2823.0,2857.75,2204.12451171875,563105,HEROMOTOCO,Consumer Cyclical,Auto Manufacturers,N/A,EQUITY,0.0207,3.4,1.464,187.32,0.016524938839443854
2015-01-28,2860.0,2895.5,2840.550048828125,2865.10009765625,2209.7939453125,415685,HEROMOTOCO,Consumer Cyclical,Auto Manufacturers,N/A,EQUITY,0.0207,3.4,1.464,187.32,0.019344827666227787
2015-01-29,2860.0,2898.75,2857.0,2876.5,2218.5859375,544345,HEROMOTOCO,Consumer Cyclical,Auto Manufacturers,N/A,EQUITY,0.0207,3.4,1.464,187.32,0.014613230661533076
2015-01-30,2887.550048828125,2936.85009765625,2857.39990234375,2865.5,2210.10205078125,447643,HEROMOTOCO,Consumer Cyclical,Auto Manufacturers,N/A,EQUITY,0.0207,3.4,1.464,187.32,0.027805066853726662
2015-02-02,2877.949951171875,2888.800048828125,2810.0,2833.199951171875,2185.189697265625,298183,HEROMOTOCO,Consumer Cyclical,Auto Manufacturers,N/A,EQUITY,0.0207,3.4,1.464,187.32,0.02804272200289146
2015-02-03,2857.5,2860.0,2791.0,2812.39990234375,2169.14697265625,377426,HEROMOTOCO,Consumer Cyclical,Auto Manufacturers,N/A,EQUITY,0.0207,3.4,1.464,187.32,0.024722321748477247
2015-02-04,2770.0,2864.0,2750.0,2829.5,2182.33642578125,902976,HEROMOTOCO,Consumer Cyclical,Auto Manufacturers,N/A,EQUITY,0.0207,3.4,1.464,187.32,0.04145454545454545
2015-02-05,2811.0,2857.800048828125,2811.0,2847.300048828125,2196.06494140625,475877,HEROMOTOCO,Consumer Cyclical,Auto Manufacturers,N/A,EQUITY,0.0207,3.4,1.464,187.32,0.01664889677272323
2015-02-06,2847.199951171875,2852.949951171875,2771.25,2776.300048828125,2141.3037109375,544388,HEROMOTOCO,Consumer Cyclical,Auto Manufacturers,N/A,EQUITY,0.0207,3.4,1.464,187.32,0.029481263390843483
2015-02-09,2750.0,2764.949951171875,2705.0,2728.800048828125,2104.668212890625,425252,HEROMOTOCO,Consumer Cyclical,Auto Manufacturers,N/A,EQUITY,0.0207,3.4,1.464,187.32,0.02216264368646026
2015-02-10,2715.0,2752.0,2690.699951171875,2720.14990234375,2097.99609375,531510,HEROMOTOCO,Consumer Cyclical,Auto Manufacturers,N/A,EQUITY,0.0207,3.4,1.464,187.32,0.022782194202451714
2015-02-11,2721.60009765625,2765.300048828125,2701.550048828125,2753.35009765625,2123.602783203125,427723,HEROMOTOCO,Consumer Cyclical,Auto Manufacturers,N/A,EQUITY,0.0207,3.4,1.464,187.32,0.02359756393469497
2015-02-12,2782.35009765625,2819.0,2775.60009765625,2807.550048828125,2165.406494140625,471851,HEROMOTOCO,Consumer Cyclical,Auto Manufacturers,N/A,EQUITY,0.0207,3.4,1.464,187.32,0.0156362230929439
2015-02-13,2822.39990234375,2868.199951171875,2815.0,2852.89990234375,2200.383544921875,278795,HEROMOTOCO,Consumer Cyclical,Auto Manufacturers,N/A,EQUITY,0.0207,3.4,1.464,187.32,0.018898739315053287
2015-02-16,2855.0,2861.64990234375,2793.300048828125,2805.0,2163.439453125,278310,HEROMOTOCO,Consumer Cyclical,Auto Manufacturers,N/A,EQUITY,0.0207,3.4,1.464,187.32,0.024469212873962417
2015-02-18,2705.0,2728.0,2645.699951171875,2663.75,2054.496826171875,10612619,HEROMOTOCO,Consumer Cyclical,Auto Manufacturers,N/A,EQUITY,0.0207,3.4,1.464,187.32,0.031107098441632192
2015-02-19,2677.0,2700.0,2649.10009765625,2664.949951171875,2055.422119140625,4318965,HEROMOTOCO,Consumer Cyclical,Auto Manufacturers,N/A,EQUITY,0.0207,3.4,1.464,187.32,0.019214035131697324
2015-02-20,2670.0,2683.39990234375,2647.550048828125,2658.89990234375,2050.75537109375,516004,HEROMOTOCO,Consumer Cyclical,Auto Manufacturers,N/A,EQUITY,0.0207,3.4,1.464,187.32,0.013540765180810495
2015-02-23,2658.89990234375,2662.85009765625,2629.25,2647.89990234375,2042.2711181640625,569905,HEROMOTOCO,Consumer Cyclical,Auto Manufacturers,N/A,EQUITY,0.0207,3.4,1.464,187.32,0.01277934683132072
2015-02-24,2652.949951171875,2670.0,2640.14990234375,2651.39990234375,2044.970947265625,433596,HEROMOTOCO,Consumer Cyclical,Auto Manufacturers,N/A,EQUITY,0.0207,3.4,1.464,187.32,0.011306213192573295
2015-02-25,2665.0,2670.0,2615.0,2624.550048828125,2024.2623291015625,587341,HEROMOTOCO,Consumer Cyclical,Auto Manufacturers,N/A,EQUITY,0.0207,3.4,1.464,187.32,0.021032504780114723
2015-02-26,2630.0,2635.050048828125,2600.0,2622.25,2022.4881591796875,1172341,HEROMOTOCO,Consumer Cyclical,Auto Manufacturers,N/A,EQUITY,0.0207,3.4,1.464,187.32,0.013480788010817308
2015-02-27,2643.89990234375,2678.75,2637.35009765625,2672.60009765625,2061.322265625,1913808,HEROMOTOCO,Consumer Cyclical,Auto Manufacturers,N/A,EQUITY,0.0207,3.4,1.464,187.32,0.015697537608124573
2015-03-02,2702.0,2705.5,2616.25,2624.550048828125,2024.2623291015625,817814,HEROMOTOCO,Consumer Cyclical,Auto Manufacturers,N/A,EQUITY,0.0207,3.4,1.464,187.32,0.03411371237458194
2015-03-03,2618.050048828125,2643.75,2598.10009765625,2636.5,2033.47900390625,438209,HEROMOTOCO,Consumer Cyclical,Auto Manufacturers,N/A,EQUITY,0.0207,3.4,1.464,187.32,0.017570494064078148
2015-03-04,2675.0,2678.0,2610.0,2622.25,2022.4881591796875,456591,HEROMOTOCO,Consumer Cyclical,Auto Manufacturers,N/A,EQUITY,0.0207,3.4,1.464,187.32,0.026053639846743294
2015-03-05,2631.0,2636.75,2584.60009765625,2609.449951171875,2012.6156005859375,428419,HEROMOTOCO,Consumer Cyclical,Auto Manufacturers,N/A,EQUITY,0.0207,3.4,1.464,187.32,0.020177164889469835
2015-03-09,2598.050048828125,2607.550048828125,2572.25,2599.25,2004.7491455078125,801602,HEROMOTOCO,Consumer Cyclical,Auto Manufacturers,N/A,EQUITY,0.0207,3.4,1.464,187.32,0.013723412898483818
2015-03-10,2590.10009765625,2625.39990234375,2590.10009765625,2617.699951171875,2018.9783935546875,605928,HEROMOTOCO,Consumer Cyclical,Auto Manufacturers,N/A,EQUITY,0.0207,3.4,1.464,187.32,0.01362874149900321
2015-03-11,2610.60009765625,2628.0,2592.0,2612.699951171875,2015.1226806640625,577880,HEROMOTOCO,Consumer Cyclical,Auto Manufacturers,N/A,EQUITY,0.0207,3.4,1.464,187.32,0.013888888888888888
2015-03-12,2624.800048828125,2647.39990234375,2616.199951171875,2642.35009765625,2037.99072265625,589703,HEROMOTOCO,Consumer Cyclical,Auto Manufacturers,N/A,EQUITY,0.0207,3.4,1.464,187.32,0.01192567531311955
2015-03-13,2673.949951171875,2673.949951171875,2605.10009765625,2610.0,2013.0401611328125,293111,HEROMOTOCO,Consumer Cyclical,Auto Manufacturers,N/A,EQUITY,0.0207,3.4,1.464,187.32,0.02642887065167579
2015-03-16,2615.050048828125,2643.75,2600.0,2631.25,2029.4295654296875,212151,HEROMOTOCO,Consumer Cyclical,Auto Manufacturers,N/A,EQUITY,0.0207,3.4,1.464,187.32,0.016826923076923076
2015-03-17,2645.0,2655.0,2631.050048828125,2651.449951171875,2045.0098876953125,503626,HEROMOTOCO,Consumer Cyclical,Auto Manufacturers,N/A,EQUITY,0.0207,3.4,1.464,187.32,0.009102810941411911
2015-03-18,2652.0,2688.89990234375,2640.10009765625,2675.35009765625,2063.443115234375,547515,HEROMOTOCO,Consumer Cyclical,Auto Manufacturers,N/A,EQUITY,0.0207,3.4,1.464,187.32,0.018484073664790986
2015-03-19,2696.449951171875,2697.60009765625,2654.050048828125,2662.800048828125,2053.763671875,382445,HEROMOTOCO,Consumer Cyclical,Auto Manufacturers,N/A,EQUITY,0.0207,3.4,1.464,187.32,0.016408902630662216
2015-03-20,2650.0,2660.0,2603.199951171875,2609.949951171875,2013.0013427734375,307523,HEROMOTOCO,Consumer Cyclical,Auto Manufacturers,N/A,EQUITY,0.0207,3.4,1.464,187.32,0.02181931849013576
2015-03-23,2619.949951171875,2646.0,2602.800048828125,2637.10009765625,2033.9415283203125,202857,HEROMOTOCO,Consumer Cyclical,Auto Manufacturers,N/A,EQUITY,0.0207,3.4,1.464,187.32,0.01659749130223245
2015-03-24,2645.800048828125,2649.0,2599.10009765625,2605.10009765625,2009.2611083984375,514291,HEROMOTOCO,Consumer Cyclical,Auto Manufacturers,N/A,EQUITY,0.0207,3.4,1.464,187.32,0.01919891518943324
2015-03-25,2626.949951171875,2626.949951171875,2591.0,2595.75,2002.04931640625,401570,HEROMOTOCO,Consumer Cyclical,Auto Manufacturers,N/A,EQUITY,0.0207,3.4,1.464,187.32,0.01387493291079699
2015-03-26,2590.050048828125,2617.85009765625,2575.949951171875,2603.75,2008.219970703125,715178,HEROMOTOCO,Consumer Cyclical,Auto Manufacturers,N/A,EQUITY,0.0207,3.4,1.464,187.32,0.016265900843808474
2015-03-27,2592.0,2604.0,2552.0,2576.14990234375,1986.931640625,584370,HEROMOTOCO,Consumer Cyclical,Auto Manufacturers,N/A,EQUITY,0.0207,3.4,1.464,187.32,0.02037617554858934
2015-03-30,2580.10009765625,2666.85009765625,2561.39990234375,2644.300048828125,2039.4947509765625,281366,HEROMOTOCO,Consumer Cyclical,Auto Manufacturers,N/A,EQUITY,0.0207,3.4,1.464,187.32,0.041168969834038886
2015-03-31,2649.0,2658.75,2620.699951171875,2639.800048828125,2036.024169921875,493733,HEROMOTOCO,Consumer Cyclical,Auto Manufacturers,N/A,EQUITY,0.0207,3.4,1.464,187.32,0.014519040537666473
2015-04-01,2639.949951171875,2669.949951171875,2628.0,2655.85009765625,2048.4033203125,375681,HEROMOTOCO,Consumer Cyclical,Auto Manufacturers,N/A,EQUITY,0.0207,3.4,1.464,187.32,0.01596269070467085
2015-04-06,2673.89990234375,2678.0,2635.0,2672.699951171875,2061.399169921875,365024,HEROMOTOCO,Consumer Cyclical,Auto Manufacturers,N/A,EQUITY,0.0207,3.4,1.464,187.32,0.01631878557874763
2015-04-07,2672.800048828125,2672.800048828125,2621.60009765625,2632.35009765625,2030.2781982421875,359998,HEROMOTOCO,Consumer Cyclical,Auto Manufacturers,N/A,EQUITY,0.0207,3.4,1.464,187.32,0.019530038627038705
2015-04-08,2637.0,2642.199951171875,2601.5,2605.800048828125,2009.80078125,1053590,HEROMOTOCO,Consumer Cyclical,Auto Manufacturers,N/A,EQUITY,0.0207,3.4,1.464,187.32,0.015644801526763407
2015-04-09,2620.0,2633.949951171875,2602.300048828125,2611.60009765625,2014.2740478515625,1041470,HEROMOTOCO,Consumer Cyclical,Auto Manufacturers,N/A,EQUITY,0.0207,3.4,1.464,187.32,0.012162280194400592
2015-04-10,2614.949951171875,2624.39990234375,2575.5,2583.85009765625,1992.871337890625,654704,HEROMOTOCO,Consumer Cyclical,Auto Manufacturers,N/A,EQUITY,0.0207,3.4,1.464,187.32,0.01898656662541254
2015-04-13,2599.0,2599.0,2565.64990234375,2580.699951171875,1990.44189453125,420050,HEROMOTOCO,Consumer Cyclical,Auto Manufacturers,N/A,EQUITY,0.0207,3.4,1.464,187.32,0.012998693869254847
2015-04-15,2581.199951171875,2587.0,2509.800048828125,2524.550048828125,1947.13427734375,726309,HEROMOTOCO,Consumer Cyclical,Auto Manufacturers,N/A,EQUITY,0.0207,3.4,1.464,187.32,0.030759403008188312
2015-04-16,2516.199951171875,2520.0,2413.0,2430.10009765625,1874.2869873046875,1443068,HEROMOTOCO,Consumer Cyclical,Auto Manufacturers,N/A,EQUITY,0.0207,3.4,1.464,187.32,0.04434314131786158
2015-04-17,2429.800048828125,2440.0,2382.75,2410.5,1859.1700439453125,1198446,HEROMOTOCO,Consumer Cyclical,Auto Manufacturers,N/A,EQUITY,0.0207,3.4,1.464,187.32,0.02402685972091071
2015-04-20,2411.0,2427.35009765625,2300.89990234375,2316.35009765625,1786.5540771484375,1710612,HEROMOTOCO,Consumer Cyclical,Auto Manufacturers,N/A,EQUITY,0.0207,3.4,1.464,187.32,0.054956843269754974
2015-04-21,2316.0,2346.75,2293.5,2329.10009765625,1796.3878173828125,901340,HEROMOTOCO,Consumer Cyclical,Auto Manufacturers,N/A,EQUITY,0.0207,3.4,1.464,187.32,0.023217789404839765
2015-04-22,2340.0,2421.0,2340.0,2409.39990234375,1858.3211669921875,840590,HEROMOTOCO,Consumer Cyclical,Auto Manufacturers,N/A,EQUITY,0.0207,3.4,1.464,187.32,0.03461538461538462
2015-04-23,2412.699951171875,2427.10009765625,2359.0,2390.550048828125,1843.782958984375,1012419,HEROMOTOCO,Consumer Cyclical,Auto Manufacturers,N/A,EQUITY,0.0207,3.4,1.464,187.32,0.028868205873781264
2015-04-24,2380.449951171875,2397.89990234375,2325.5,2352.800048828125,1814.6668701171875,1960963,HEROMOTOCO,Consumer Cyclical,Auto Manufacturers,N/A,EQUITY,0.0207,3.4,1.464,187.32,0.031133047664480756
2015-04-27,2360.0,2363.050048828125,2295.60009765625,2317.0,1787.0552978515625,2307119,HEROMOTOCO,Consumer Cyclical,Auto Manufacturers,N/A,EQUITY,0.0207,3.4,1.464,187.32,0.029382274047095442
2015-04-28,2309.0,2369.949951171875,2300.0,2355.550048828125,1816.7880859375,711394,HEROMOTOCO,Consumer Cyclical,Auto Manufacturers,N/A,EQUITY,0.0207,3.4,1.464,187.32,0.030413022248641303
2015-04-29,2356.300048828125,2390.0,2340.10009765625,2372.10009765625,1829.5526123046875,295438,HEROMOTOCO,Consumer Cyclical,Auto Manufacturers,N/A,EQUITY,0.0207,3.4,1.464,187.32,0.021323832426539246
2015-04-30,2360.10009765625,2363.0,2325.0,2328.89990234375,1796.2337646484375,1052575,HEROMOTOCO,Consumer Cyclical,Auto Manufacturers,N/A,EQUITY,0.0207,3.4,1.464,187.32,0.016344086021505378
2015-05-04,2340.0,2399.800048828125,2330.0,2389.550048828125,1843.0113525390625,1647793,HEROMOTOCO,Consumer Cyclical,Auto Manufacturers,N/A,EQUITY,0.0207,3.4,1.464,187.32,0.0299571025013412
2015-05-05,2389.550048828125,2390.5,2340.85009765625,2357.449951171875,1818.2532958984375,775073,HEROMOTOCO,Consumer Cyclical,Auto Manufacturers,N/A,EQUITY,0.0207,3.4,1.464,187.32,0.021210201538945792
2015-05-06,2353.0,2355.85009765625,2308.5,2326.39990234375,1794.304931640625,1488751,HEROMOTOCO,Consumer Cyclical,Auto Manufacturers,N/A,EQUITY,0.0207,3.4,1.464,187.32,0.0205111967321854
2015-05-07,2330.10009765625,2372.39990234375,2305.39990234375,2354.550048828125,1816.0164794921875,1397408,HEROMOTOCO,Consumer Cyclical,Auto Manufacturers,N/A,EQUITY,0.0207,3.4,1.464,187.32,0.029062203018177222
2015-05-08,2309.0,2314.800048828125,2251.300048828125,2300.64990234375,1774.4443359375,1079192,HEROMOTOCO,Consumer Cyclical,Auto Manufacturers,N/A,EQUITY,0.0207,3.4,1.464,187.32,0.028205924853532436
2015-05-11,2310.0,2404.64990234375,2310.0,2384.25,1838.923828125,887873,HEROMOTOCO,Consumer Cyclical,Auto Manufacturers,N/A,EQUITY,0.0207,3.4,1.464,187.32,0.04097398369859307
2015-05-12,2398.0,2497.10009765625,2385.14990234375,2466.39990234375,1902.284423828125,2015463,HEROMOTOCO,Consumer Cyclical,Auto Manufacturers,N/A,EQUITY,0.0207,3.4,1.464,187.32,0.04693633519742007
2015-05-13,2486.800048828125,2530.0,2480.39990234375,2503.75,1931.0921630859375,885648,HEROMOTOCO,Consumer Cyclical,Auto Manufacturers,N/A,EQUITY,0.0207,3.4,1.464,187.32,0.019996814872223816
2015-05-14,2500.0,2549.0,2482.14990234375,2537.5,1957.122802734375,512485,HEROMOTOCO,Consumer Cyclical,Auto Manufacturers,N/A,EQUITY,0.0207,3.4,1.464,187.32,0.026932337000729625
2015-05-15,2537.949951171875,2555.5,2518.5,2529.699951171875,1951.1064453125,309635,HEROMOTOCO,Consumer Cyclical,Auto Manufacturers,N/A,EQUITY,0.0207,3.4,1.464,187.32,0.014691284494738933
2015-05-18,2518.0,2548.0,2507.0,2520.550048828125,1944.0489501953125,812046,HEROMOTOCO,Consumer Cyclical,Auto Manufacturers,N/A,EQUITY,0.0207,3.4,1.464,187.32,0.016354208216992423
2015-05-19,2520.0,2609.449951171875,2520.0,2580.75,1990.48046875,923546,HEROMOTOCO,Consumer Cyclical,Auto Manufacturers,N/A,EQUITY,0.0207,3.4,1.464,187.32,0.03549601236979167
2015-05-20,2590.0,2594.75,2576.0,2579.39990234375,1989.438232421875,688445,HEROMOTOCO,Consumer Cyclical,Auto Manufacturers,N/A,EQUITY,0.0207,3.4,1.464,187.32,0.007278726708074534
2015-05-21,2580.0,2615.0,2543.699951171875,2602.39990234375,2007.1785888671875,531936,HEROMOTOCO,Consumer Cyclical,Auto Manufacturers,N/A,EQUITY,0.0207,3.4,1.464,187.32,0.0280300547221685
2015-05-22,2602.10009765625,2610.0,2578.10009765625,2603.449951171875,2007.9881591796875,138833,HEROMOTOCO,Consumer Cyclical,Auto Manufacturers,N/A,EQUITY,0.0207,3.4,1.464,187.32,0.01237341497048551
2015-05-25,2603.89990234375,2607.89990234375,2580.10009765625,2588.10009765625,1996.1494140625,178329,HEROMOTOCO,Consumer Cyclical,Auto Manufacturers,N/A,EQUITY,0.0207,3.4,1.464,187.32,0.010774700064060772
2015-05-26,2590.89990234375,2638.5,2589.35009765625,2613.85009765625,2016.0093994140625,428351,HEROMOTOCO,Consumer Cyclical,Auto Manufacturers,N/A,EQUITY,0.0207,3.4,1.464,187.32,0.018981559267801613
2015-05-27,2606.5,2663.75,2594.60009765625,2606.300048828125,2010.1864013671875,396976,HEROMOTOCO,Consumer Cyclical,Auto Manufacturers,N/A,EQUITY,0.0207,3.4,1.464,187.32,0.026651468334644084
2015-05-28,2610.39990234375,2668.5,2592.10009765625,2643.39990234375,2038.8009033203125,1494418,HEROMOTOCO,Consumer Cyclical,Auto Manufacturers,N/A,EQUITY,0.0207,3.4,1.464,187.32,0.029474132736166322
2015-05-29,2640.0,2705.0,2624.0,2696.85009765625,2080.02587890625,701724,HEROMOTOCO,Consumer Cyclical,Auto Manufacturers,N/A,EQUITY,0.0207,3.4,1.464,187.32,0.03086890243902439
2015-06-01,2678.0,2737.89990234375,2643.25,2710.0,2113.680419921875,510174,HEROMOTOCO,Consumer Cyclical,Auto Manufacturers,N/A,EQUITY,0.0207,3.4,1.464,187.32,0.035808153728837604
2015-06-02,2692.25,2692.25,2601.0,2608.60009765625,2034.59326171875,822000,HEROMOTOCO,Consumer Cyclical,Auto Manufacturers,N/A,EQUITY,0.0207,3.4,1.464,187.32,0.035082660515186465
2015-06-03,2600.0,2629.89990234375,2567.300048828125,2576.949951171875,2009.9078369140625,555765,HEROMOTOCO,Consumer Cyclical,Auto Manufacturers,N/A,EQUITY,0.0207,3.4,1.464,187.32,0.02438353613719575
2015-06-04,2577.0,2591.0,2536.0,2547.89990234375,1987.2498779296875,516562,HEROMOTOCO,Consumer Cyclical,Auto Manufacturers,N/A,EQUITY,0.0207,3.4,1.464,187.32,0.02168769716088328
2015-06-05,2549.949951171875,2598.0,2528.10009765625,2577.64990234375,2010.4537353515625,335801,HEROMOTOCO,Consumer Cyclical,Auto Manufacturers,N/A,EQUITY,0.0207,3.4,1.464,187.32,0.027649183040083253
2015-06-08,2593.800048828125,2593.800048828125,2508.050048828125,2520.64990234375,1965.9962158203125,411130,HEROMOTOCO,Consumer Cyclical,Auto Manufacturers,N/A,EQUITY,0.0207,3.4,1.464,187.32,0.03418990782901892
2015-06-09,2511.050048828125,2529.949951171875,2494.0,2499.949951171875,1949.8507080078125,531218,HEROMOTOCO,Consumer Cyclical,Auto Manufacturers,N/A,EQUITY,0.0207,3.4,1.464,187.32,0.014414575449829591
2015-06-10,2515.0,2530.0,2501.0,2514.949951171875,1961.55029296875,377088,HEROMOTOCO,Consumer Cyclical,Auto Manufacturers,N/A,EQUITY,0.0207,3.4,1.464,187.32,0.011595361855257898
2015-06-11,2532.0,2548.0,2500.0,2504.199951171875,1953.1656494140625,410240,HEROMOTOCO,Consumer Cyclical,Auto Manufacturers,N/A,EQUITY,0.0207,3.4,1.464,187.32,0.0192
2015-06-12,2490.0,2524.60009765625,2484.199951171875,2503.550048828125,1952.65869140625,332914,HEROMOTOCO,Consumer Cyclical,Auto Manufacturers,N/A,EQUITY,0.0207,3.4,1.464,187.32,0.016262840060566375
2015-06-15,2495.0,2531.5,2482.0,2506.050048828125,1954.6085205078125,253983,HEROMOTOCO,Consumer Cyclical,Auto Manufacturers,N/A,EQUITY,0.0207,3.4,1.464,187.32,0.019943593875906527
2015-06-16,2504.300048828125,2554.60009765625,2499.800048828125,2543.199951171875,1983.583251953125,290025,HEROMOTOCO,Consumer Cyclical,Auto Manufacturers,N/A,EQUITY,0.0207,3.4,1.464,187.32,0.021921772844917968
2015-06-17,2565.0,2567.949951171875,2515.0,2522.300048828125,1967.2830810546875,530660,HEROMOTOCO,Consumer Cyclical,Auto Manufacturers,N/A,EQUITY,0.0207,3.4,1.464,187.32,0.021053658517644135
2015-06-18,2525.0,2546.949951171875,2518.10009765625,2526.300048828125,1970.4029541015625,448303,HEROMOTOCO,Consumer Cyclical,Auto Manufacturers,N/A,EQUITY,0.0207,3.4,1.464,187.32,0.011456992334211545
2015-06-19,2534.199951171875,2580.300048828125,2530.0,2551.449951171875,1990.01904296875,374245,HEROMOTOCO,Consumer Cyclical,Auto Manufacturers,N/A,EQUITY,0.0207,3.4,1.464,187.32,0.019881442224555335
2015-06-22,2579.39990234375,2589.0,2563.199951171875,2581.550048828125,2013.4954833984375,271426,HEROMOTOCO,Consumer Cyclical,Auto Manufacturers,N/A,EQUITY,0.0207,3.4,1.464,187.32,0.010065562312580966
2015-06-23,2590.0,2590.0,2512.0,2517.39990234375,1963.461181640625,350911,HEROMOTOCO,Consumer Cyclical,Auto Manufacturers,N/A,EQUITY,0.0207,3.4,1.464,187.32,0.03105095541401274
2015-06-24,2517.5,2547.0,2510.10009765625,2521.0,1966.2689208984375,320799,HEROMOTOCO,Consumer Cyclical,Auto Manufacturers,N/A,EQUITY,0.0207,3.4,1.464,187.32,0.01470057006021571
2015-06-25,2530.0,2575.0,2527.0,2552.10009765625,1990.5252685546875,400609,HEROMOTOCO,Consumer Cyclical,Auto Manufacturers,N/A,EQUITY,0.0207,3.4,1.464,187.32,0.018994855559952513
2015-06-26,2550.0,2566.60009765625,2521.0,2539.199951171875,1980.4642333984375,200634,HEROMOTOCO,Consumer Cyclical,Auto Manufacturers,N/A,EQUITY,0.0207,3.4,1.464,187.32,0.018088099030642603
2015-06-29,2508.0,2556.0,2500.0,2535.75,1977.7734375,355916,HEROMOTOCO,Consumer Cyclical,Auto Manufacturers,N/A,EQUITY,0.0207,3.4,1.464,187.32,0.0224
2015-06-30,2542.0,2554.0,2502.0,2523.5,1968.2191162109375,325449,HEROMOTOCO,Consumer Cyclical,Auto Manufacturers,N/A,EQUITY,0.0207,3.4,1.464,187.32,0.020783373301358914
2015-07-01,2525.10009765625,2534.949951171875,2500.39990234375,2520.60009765625,1965.957275390625,401143,HEROMOTOCO,Consumer Cyclical,Auto Manufacturers,N/A,EQUITY,0.0207,3.4,1.464,187.32,0.013817809221532728
2015-07-02,2521.5,2568.0,2521.0,2528.300048828125,1971.96240234375,423277,HEROMOTOCO,Consumer Cyclical,Auto Manufacturers,N/A,EQUITY,0.0207,3.4,1.464,187.32,0.018643395477984926
2015-07-03,2540.0,2584.949951171875,2530.0,2576.64990234375,2009.673583984375,271136,HEROMOTOCO,Consumer Cyclical,Auto Manufacturers,N/A,EQUITY,0.0207,3.4,1.464,187.32,0.021719348289278656
2015-07-06,2566.0,2624.949951171875,2555.75,2613.39990234375,2038.337158203125,307013,HEROMOTOCO,Consumer Cyclical,Auto Manufacturers,N/A,EQUITY,0.0207,3.4,1.464,187.32,0.027076181618654015
2015-07-07,2625.0,2639.0,2560.0,2563.75,1999.612548828125,425371,HEROMOTOCO,Consumer Cyclical,Auto Manufacturers,N/A,EQUITY,0.0207,3.4,1.464,187.32,0.030859375
2015-07-08,2549.550048828125,2582.89990234375,2516.550048828125,2549.89990234375,1988.809814453125,510583,HEROMOTOCO,Consumer Cyclical,Auto Manufacturers,N/A,EQUITY,0.0207,3.4,1.464,187.32,0.026365401930520695
2015-07-09,2540.10009765625,2609.949951171875,2540.10009765625,2604.75,2031.59033203125,418181,HEROMOTOCO,Consumer Cyclical,Auto Manufacturers,N/A,EQUITY,0.0207,3.4,1.464,187.32,0.027498858639498282
2015-07-10,2609.0,2618.75,2566.0,2571.550048828125,2005.6959228515625,401799,HEROMOTOCO,Consumer Cyclical,Auto Manufacturers,N/A,EQUITY,0.0207,3.4,1.464,187.32,0.020557287607170693
2015-07-13,2580.0,2609.0,2550.10009765625,2600.199951171875,2028.041259765625,229719,HEROMOTOCO,Consumer Cyclical,Auto Manufacturers,N/A,EQUITY,0.0207,3.4,1.464,187.32,0.023097094266175597
2015-07-14,2610.0,2649.89990234375,2592.0,2638.699951171875,2058.070068359375,324900,HEROMOTOCO,Consumer Cyclical,Auto Manufacturers,N/A,EQUITY,0.0207,3.4,1.464,187.32,0.022337925286940587
2015-07-15,2648.949951171875,2670.89990234375,2648.0,2658.25,2073.318115234375,145475,HEROMOTOCO,Consumer Cyclical,Auto Manufacturers,N/A,EQUITY,0.0207,3.4,1.464,187.32,0.008647999374527945
2015-07-16,2658.0,2666.0,2626.0,2649.300048828125,2066.337890625,201208,HEROMOTOCO,Consumer Cyclical,Auto Manufacturers,N/A,EQUITY,0.0207,3.4,1.464,187.32,0.015232292460015232
2015-07-17,2652.949951171875,2678.0,2641.300048828125,2649.39990234375,2066.415771484375,180187,HEROMOTOCO,Consumer Cyclical,Auto Manufacturers,N/A,EQUITY,0.0207,3.4,1.464,187.32,0.013894654334390293
2015-07-20,2666.800048828125,2675.0,2654.0,2661.89990234375,2076.16455078125,165950,HEROMOTOCO,Consumer Cyclical,Auto Manufacturers,N/A,EQUITY,0.0207,3.4,1.464,187.32,0.007912584777694047
2015-07-21,2661.89990234375,2695.0,2658.550048828125,2687.25,2095.93701171875,156870,HEROMOTOCO,Consumer Cyclical,Auto Manufacturers,N/A,EQUITY,0.0207,3.4,1.464,187.32,0.01371046265912577
2015-07-22,2686.0,2719.89990234375,2670.35009765625,2711.0,2114.460693359375,196253,HEROMOTOCO,Consumer Cyclical,Auto Manufacturers,N/A,EQUITY,0.0207,3.4,1.464,187.32,0.018555546230057833
2015-07-23,2710.0,2730.0,2674.0,2717.60009765625,2119.6083984375,296483,HEROMOTOCO,Consumer Cyclical,Auto Manufacturers,N/A,EQUITY,0.0207,3.4,1.464,187.32,0.020942408376963352
2015-07-24,2700.0,2748.800048828125,2700.0,2740.39990234375,2137.391357421875,336553,HEROMOTOCO,Consumer Cyclical,Auto Manufacturers,N/A,EQUITY,0.0207,3.4,1.464,187.32,0.018074092158564814
2015-07-27,2749.449951171875,2749.449951171875,2595.0,2605.050048828125,2031.8243408203125,453942,HEROMOTOCO,Consumer Cyclical,Auto Manufacturers,N/A,EQUITY,0.0207,3.4,1.464,187.32,0.05951828561536609
2015-07-28,2612.199951171875,2631.449951171875,2501.10009765625,2531.5,1974.4586181640625,614008,HEROMOTOCO,Consumer Cyclical,Auto Manufacturers,N/A,EQUITY,0.0207,3.4,1.464,187.32,0.05211700788695912
2015-07-29,2538.699951171875,2581.0,2506.300048828125,2569.85009765625,2004.369873046875,412275,HEROMOTOCO,Consumer Cyclical,Auto Manufacturers,N/A,EQUITY,0.0207,3.4,1.464,187.32,0.029804871610165984
2015-07-30,2570.0,2627.35009765625,2565.0,2580.35009765625,2012.559814453125,1025263,HEROMOTOCO,Consumer Cyclical,Auto Manufacturers,N/A,EQUITY,0.0207,3.4,1.464,187.32,0.02430803027534113
2015-07-31,2599.949951171875,2698.5,2585.449951171875,2682.699951171875,2092.387939453125,471113,HEROMOTOCO,Consumer Cyclical,Auto Manufacturers,N/A,EQUITY,0.0207,3.4,1.464,187.32,0.04372548336388573
2015-08-03,2656.0,2718.0,2602.35009765625,2697.10009765625,2103.619384765625,861266,HEROMOTOCO,Consumer Cyclical,Auto Manufacturers,N/A,EQUITY,0.0207,3.4,1.464,187.32,0.044440562569927684
2015-08-04,2790.0,2793.800048828125,2613.64990234375,2623.85009765625,2046.4874267578125,1657551,HEROMOTOCO,Consumer Cyclical,Auto Manufacturers,N/A,EQUITY,0.0207,3.4,1.464,187.32,0.06892665552598615
2015-08-05,2637.0,2674.89990234375,2628.449951171875,2666.0,2079.363037109375,404556,HEROMOTOCO,Consumer Cyclical,Auto Manufacturers,N/A,EQUITY,0.0207,3.4,1.464,187.32,0.01767199377380788
2015-08-06,2682.0,2682.0,2639.0,2651.10009765625,2067.741943359375,247050,HEROMOTOCO,Consumer Cyclical,Auto Manufacturers,N/A,EQUITY,0.0207,3.4,1.464,187.32,0.0162940507768094
2015-08-07,2633.050048828125,2669.5,2633.050048828125,2661.85009765625,2076.12646484375,175465,HEROMOTOCO,Consumer Cyclical,Auto Manufacturers,N/A,EQUITY,0.0207,3.4,1.464,187.32,0.013843242815721466
2015-08-10,2664.60009765625,2729.89990234375,2662.550048828125,2703.949951171875,2108.96240234375,431904,HEROMOTOCO,Consumer Cyclical,Auto Manufacturers,N/A,EQUITY,0.0207,3.4,1.464,187.32,0.025295244138328166
2015-08-11,2709.10009765625,2718.64990234375,2668.800048828125,2688.39990234375,2096.833740234375,682348,HEROMOTOCO,Consumer Cyclical,Auto Manufacturers,N/A,EQUITY,0.0207,3.4,1.464,187.32,0.018678751724961248
2015-08-12,2665.0,2697.0,2622.050048828125,2634.800048828125,2055.0283203125,347945,HEROMOTOCO,Consumer Cyclical,Auto Manufacturers,N/A,EQUITY,0.0207,3.4,1.464,187.32,0.028584485336339192
2015-08-13,2637.5,2684.0,2619.199951171875,2646.5,2064.15380859375,346709,HEROMOTOCO,Consumer Cyclical,Auto Manufacturers,N/A,EQUITY,0.0207,3.4,1.464,187.32,0.02474039784520168
2015-08-14,2663.0,2722.199951171875,2641.199951171875,2712.449951171875,2115.591552734375,316094,HEROMOTOCO,Consumer Cyclical,Auto Manufacturers,N/A,EQUITY,0.0207,3.4,1.464,187.32,0.030667878804125026
2015-08-17,2718.0,2720.14990234375,2641.0,2650.25,2067.077880859375,191264,HEROMOTOCO,Consumer Cyclical,Auto Manufacturers,N/A,EQUITY,0.0207,3.4,1.464,187.32,0.02996967146677395
2015-08-18,2651.199951171875,2676.699951171875,2635.10009765625,2641.0,2059.86328125,142927,HEROMOTOCO,Consumer Cyclical,Auto Manufacturers,N/A,EQUITY,0.0207,3.4,1.464,187.32,0.015786820983622354
2015-08-19,2630.550048828125,2708.949951171875,2616.300048828125,2684.699951171875,2093.94775390625,200364,HEROMOTOCO,Consumer Cyclical,Auto Manufacturers,N/A,EQUITY,0.0207,3.4,1.464,187.32,0.03541256760104756
2015-08-20,2650.0,2664.35009765625,2621.300048828125,2629.10009765625,2050.58203125,239882,HEROMOTOCO,Consumer Cyclical,Auto Manufacturers,N/A,EQUITY,0.0207,3.4,1.464,187.32,0.01642316714081278
2015-08-21,2615.0,2657.949951171875,2535.0,2555.050048828125,1992.82666015625,536661,HEROMOTOCO,Consumer Cyclical,Auto Manufacturers,N/A,EQUITY,0.0207,3.4,1.464,187.32,0.048500966931706115
2015-08-24,2512.0,2518.949951171875,2400.0,2472.550048828125,1928.4805908203125,589441,HEROMOTOCO,Consumer Cyclical,Auto Manufacturers,N/A,EQUITY,0.0207,3.4,1.464,187.32,0.049562479654947915
2015-08-25,2475.14990234375,2518.699951171875,2404.800048828125,2464.5,1922.201171875,588828,HEROMOTOCO,Consumer Cyclical,Auto Manufacturers,N/A,EQUITY,0.0207,3.4,1.464,187.32,0.04736356455051395
2015-08-26,2447.0,2450.0,2367.050048828125,2392.699951171875,1866.20068359375,1271762,HEROMOTOCO,Consumer Cyclical,Auto Manufacturers,N/A,EQUITY,0.0207,3.4,1.464,187.32,0.035043598344252046
2015-08-27,2418.0,2418.0,2364.25,2377.800048828125,1854.5794677734375,937972,HEROMOTOCO,Consumer Cyclical,Auto Manufacturers,N/A,EQUITY,0.0207,3.4,1.464,187.32,0.022734482393993866
2015-08-28,2399.5,2428.949951171875,2377.800048828125,2398.60009765625,1870.8026123046875,318325,HEROMOTOCO,Consumer Cyclical,Auto Manufacturers,N/A,EQUITY,0.0207,3.4,1.464,187.32,0.021511439689371154
2015-08-31,2380.0,2415.0,2380.0,2397.199951171875,1869.7105712890625,358188,HEROMOTOCO,Consumer Cyclical,Auto Manufacturers,N/A,EQUITY,0.0207,3.4,1.464,187.32,0.014705882352941176
2015-09-01,2370.0,2395.39990234375,2353.050048828125,2383.85009765625,1859.2982177734375,367859,HEROMOTOCO,Consumer Cyclical,Auto Manufacturers,N/A,EQUITY,0.0207,3.4,1.464,187.32,0.017997854969857625
2015-09-02,2365.0,2389.800048828125,2300.449951171875,2338.699951171875,1824.083251953125,493940,HEROMOTOCO,Consumer Cyclical,Auto Manufacturers,N/A,EQUITY,0.0207,3.4,1.464,187.32,0.038840270187462264
2015-09-03,2356.0,2362.5,2315.10009765625,2322.35009765625,1811.3309326171875,260650,HEROMOTOCO,Consumer Cyclical,Auto Manufacturers,N/A,EQUITY,0.0207,3.4,1.464,187.32,0.02047423452304999
2015-09-04,2323.60009765625,2329.949951171875,2265.550048828125,2290.85009765625,1786.7625732421875,424019,HEROMOTOCO,Consumer Cyclical,Auto Manufacturers,N/A,EQUITY,0.0207,3.4,1.464,187.32,0.028425724859647835
2015-09-07,2300.0,2311.10009765625,2257.199951171875,2280.60009765625,1778.76806640625,257462,HEROMOTOCO,Consumer Cyclical,Auto Manufacturers,N/A,EQUITY,0.0207,3.4,1.464,187.32,0.02387920771325179
2015-09-08,2292.0,2327.64990234375,2282.300048828125,2313.199951171875,1804.1943359375,174954,HEROMOTOCO,Consumer Cyclical,Auto Manufacturers,N/A,EQUITY,0.0207,3.4,1.464,187.32,0.019870241662094536
2015-09-09,2341.0,2369.800048828125,2333.10009765625,2344.300048828125,1828.4505615234375,208014,HEROMOTOCO,Consumer Cyclical,Auto Manufacturers,N/A,EQUITY,0.0207,3.4,1.464,187.32,0.015730122856169985
2015-09-10,2327.0,2364.64990234375,2300.0,2348.60009765625,1831.8048095703125,222191,HEROMOTOCO,Consumer Cyclical,Auto Manufacturers,N/A,EQUITY,0.0207,3.4,1.464,187.32,0.028108653192934784
2015-09-11,2350.10009765625,2367.85009765625,2332.10009765625,2343.050048828125,1827.4759521484375,193787,HEROMOTOCO,Consumer Cyclical,Auto Manufacturers,N/A,EQUITY,0.0207,3.4,1.464,187.32,0.015329530681778449
2015-09-14,2339.949951171875,2359.699951171875,2320.0,2349.5,1832.5068359375,116680,HEROMOTOCO,Consumer Cyclical,Auto Manufacturers,N/A,EQUITY,0.0207,3.4,1.464,187.32,0.01711204791891164
2015-09-15,2339.699951171875,2341.64990234375,2305.050048828125,2310.550048828125,1802.1273193359375,330037,HEROMOTOCO,Consumer Cyclical,Auto Manufacturers,N/A,EQUITY,0.0207,3.4,1.464,187.32,0.01587811663101726
2015-09-16,2326.199951171875,2383.89990234375,2318.0,2368.35009765625,1847.2088623046875,399414,HEROMOTOCO,Consumer Cyclical,Auto Manufacturers,N/A,EQUITY,0.0207,3.4,1.464,187.32,0.02842963862974547
2015-09-18,2378.800048828125,2446.5,2375.14990234375,2428.5,1894.1236572265625,753722,HEROMOTOCO,Consumer Cyclical,Auto Manufacturers,N/A,EQUITY,0.0207,3.4,1.464,187.32,0.030040250337817907
2015-09-21,2388.300048828125,2447.800048828125,2388.300048828125,2423.699951171875,1890.3792724609375,239281,HEROMOTOCO,Consumer Cyclical,Auto Manufacturers,N/A,EQUITY,0.0207,3.4,1.464,187.32,0.02491311760814771
2015-09-22,2426.25,2449.85009765625,2375.300048828125,2388.949951171875,1863.2760009765625,380613,HEROMOTOCO,Consumer Cyclical,Auto Manufacturers,N/A,EQUITY,0.0207,3.4,1.464,187.32,0.03138552911027174
2015-09-23,2379.550048828125,2406.60009765625,2379.550048828125,2400.949951171875,1872.6351318359375,362950,HEROMOTOCO,Consumer Cyclical,Auto Manufacturers,N/A,EQUITY,0.0207,3.4,1.464,187.32,0.011367715859326657
2015-09-24,2400.0,2419.949951171875,2372.60009765625,2381.699951171875,1857.62109375,391877,HEROMOTOCO,Consumer Cyclical,Auto Manufacturers,N/A,EQUITY,0.0207,3.4,1.464,187.32,0.019956946626782615
2015-09-28,2383.199951171875,2389.89990234375,2335.800048828125,2349.5,1832.5068359375,325138,HEROMOTOCO,Consumer Cyclical,Auto Manufacturers,N/A,EQUITY,0.0207,3.4,1.464,187.32,0.02316116636043697
2015-09-29,2311.0,2370.5,2301.60009765625,2329.25,1816.7125244140625,460978,HEROMOTOCO,Consumer Cyclical,Auto Manufacturers,N/A,EQUITY,0.0207,3.4,1.464,187.32,0.029935653206615558
2015-09-30,2359.0,2408.300048828125,2310.5,2394.5,1867.6046142578125,431516,HEROMOTOCO,Consumer Cyclical,Auto Manufacturers,N/A,EQUITY,0.0207,3.4,1.464,187.32,0.042328521457747244
2015-10-01,2400.0,2472.699951171875,2400.0,2412.050048828125,1881.29296875,541532,HEROMOTOCO,Consumer Cyclical,Auto Manufacturers,N/A,EQUITY,0.0207,3.4,1.464,187.32,0.030291646321614584
2015-10-05,2449.89990234375,2517.89990234375,2435.0,2502.0,1951.4498291015625,383373,HEROMOTOCO,Consumer Cyclical,Auto Manufacturers,N/A,EQUITY,0.0207,3.4,1.464,187.32,0.03404513443275154
2015-10-06,2520.0,2553.0,2511.0,2532.35009765625,1975.121826171875,295211,HEROMOTOCO,Consumer Cyclical,Auto Manufacturers,N/A,EQUITY,0.0207,3.4,1.464,187.32,0.016726403823178016
2015-10-07,2535.0,2555.5,2495.050048828125,2540.75,1981.6734619140625,202418,HEROMOTOCO,Consumer Cyclical,Auto Manufacturers,N/A,EQUITY,0.0207,3.4,1.464,187.32,0.02422795133919944
2015-10-08,2541.0,2561.75,2523.300048828125,2541.60009765625,1982.336181640625,146872,HEROMOTOCO,Consumer Cyclical,Auto Manufacturers,N/A,EQUITY,0.0207,3.4,1.464,187.32,0.01523796236192045
2015-10-09,2565.0,2582.0,2553.0,2564.85009765625,2000.469970703125,147737,HEROMOTOCO,Consumer Cyclical,Auto Manufacturers,N/A,EQUITY,0.0207,3.4,1.464,187.32,0.01135918527222875
2015-10-12,2567.0,2596.5,2544.0,2552.949951171875,1991.1884765625,98041,HEROMOTOCO,Consumer Cyclical,Auto Manufacturers,N/A,EQUITY,0.0207,3.4,1.464,187.32,0.020636792452830188
2015-10-13,2555.0,2563.60009765625,2525.0,2538.75,1980.1131591796875,178225,HEROMOTOCO,Consumer Cyclical,Auto Manufacturers,N/A,EQUITY,0.0207,3.4,1.464,187.32,0.01528716738861386
2015-10-14,2539.75,2549.0,2492.800048828125,2500.0,1949.89013671875,184215,HEROMOTOCO,Consumer Cyclical,Auto Manufacturers,N/A,EQUITY,0.0207,3.4,1.464,187.32,0.022544909367397843
2015-10-15,2513.949951171875,2579.800048828125,2500.0,2564.050048828125,1999.84619140625,172463,HEROMOTOCO,Consumer Cyclical,Auto Manufacturers,N/A,EQUITY,0.0207,3.4,1.464,187.32,0.03192001953125
2015-10-16,2570.39990234375,2590.0,2558.800048828125,2584.0,2015.406494140625,137066,HEROMOTOCO,Consumer Cyclical,Auto Manufacturers,N/A,EQUITY,0.0207,3.4,1.464,187.32,0.012193196254691296
2015-10-19,2587.0,2620.199951171875,2555.75,2612.050048828125,2037.2841796875,183298,HEROMOTOCO,Consumer Cyclical,Auto Manufacturers,N/A,EQUITY,0.0207,3.4,1.464,187.32,0.025217627378215788
2015-10-20,2617.0,2627.85009765625,2586.550048828125,2606.199951171875,2032.721435546875,369501,HEROMOTOCO,Consumer Cyclical,Auto Manufacturers,N/A,EQUITY,0.0207,3.4,1.464,187.32,0.015967233592420374
2015-10-21,2658.89990234375,2667.60009765625,2590.0,2622.800048828125,2045.6685791015625,643276,HEROMOTOCO,Consumer Cyclical,Auto Manufacturers,N/A,EQUITY,0.0207,3.4,1.464,187.32,0.02996142766650579
2015-10-23,2635.25,2643.0,2588.10009765625,2596.050048828125,2024.80517578125,205893,HEROMOTOCO,Consumer Cyclical,Auto Manufacturers,N/A,EQUITY,0.0207,3.4,1.464,187.32,0.02121243393695114
2015-10-26,2602.89990234375,2633.0,2597.60009765625,2620.550048828125,2043.913818359375,197884,HEROMOTOCO,Consumer Cyclical,Auto Manufacturers,N/A,EQUITY,0.0207,3.4,1.464,187.32,0.01362792616757693
2015-10-27,2614.949951171875,2644.0,2586.699951171875,2620.10009765625,2043.5621337890625,357084,HEROMOTOCO,Consumer Cyclical,Auto Manufacturers,N/A,EQUITY,0.0207,3.4,1.464,187.32,0.02215179568939407
2015-10-28,2630.0,2632.800048828125,2595.25,2626.050048828125,2048.20361328125,199328,HEROMOTOCO,Consumer Cyclical,Auto Manufacturers,N/A,EQUITY,0.0207,3.4,1.464,187.32,0.0144687597834987
2015-10-29,2616.10009765625,2637.300048828125,2603.199951171875,2626.64990234375,2048.67138671875,265627,HEROMOTOCO,Consumer Cyclical,Auto Manufacturers,N/A,EQUITY,0.0207,3.4,1.464,187.32,0.01309930020584829
2015-10-30,2620.0,2629.60009765625,2563.699951171875,2581.39990234375,2013.378173828125,341083,HEROMOTOCO,Consumer Cyclical,Auto Manufacturers,N/A,EQUITY,0.0207,3.4,1.464,187.32,0.025705093318058474
2015-11-02,2575.199951171875,2584.39990234375,2532.699951171875,2545.85009765625,1985.6512451171875,367201,HEROMOTOCO,Consumer Cyclical,Auto Manufacturers,N/A,EQUITY,0.0207,3.4,1.464,187.32,0.020412979100802503
2015-11-03,2556.949951171875,2597.0,2536.199951171875,2582.75,2014.431396484375,226406,HEROMOTOCO,Consumer Cyclical,Auto Manufacturers,N/A,EQUITY,0.0207,3.4,1.464,187.32,0.023972892515841178
2015-11-04,2600.0,2634.199951171875,2592.0,2621.050048828125,2044.3038330078125,223537,HEROMOTOCO,Consumer Cyclical,Auto Manufacturers,N/A,EQUITY,0.0207,3.4,1.464,187.32,0.016280845359519677
2015-11-05,2617.85009765625,2658.60009765625,2606.10009765625,2638.699951171875,2058.070068359375,229100,HEROMOTOCO,Consumer Cyclical,Auto Manufacturers,N/A,EQUITY,0.0207,3.4,1.464,187.32,0.02014504356421879
2015-11-06,2642.0,2674.89990234375,2600.10009765625,2639.85009765625,2058.96728515625,359043,HEROMOTOCO,Consumer Cyclical,Auto Manufacturers,N/A,EQUITY,0.0207,3.4,1.464,187.32,0.02876804810511915
2015-11-09,2605.050048828125,2649.89990234375,2596.10009765625,2614.10009765625,2038.8826904296875,138190,HEROMOTOCO,Consumer Cyclical,Auto Manufacturers,N/A,EQUITY,0.0207,3.4,1.464,187.32,0.020723316768898964
2015-11-10,2608.0,2671.0,2605.10009765625,2663.699951171875,2077.568359375,218330,HEROMOTOCO,Consumer Cyclical,Auto Manufacturers,N/A,EQUITY,0.0207,3.4,1.464,187.32,0.025296495287470397
2015-11-13,2645.0,2650.0,2611.0,2615.39990234375,2039.896728515625,155474,HEROMOTOCO,Consumer Cyclical,Auto Manufacturers,N/A,EQUITY,0.0207,3.4,1.464,187.32,0.01493680582152432
2015-11-16,2615.0,2645.0,2580.0,2611.699951171875,2037.0108642578125,153495,HEROMOTOCO,Consumer Cyclical,Auto Manufacturers,N/A,EQUITY,0.0207,3.4,1.464,187.32,0.025193798449612403
2015-11-17,2603.050048828125,2618.39990234375,2575.0,2597.949951171875,2026.2867431640625,196186,HEROMOTOCO,Consumer Cyclical,Auto Manufacturers,N/A,EQUITY,0.0207,3.4,1.464,187.32,0.016854331007281554
2015-11-18,2590.0,2604.5,2567.14990234375,2574.85009765625,2008.2703857421875,165550,HEROMOTOCO,Consumer Cyclical,Auto Manufacturers,N/A,EQUITY,0.0207,3.4,1.464,187.32,0.014549246860165899
2015-11-19,2618.75,2683.800048828125,2581.449951171875,2589.699951171875,2019.85205078125,736910,HEROMOTOCO,Consumer Cyclical,Auto Manufacturers,N/A,EQUITY,0.0207,3.4,1.464,187.32,0.039648298278952554
2015-11-20,2600.0,2639.0,2556.300048828125,2562.85009765625,1998.9105224609375,747678,HEROMOTOCO,Consumer Cyclical,Auto Manufacturers,N/A,EQUITY,0.0207,3.4,1.464,187.32,0.0323514257294588
2015-11-23,2572.0,2667.0,2572.0,2636.64990234375,2056.470703125,724326,HEROMOTOCO,Consumer Cyclical,Auto Manufacturers,N/A,EQUITY,0.0207,3.4,1.464,187.32,0.03693623639191291
2015-11-24,2641.0,2666.800048828125,2629.0,2645.35009765625,2063.257080078125,397339,HEROMOTOCO,Consumer Cyclical,Auto Manufacturers,N/A,EQUITY,0.0207,3.4,1.464,187.32,0.014378109101607075
2015-11-26,2610.0,2710.0,2610.0,2688.699951171875,2097.067626953125,1400143,HEROMOTOCO,Consumer Cyclical,Auto Manufacturers,N/A,EQUITY,0.0207,3.4,1.464,187.32,0.038314176245210725
2015-11-27,2688.0,2714.39990234375,2658.949951171875,2704.449951171875,2109.35205078125,300797,HEROMOTOCO,Consumer Cyclical,Auto Manufacturers,N/A,EQUITY,0.0207,3.4,1.464,187.32,0.020854078561139005
2015-11-30,2712.449951171875,2734.300048828125,2684.14990234375,2699.14990234375,2105.218017578125,604367,HEROMOTOCO,Consumer Cyclical,Auto Manufacturers,N/A,EQUITY,0.0207,3.4,1.464,187.32,0.01868380988728864
2015-12-01,2716.0,2717.550048828125,2670.199951171875,2678.39990234375,2089.034423828125,439761,HEROMOTOCO,Consumer Cyclical,Auto Manufacturers,N/A,EQUITY,0.0207,3.4,1.464,187.32,0.017732790997718875
2015-12-02,2664.89990234375,2701.800048828125,2654.5,2676.449951171875,2087.512939453125,552538,HEROMOTOCO,Consumer Cyclical,Auto Manufacturers,N/A,EQUITY,0.0207,3.4,1.464,187.32,0.017818816661565266
2015-12-03,2680.550048828125,2684.0,2611.199951171875,2617.800048828125,2041.7691650390625,395343,HEROMOTOCO,Consumer Cyclical,Auto Manufacturers,N/A,EQUITY,0.0207,3.4,1.464,187.32,0.0278799211816212
2015-12-04,2613.0,2634.35009765625,2603.14990234375,2617.800048828125,2041.7691650390625,223767,HEROMOTOCO,Consumer Cyclical,Auto Manufacturers,N/A,EQUITY,0.0207,3.4,1.464,187.32,0.011985554609978034
2015-12-07,2634.699951171875,2663.10009765625,2609.39990234375,2623.050048828125,2045.863525390625,667088,HEROMOTOCO,Consumer Cyclical,Auto Manufacturers,N/A,EQUITY,0.0207,3.4,1.464,187.32,0.020579519170007922
2015-12-08,2615.0,2640.0,2585.64990234375,2601.89990234375,2029.3670654296875,231485,HEROMOTOCO,Consumer Cyclical,Auto Manufacturers,N/A,EQUITY,0.0207,3.4,1.464,187.32,0.021019898172209863
2015-12-09,2599.949951171875,2604.85009765625,2536.0,2546.39990234375,1986.0797119140625,247209,HEROMOTOCO,Consumer Cyclical,Auto Manufacturers,N/A,EQUITY,0.0207,3.4,1.464,187.32,0.02714909213574527
2015-12-10,2566.60009765625,2574.0,2538.14990234375,2548.35009765625,1987.600341796875,295521,HEROMOTOCO,Consumer Cyclical,Auto Manufacturers,N/A,EQUITY,0.0207,3.4,1.464,187.32,0.014124499748082532
2015-12-11,2550.0,2563.800048828125,2516.64990234375,2525.14990234375,1969.5062255859375,303901,HEROMOTOCO,Consumer Cyclical,Auto Manufacturers,N/A,EQUITY,0.0207,3.4,1.464,187.32,0.01873528234517808
2015-12-14,2519.800048828125,2555.0,2500.449951171875,2535.75,1977.7734375,178832,HEROMOTOCO,Consumer Cyclical,Auto Manufacturers,N/A,EQUITY,0.0207,3.4,1.464,187.32,0.02181609306059466
2015-12-15,2540.0,2579.0,2508.0,2567.800048828125,2002.7708740234375,203987,HEROMOTOCO,Consumer Cyclical,Auto Manufacturers,N/A,EQUITY,0.0207,3.4,1.464,187.32,0.028309409888357256
2015-12-16,2570.10009765625,2615.35009765625,2570.10009765625,2595.39990234375,2024.2978515625,241774,HEROMOTOCO,Consumer Cyclical,Auto Manufacturers,N/A,EQUITY,0.0207,3.4,1.464,187.32,0.017606318151290996
2015-12-17,2600.0,2667.0,2600.0,2654.949951171875,2070.744140625,254167,HEROMOTOCO,Consumer Cyclical,Auto Manufacturers,N/A,EQUITY,0.0207,3.4,1.464,187.32,0.02576923076923077
2015-12-18,2650.0,2664.89990234375,2625.75,2643.14990234375,2061.541015625,237868,HEROMOTOCO,Consumer Cyclical,Auto Manufacturers,N/A,EQUITY,0.0207,3.4,1.464,187.32,0.014909988515186138
2015-12-21,2665.0,2705.0,2637.89990234375,2697.949951171875,2104.2822265625,351826,HEROMOTOCO,Consumer Cyclical,Auto Manufacturers,N/A,EQUITY,0.0207,3.4,1.464,187.32,0.02543693852698208
2015-12-22,2697.949951171875,2701.0,2662.800048828125,2670.35009765625,2082.756103515625,299012,HEROMOTOCO,Consumer Cyclical,Auto Manufacturers,N/A,EQUITY,0.0207,3.4,1.464,187.32,0.014345782811851181
2015-12-23,2675.39990234375,2694.60009765625,2664.89990234375,2678.199951171875,2088.87841796875,173603,HEROMOTOCO,Consumer Cyclical,Auto Manufacturers,N/A,EQUITY,0.0207,3.4,1.464,187.32,0.011144957184462729
2015-12-24,2678.35009765625,2702.699951171875,2678.35009765625,2696.39990234375,2103.0732421875,187156,HEROMOTOCO,Consumer Cyclical,Auto Manufacturers,N/A,EQUITY,0.0207,3.4,1.464,187.32,0.00909136320040195
2015-12-28,2707.0,2713.5,2683.5,2709.39990234375,2113.21240234375,327048,HEROMOTOCO,Consumer Cyclical,Auto Manufacturers,N/A,EQUITY,0.0207,3.4,1.464,187.32,0.011179429849077696
2015-12-29,2707.0,2738.0,2700.550048828125,2731.89990234375,2130.76171875,283306,HEROMOTOCO,Consumer Cyclical,Auto Manufacturers,N/A,EQUITY,0.0207,3.4,1.464,187.32,0.013867527168447039
2015-12-30,2732.0,2732.949951171875,2709.35009765625,2712.949951171875,2115.981689453125,196033,HEROMOTOCO,Consumer Cyclical,Auto Manufacturers,N/A,EQUITY,0.0207,3.4,1.464,187.32,0.008710521957291634
2015-12-31,2717.949951171875,2722.949951171875,2671.0,2694.10009765625,2101.280029296875,913225,HEROMOTOCO,Consumer Cyclical,Auto Manufacturers,N/A,EQUITY,0.0207,3.4,1.464,187.32,0.019449626047126543
2016-01-01,2689.0,2695.0,2675.199951171875,2686.050048828125,2095.001220703125,141582,HEROMOTOCO,Consumer Cyclical,Auto Manufacturers,N/A,EQUITY,0.0207,3.4,1.464,187.32,0.007401334176703899
2016-01-04,2652.0,2669.0,2631.10009765625,2637.800048828125,2057.367919921875,254167,HEROMOTOCO,Consumer Cyclical,Auto Manufacturers,N/A,EQUITY,0.0207,3.4,1.464,187.32,0.014404583990366138
2016-01-05,2642.5,2655.199951171875,2610.050048828125,2616.85009765625,2041.02783203125,290015,HEROMOTOCO,Consumer Cyclical,Auto Manufacturers,N/A,EQUITY,0.0207,3.4,1.464,187.32,0.017298481446369834
2016-01-06,2604.199951171875,2623.0,2572.949951171875,2578.199951171875,2010.8824462890625,307058,HEROMOTOCO,Consumer Cyclical,Auto Manufacturers,N/A,EQUITY,0.0207,3.4,1.464,187.32,0.019452398910957916
2016-01-07,2556.89990234375,2592.0,2510.050048828125,2520.10009765625,1965.5670166015625,186980,HEROMOTOCO,Consumer Cyclical,Auto Manufacturers,N/A,EQUITY,0.0207,3.4,1.464,187.32,0.03264873192872598
2016-01-08,2525.10009765625,2538.35009765625,2485.0,2489.64990234375,1941.817138671875,198609,HEROMOTOCO,Consumer Cyclical,Auto Manufacturers,N/A,EQUITY,0.0207,3.4,1.464,187.32,0.02146885217555332
2016-01-11,2475.14990234375,2525.0,2450.199951171875,2505.449951171875,1954.1400146484375,168536,HEROMOTOCO,Consumer Cyclical,Auto Manufacturers,N/A,EQUITY,0.0207,3.4,1.464,187.32,0.030528140690048514
2016-01-12,2500.0,2510.10009765625,2461.39990234375,2467.199951171875,1924.3076171875,228350,HEROMOTOCO,Consumer Cyclical,Auto Manufacturers,N/A,EQUITY,0.0207,3.4,1.464,187.32,0.019785568068856903
2016-01-13,2480.25,2485.0,2420.699951171875,2473.699951171875,1929.3775634765625,237742,HEROMOTOCO,Consumer Cyclical,Auto Manufacturers,N/A,EQUITY,0.0207,3.4,1.464,187.32,0.026562585254317442
2016-01-14,2444.0,2474.050048828125,2418.0,2437.550048828125,1901.181640625,312029,HEROMOTOCO,Consumer Cyclical,Auto Manufacturers,N/A,EQUITY,0.0207,3.4,1.464,187.32,0.02318033450294665
2016-01-15,2445.0,2454.949951171875,2410.199951171875,2427.75,1893.5382080078125,177133,HEROMOTOCO,Consumer Cyclical,Auto Manufacturers,N/A,EQUITY,0.0207,3.4,1.464,187.32,0.01856692428287615
2016-01-18,2438.0,2450.0,2377.14990234375,2435.550048828125,1899.6217041015625,285797,HEROMOTOCO,Consumer Cyclical,Auto Manufacturers,N/A,EQUITY,0.0207,3.4,1.464,187.32,0.030645983908891682
2016-01-19,2455.0,2498.949951171875,2446.85009765625,2482.800048828125,1936.4752197265625,232059,HEROMOTOCO,Consumer Cyclical,Auto Manufacturers,N/A,EQUITY,0.0207,3.4,1.464,187.32,0.021292621712106344
2016-01-20,2469.0,2507.0,2455.75,2488.5,1940.9207763671875,349976,HEROMOTOCO,Consumer Cyclical,Auto Manufacturers,N/A,EQUITY,0.0207,3.4,1.464,187.32,0.020869388170619972
2016-01-21,2484.10009765625,2539.949951171875,2462.5,2469.89990234375,1926.41357421875,462839,HEROMOTOCO,Consumer Cyclical,Auto Manufacturers,N/A,EQUITY,0.0207,3.4,1.464,187.32,0.03145175682106599
2016-01-22,2494.0,2599.0,2472.550048828125,2591.5,2021.2562255859375,342135,HEROMOTOCO,Consumer Cyclical,Auto Manufacturers,N/A,EQUITY,0.0207,3.4,1.464,187.32,0.051141513285770074
2016-01-25,2605.0,2610.0,2493.10009765625,2525.199951171875,1969.544677734375,235464,HEROMOTOCO,Consumer Cyclical,Auto Manufacturers,N/A,EQUITY,0.0207,3.4,1.464,187.32,0.04688937377750976
2016-01-27,2535.0,2548.050048828125,2475.0,2482.449951171875,1936.2022705078125,318370,HEROMOTOCO,Consumer Cyclical,Auto Manufacturers,N/A,EQUITY,0.0207,3.4,1.464,187.32,0.02951517124368687
2016-01-28,2485.0,2508.0,2431.10009765625,2439.60009765625,1902.781005859375,373017,HEROMOTOCO,Consumer Cyclical,Auto Manufacturers,N/A,EQUITY,0.0207,3.4,1.464,187.32,0.03163173018580636
2016-01-29,2449.0,2585.0,2442.5,2565.64990234375,2001.093994140625,494944,HEROMOTOCO,Consumer Cyclical,Auto Manufacturers,N/A,EQUITY,0.0207,3.4,1.464,187.32,0.05834186284544524
2016-02-01,2560.0,2560.0,2507.25,2535.60009765625,1977.656494140625,246093,HEROMOTOCO,Consumer Cyclical,Auto Manufacturers,N/A,EQUITY,0.0207,3.4,1.464,187.32,0.021038986937880148
2016-02-02,2541.60009765625,2550.75,2508.60009765625,2518.300048828125,1964.163330078125,234228,HEROMOTOCO,Consumer Cyclical,Auto Manufacturers,N/A,EQUITY,0.0207,3.4,1.464,187.32,0.016802160847848992
2016-02-03,2500.0,2542.800048828125,2471.0,2484.85009765625,1938.07373046875,177259,HEROMOTOCO,Consumer Cyclical,Auto Manufacturers,N/A,EQUITY,0.0207,3.4,1.464,187.32,0.02905708167872319
2016-02-04,2490.25,2528.25,2472.0,2513.800048828125,1960.653564453125,247401,HEROMOTOCO,Consumer Cyclical,Auto Manufacturers,N/A,EQUITY,0.0207,3.4,1.464,187.32,0.02275485436893204
2016-02-05,2513.800048828125,2589.0,2505.0,2584.75,2015.991455078125,208803,HEROMOTOCO,Consumer Cyclical,Auto Manufacturers,N/A,EQUITY,0.0207,3.4,1.464,187.32,0.033532934131736525
2016-02-08,2580.0,2586.0,2553.60009765625,2568.300048828125,2003.1612548828125,200891,HEROMOTOCO,Consumer Cyclical,Auto Manufacturers,N/A,EQUITY,0.0207,3.4,1.464,187.32,0.012687931197013714
2016-02-09,2538.0,2596.0,2515.0,2581.35009765625,2013.339599609375,120852,HEROMOTOCO,Consumer Cyclical,Auto Manufacturers,N/A,EQUITY,0.0207,3.4,1.464,187.32,0.03220675944333996
2016-02-10,2576.89990234375,2578.35009765625,2545.0,2555.60009765625,1993.255615234375,177476,HEROMOTOCO,Consumer Cyclical,Auto Manufacturers,N/A,EQUITY,0.0207,3.4,1.464,187.32,0.013104164108546168
2016-02-11,2556.800048828125,2562.449951171875,2480.949951171875,2496.89990234375,1947.4722900390625,181663,HEROMOTOCO,Consumer Cyclical,Auto Manufacturers,N/A,EQUITY,0.0207,3.4,1.464,187.32,0.03285032008062216
2016-02-12,2537.949951171875,2537.949951171875,2453.10009765625,2489.25,1941.505859375,401230,HEROMOTOCO,Consumer Cyclical,Auto Manufacturers,N/A,EQUITY,0.0207,3.4,1.464,187.32,0.034588826439121895
2016-02-15,2512.0,2539.449951171875,2483.89990234375,2507.35009765625,1955.622802734375,419156,HEROMOTOCO,Consumer Cyclical,Auto Manufacturers,N/A,EQUITY,0.0207,3.4,1.464,187.32,0.02236404485370335
2016-02-16,2521.0,2567.0,2503.800048828125,2512.5,1959.6396484375,248550,HEROMOTOCO,Consumer Cyclical,Auto Manufacturers,N/A,EQUITY,0.0207,3.4,1.464,187.32,0.02524161272440865
2016-02-17,2511.0,2545.0,2438.0,2524.550048828125,1969.0379638671875,303578,HEROMOTOCO,Consumer Cyclical,Auto Manufacturers,N/A,EQUITY,0.0207,3.4,1.464,187.32,0.043888433141919606
2016-02-18,2536.0,2627.800048828125,2520.0,2617.75,2041.72998046875,438531,HEROMOTOCO,Consumer Cyclical,Auto Manufacturers,N/A,EQUITY,0.0207,3.4,1.464,187.32,0.04277779715401786
2016-02-19,2617.0,2710.5,2602.64990234375,2706.199951171875,2110.717041015625,724742,HEROMOTOCO,Consumer Cyclical,Auto Manufacturers,N/A,EQUITY,0.0207,3.4,1.464,187.32,0.04143857287879109
2016-02-22,2699.0,2728.800048828125,2674.39990234375,2702.550048828125,2107.8701171875,273758,HEROMOTOCO,Consumer Cyclical,Auto Manufacturers,N/A,EQUITY,0.0207,3.4,1.464,187.32,0.020341066583460694
2016-02-23,2711.0,2712.60009765625,2652.14990234375,2661.14990234375,2075.579833984375,305417,HEROMOTOCO,Consumer Cyclical,Auto Manufacturers,N/A,EQUITY,0.0207,3.4,1.464,187.32,0.022792902942280577
2016-02-24,2657.10009765625,2658.0,2610.0,2621.25,2044.4598388671875,219570,HEROMOTOCO,Consumer Cyclical,Auto Manufacturers,N/A,EQUITY,0.0207,3.4,1.464,187.32,0.01839080459770115
2016-02-25,2620.0,2642.35009765625,2594.300048828125,2621.35009765625,2044.5374755859375,293356,HEROMOTOCO,Consumer Cyclical,Auto Manufacturers,N/A,EQUITY,0.0207,3.4,1.464,187.32,0.018521392253694695
2016-02-26,2635.949951171875,2649.949951171875,2531.64990234375,2555.39990234375,1993.0994873046875,455721,HEROMOTOCO,Consumer Cyclical,Auto Manufacturers,N/A,EQUITY,0.0207,3.4,1.464,187.32,0.04672843931485361
2016-02-29,2546.0,2564.89990234375,2471.10009765625,2499.89990234375,1949.81201171875,733831,HEROMOTOCO,Consumer Cyclical,Auto Manufacturers,N/A,EQUITY,0.0207,3.4,1.464,187.32,0.03795872323280864
2016-03-01,2513.0,2681.85009765625,2506.199951171875,2667.25,2080.337646484375,865407,HEROMOTOCO,Consumer Cyclical,Auto Manufacturers,N/A,EQUITY,0.0207,3.4,1.464,187.32,0.07008624607236254
2016-03-02,2715.0,2859.0,2705.10009765625,2806.699951171875,2189.10302734375,1278710,HEROMOTOCO,Consumer Cyclical,Auto Manufacturers,N/A,EQUITY,0.0207,3.4,1.464,187.32,0.05689249816562862
2016-03-03,2806.699951171875,2849.0,2800.0,2826.0,2204.156005859375,837426,HEROMOTOCO,Consumer Cyclical,Auto Manufacturers,N/A,EQUITY,0.0207,3.4,1.464,187.32,0.0175
2016-03-04,2805.25,2855.0,2788.199951171875,2835.85009765625,2211.838134765625,516906,HEROMOTOCO,Consumer Cyclical,Auto Manufacturers,N/A,EQUITY,0.0207,3.4,1.464,187.32,0.023958127106360888
2016-03-08,2840.0,2840.0,2800.5,2809.550048828125,2191.3251953125,424372,HEROMOTOCO,Consumer Cyclical,Auto Manufacturers,N/A,EQUITY,0.0207,3.4,1.464,187.32,0.014104624174254598
2016-03-09,2795.0,2829.949951171875,2790.050048828125,2816.5,2196.745849609375,398021,HEROMOTOCO,Consumer Cyclical,Auto Manufacturers,N/A,EQUITY,0.0207,3.4,1.464,187.32,0.014300783729850556
2016-03-10,2840.0,2850.0,2800.0,2812.39990234375,2193.54833984375,345359,HEROMOTOCO,Consumer Cyclical,Auto Manufacturers,N/A,EQUITY,0.0207,3.4,1.464,187.32,0.017857142857142856
2016-03-11,2795.550048828125,2838.949951171875,2795.550048828125,2813.35009765625,2194.2890625,269758,HEROMOTOCO,Consumer Cyclical,Auto Manufacturers,N/A,EQUITY,0.0207,3.4,1.464,187.32,0.015524637937332917
2016-03-14,2836.0,2836.0,2800.800048828125,2816.300048828125,2196.58984375,394258,HEROMOTOCO,Consumer Cyclical,Auto Manufacturers,N/A,EQUITY,0.0207,3.4,1.464,187.32,0.012567820107901995
2016-03-15,2819.949951171875,2837.800048828125,2806.35009765625,2813.050048828125,2194.05517578125,334127,HEROMOTOCO,Consumer Cyclical,Auto Manufacturers,N/A,EQUITY,0.0207,3.4,1.464,187.32,0.011206709810775472
2016-03-16,2802.0,2835.949951171875,2762.5,2798.300048828125,2182.55126953125,368182,HEROMOTOCO,Consumer Cyclical,Auto Manufacturers,N/A,EQUITY,0.0207,3.4,1.464,187.32,0.02658821761877828
2016-03-17,2815.10009765625,2839.0,2805.0,2821.10009765625,2200.333740234375,247010,HEROMOTOCO,Consumer Cyclical,Auto Manufacturers,N/A,EQUITY,0.0207,3.4,1.464,187.32,0.012121212121212121
2016-03-18,2828.89990234375,2839.0,2793.14990234375,2831.0,2208.055908203125,296826,HEROMOTOCO,Consumer Cyclical,Auto Manufacturers,N/A,EQUITY,0.0207,3.4,1.464,187.32,0.01641519404947686
2016-03-21,2804.5,2822.85009765625,2776.949951171875,2799.60009765625,2214.859130859375,237654,HEROMOTOCO,Consumer Cyclical,Auto Manufacturers,N/A,EQUITY,0.0207,3.4,1.464,187.32,0.0165289786605643
2016-03-22,2799.60009765625,2869.60009765625,2752.300048828125,2861.5,2263.830078125,837215,HEROMOTOCO,Consumer Cyclical,Auto Manufacturers,N/A,EQUITY,0.0207,3.4,1.464,187.32,0.04261891754064716
2016-03-23,2875.0,2914.699951171875,2864.25,2871.39990234375,2271.66259765625,497247,HEROMOTOCO,Consumer Cyclical,Auto Manufacturers,N/A,EQUITY,0.0207,3.4,1.464,187.32,0.017613668908745744
2016-03-28,2855.0,2890.0,2832.0,2848.0,2253.149658203125,453040,HEROMOTOCO,Consumer Cyclical,Auto Manufacturers,N/A,EQUITY,0.0207,3.4,1.464,187.32,0.020480225988700564
2016-03-29,2847.0,2880.0,2843.050048828125,2856.85009765625,2260.15185546875,222145,HEROMOTOCO,Consumer Cyclical,Auto Manufacturers,N/A,EQUITY,0.0207,3.4,1.464,187.32,0.01299658836013294
2016-03-30,2869.949951171875,2928.699951171875,2869.949951171875,2923.800048828125,2313.117919921875,493207,HEROMOTOCO,Consumer Cyclical,Auto Manufacturers,N/A,EQUITY,0.0207,3.4,1.464,187.32,0.02047074025664136
2016-03-31,2920.5,2985.949951171875,2919.60009765625,2945.699951171875,2330.443603515625,1174177,HEROMOTOCO,Consumer Cyclical,Auto Manufacturers,N/A,EQUITY,0.0207,3.4,1.464,187.32,0.0227256649185922
2016-04-01,2931.10009765625,2969.449951171875,2923.0,2951.050048828125,2334.6767578125,348132,HEROMOTOCO,Consumer Cyclical,Auto Manufacturers,N/A,EQUITY,0.0207,3.4,1.464,187.32,0.01589119095856141
2016-04-04,2988.0,2988.0,2946.0,2983.699951171875,2360.5068359375,421607,HEROMOTOCO,Consumer Cyclical,Auto Manufacturers,N/A,EQUITY,0.0207,3.4,1.464,187.32,0.014256619144602852
2016-04-05,2960.25,3013.0,2949.949951171875,2963.300048828125,2344.3681640625,544712,HEROMOTOCO,Consumer Cyclical,Auto Manufacturers,N/A,EQUITY,0.0207,3.4,1.464,187.32,0.021373260520260083
2016-04-06,2964.0,3009.0,2963.199951171875,2991.25,2366.47998046875,400657,HEROMOTOCO,Consumer Cyclical,Auto Manufacturers,N/A,EQUITY,0.0207,3.4,1.464,187.32,0.015456280231785293
2016-04-07,2980.39990234375,2987.449951171875,2941.0,2968.0,2348.08642578125,222700,HEROMOTOCO,Consumer Cyclical,Auto Manufacturers,N/A,EQUITY,0.0207,3.4,1.464,187.32,0.015793931034299557
2016-04-08,2966.800048828125,2966.800048828125,2881.699951171875,2915.699951171875,2306.709716796875,437469,HEROMOTOCO,Consumer Cyclical,Auto Manufacturers,N/A,EQUITY,0.0207,3.4,1.464,187.32,0.029531213900893156
2016-04-11,2923.0,2982.0,2908.39990234375,2976.550048828125,2354.850830078125,284077,HEROMOTOCO,Consumer Cyclical,Auto Manufacturers,N/A,EQUITY,0.0207,3.4,1.464,187.32,0.025306044604436605
2016-04-12,2981.699951171875,3065.0,2980.0,3051.449951171875,2414.10693359375,375312,HEROMOTOCO,Consumer Cyclical,Auto Manufacturers,N/A,EQUITY,0.0207,3.4,1.464,187.32,0.028523489932885907
2016-04-13,3041.449951171875,3172.0,3036.5,3148.050048828125,2490.5302734375,679366,HEROMOTOCO,Consumer Cyclical,Auto Manufacturers,N/A,EQUITY,0.0207,3.4,1.464,187.32,0.044623744442614854
2016-04-18,3154.949951171875,3159.800048828125,3045.199951171875,3054.5,2416.519287109375,533669,HEROMOTOCO,Consumer Cyclical,Auto Manufacturers,N/A,EQUITY,0.0207,3.4,1.464,187.32,0.03763302886306326
2016-04-20,3060.0,3079.39990234375,3002.5,3039.10009765625,2404.3359375,461629,HEROMOTOCO,Consumer Cyclical,Auto Manufacturers,N/A,EQUITY,0.0207,3.4,1.464,187.32,0.02561195748334721
2016-04-21,3079.10009765625,3079.10009765625,2978.449951171875,2986.300048828125,2362.564453125,239972,HEROMOTOCO,Consumer Cyclical,Auto Manufacturers,N/A,EQUITY,0.0207,3.4,1.464,187.32,0.033792794283742815
2016-04-22,2970.0,3024.35009765625,2952.0,2997.050048828125,2371.068359375,437862,HEROMOTOCO,Consumer Cyclical,Auto Manufacturers,N/A,EQUITY,0.0207,3.4,1.464,187.32,0.024508840669461383
2016-04-25,2991.0,3023.5,2957.199951171875,2961.800048828125,2343.180908203125,306198,HEROMOTOCO,Consumer Cyclical,Auto Manufacturers,N/A,EQUITY,0.0207,3.4,1.464,187.32,0.022419873502923505
2016-04-26,2950.0,2964.699951171875,2915.89990234375,2931.85009765625,2319.487060546875,711690,HEROMOTOCO,Consumer Cyclical,Auto Manufacturers,N/A,EQUITY,0.0207,3.4,1.464,187.32,0.016735845009254385
2016-04-27,2934.89990234375,2964.300048828125,2932.300048828125,2949.89990234375,2333.766845703125,612714,HEROMOTOCO,Consumer Cyclical,Auto Manufacturers,N/A,EQUITY,0.0207,3.4,1.464,187.32,0.01091293505682974
2016-04-28,2952.800048828125,2952.800048828125,2887.35009765625,2899.64990234375,2294.01220703125,599466,HEROMOTOCO,Consumer Cyclical,Auto Manufacturers,N/A,EQUITY,0.0207,3.4,1.464,187.32,0.022667826539290375
2016-04-29,2852.0,2915.0,2852.0,2897.39990234375,2292.23193359375,327927,HEROMOTOCO,Consumer Cyclical,Auto Manufacturers,N/A,EQUITY,0.0207,3.4,1.464,187.32,0.02208976157082749
2016-05-02,2893.0,2930.050048828125,2886.0,2904.35009765625,2297.730712890625,907434,HEROMOTOCO,Consumer Cyclical,Auto Manufacturers,N/A,EQUITY,0.0207,3.4,1.464,187.32,0.015263357182302494
2016-05-03,2960.0,2960.050048828125,2862.050048828125,2885.449951171875,2282.778076171875,513082,HEROMOTOCO,Consumer Cyclical,Auto Manufacturers,N/A,EQUITY,0.0207,3.4,1.464,187.32,0.034241190170705225
2016-05-04,2887.5,2915.300048828125,2880.050048828125,2894.449951171875,2289.898681640625,200370,HEROMOTOCO,Consumer Cyclical,Auto Manufacturers,N/A,EQUITY,0.0207,3.4,1.464,187.32,0.012239370636750917
2016-05-05,2918.0,2950.0,2876.35009765625,2893.75,2289.34423828125,575336,HEROMOTOCO,Consumer Cyclical,Auto Manufacturers,N/A,EQUITY,0.0207,3.4,1.464,187.32,0.02560533309340977
2016-05-06,2905.0,2905.0,2820.35009765625,2890.300048828125,2286.615478515625,565165,HEROMOTOCO,Consumer Cyclical,Auto Manufacturers,N/A,EQUITY,0.0207,3.4,1.464,187.32,0.030013969689115988
2016-05-09,2890.0,2950.0,2882.050048828125,2943.64990234375,2328.821533203125,463156,HEROMOTOCO,Consumer Cyclical,Auto Manufacturers,N/A,EQUITY,0.0207,3.4,1.464,187.32,0.023576950441753862
2016-05-10,2942.0,2968.949951171875,2931.0,2957.800048828125,2340.0166015625,624326,HEROMOTOCO,Consumer Cyclical,Auto Manufacturers,N/A,EQUITY,0.0207,3.4,1.464,187.32,0.012947782726671785
2016-05-11,2930.0,2980.0,2920.050048828125,2961.550048828125,2342.9833984375,444072,HEROMOTOCO,Consumer Cyclical,Auto Manufacturers,N/A,EQUITY,0.0207,3.4,1.464,187.32,0.02053045330368023
2016-05-12,2967.949951171875,2976.800048828125,2947.449951171875,2951.0,2334.637451171875,321613,HEROMOTOCO,Consumer Cyclical,Auto Manufacturers,N/A,EQUITY,0.0207,3.4,1.464,187.32,0.00995779339512812
2016-05-13,2939.199951171875,2947.89990234375,2893.0,2912.60009765625,2304.2578125,258773,HEROMOTOCO,Consumer Cyclical,Auto Manufacturers,N/A,EQUITY,0.0207,3.4,1.464,187.32,0.018976806893795366
2016-05-16,2910.0,2910.0,2868.550048828125,2900.60009765625,2294.763671875,201544,HEROMOTOCO,Consumer Cyclical,Auto Manufacturers,N/A,EQUITY,0.0207,3.4,1.464,187.32,0.014449791869173887
2016-05-17,2915.699951171875,2959.0,2904.949951171875,2932.449951171875,2319.961669921875,337208,HEROMOTOCO,Consumer Cyclical,Auto Manufacturers,N/A,EQUITY,0.0207,3.4,1.464,187.32,0.0186061893446119
2016-05-18,2912.050048828125,2915.0,2859.550048828125,2878.449951171875,2277.239501953125,329258,HEROMOTOCO,Consumer Cyclical,Auto Manufacturers,N/A,EQUITY,0.0207,3.4,1.464,187.32,0.01939114553864829
2016-05-19,2880.85009765625,2912.300048828125,2867.949951171875,2891.300048828125,2287.406494140625,270747,HEROMOTOCO,Consumer Cyclical,Auto Manufacturers,N/A,EQUITY,0.0207,3.4,1.464,187.32,0.01546404170621181
2016-05-20,2897.0,2910.0,2871.35009765625,2896.699951171875,2291.67822265625,210703,HEROMOTOCO,Consumer Cyclical,Auto Manufacturers,N/A,EQUITY,0.0207,3.4,1.464,187.32,0.013460532860586428
2016-05-23,2902.0,2904.699951171875,2869.0,2887.550048828125,2284.439453125,434783,HEROMOTOCO,Consumer Cyclical,Auto Manufacturers,N/A,EQUITY,0.0207,3.4,1.464,187.32,0.012443343036554548
2016-05-24,2884.699951171875,2907.0,2876.25,2899.39990234375,2293.814697265625,326874,HEROMOTOCO,Consumer Cyclical,Auto Manufacturers,N/A,EQUITY,0.0207,3.4,1.464,187.32,0.010691003911342895
2016-05-25,2940.0,2940.0,2905.14990234375,2927.25,2315.847412109375,207802,HEROMOTOCO,Consumer Cyclical,Auto Manufacturers,N/A,EQUITY,0.0207,3.4,1.464,187.32,0.011995972265711466
2016-05-26,2929.949951171875,2989.0,2916.0,2962.199951171875,2343.498046875,947812,HEROMOTOCO,Consumer Cyclical,Auto Manufacturers,N/A,EQUITY,0.0207,3.4,1.464,187.32,0.025034293552812073
2016-05-27,2962.050048828125,3010.050048828125,2962.0,3002.5,2375.38037109375,400079,HEROMOTOCO,Consumer Cyclical,Auto Manufacturers,N/A,EQUITY,0.0207,3.4,1.464,187.32,0.016222163682689063
2016-05-30,3011.0,3107.5,3003.0,3097.5,2450.538330078125,505377,HEROMOTOCO,Consumer Cyclical,Auto Manufacturers,N/A,EQUITY,0.0207,3.4,1.464,187.32,0.0347985347985348
2016-05-31,3116.0,3129.0,3069.0,3098.89990234375,2451.6455078125,454647,HEROMOTOCO,Consumer Cyclical,Auto Manufacturers,N/A,EQUITY,0.0207,3.4,1.464,187.32,0.019550342130987292
2016-06-01,3123.699951171875,3132.550048828125,3070.699951171875,3089.10009765625,2443.89208984375,668248,HEROMOTOCO,Consumer Cyclical,Auto Manufacturers,N/A,EQUITY,0.0207,3.4,1.464,187.32,0.020142019291935726
2016-06-02,3070.0,3149.0,3060.0,3144.300048828125,2487.5634765625,647509,HEROMOTOCO,Consumer Cyclical,Auto Manufacturers,N/A,EQUITY,0.0207,3.4,1.464,187.32,0.02908496732026144
2016-06-03,3147.949951171875,3211.14990234375,3100.699951171875,3146.199951171875,2489.066650390625,471630,HEROMOTOCO,Consumer Cyclical,Auto Manufacturers,N/A,EQUITY,0.0207,3.4,1.464,187.32,0.03562097362246601
2016-06-06,3112.699951171875,3154.0,3094.050048828125,3113.25,2462.99853515625,295814,HEROMOTOCO,Consumer Cyclical,Auto Manufacturers,N/A,EQUITY,0.0207,3.4,1.464,187.32,0.019375882815658108
2016-06-07,3121.0,3148.199951171875,3110.0,3129.699951171875,2476.011962890625,186770,HEROMOTOCO,Consumer Cyclical,Auto Manufacturers,N/A,EQUITY,0.0207,3.4,1.464,187.32,0.012282942498995177
2016-06-08,3129.5,3179.5,3109.10009765625,3170.10009765625,2507.974609375,279323,HEROMOTOCO,Consumer Cyclical,Auto Manufacturers,N/A,EQUITY,0.0207,3.4,1.464,187.32,0.022643176524557683
2016-06-09,3165.0,3166.949951171875,3074.0,3086.699951171875,2441.9931640625,231424,HEROMOTOCO,Consumer Cyclical,Auto Manufacturers,N/A,EQUITY,0.0207,3.4,1.464,187.32,0.030237459717591085
2016-06-10,3060.0,3114.050048828125,3058.050048828125,3069.5,2428.386474609375,424043,HEROMOTOCO,Consumer Cyclical,Auto Manufacturers,N/A,EQUITY,0.0207,3.4,1.464,187.32,0.0183123229201104
2016-06-13,3040.0,3059.0,3017.0,3036.449951171875,2402.239501953125,466997,HEROMOTOCO,Consumer Cyclical,Auto Manufacturers,N/A,EQUITY,0.0207,3.4,1.464,187.32,0.013921113689095127
2016-06-14,3040.0,3040.0,2997.300048828125,3005.800048828125,2377.9912109375,271185,HEROMOTOCO,Consumer Cyclical,Auto Manufacturers,N/A,EQUITY,0.0207,3.4,1.464,187.32,0.014246138349935867
2016-06-15,3016.25,3088.800048828125,3016.25,3064.0,2424.03564453125,490270,HEROMOTOCO,Consumer Cyclical,Auto Manufacturers,N/A,EQUITY,0.0207,3.4,1.464,187.32,0.02405306218918359
2016-06-16,3055.0,3059.949951171875,3012.39990234375,3020.75,2389.818603515625,213164,HEROMOTOCO,Consumer Cyclical,Auto Manufacturers,N/A,EQUITY,0.0207,3.4,1.464,187.32,0.01578477306121589
2016-06-17,3032.89990234375,3055.0,3016.25,3030.39990234375,2397.452880859375,189376,HEROMOTOCO,Consumer Cyclical,Auto Manufacturers,N/A,EQUITY,0.0207,3.4,1.464,187.32,0.0128470783257356
2016-06-20,3020.0,3092.0,3007.050048828125,3045.64990234375,2409.517578125,310714,HEROMOTOCO,Consumer Cyclical,Auto Manufacturers,N/A,EQUITY,0.0207,3.4,1.464,187.32,0.028250261815556003
2016-06-21,3045.64990234375,3074.0,3035.050048828125,3053.050048828125,2415.372314453125,256751,HEROMOTOCO,Consumer Cyclical,Auto Manufacturers,N/A,EQUITY,0.0207,3.4,1.464,187.32,0.012833380189863465
2016-06-22,3059.0,3079.0,3024.0,3074.60009765625,2432.4208984375,269664,HEROMOTOCO,Consumer Cyclical,Auto Manufacturers,N/A,EQUITY,0.0207,3.4,1.464,187.32,0.018187830687830687
2016-06-23,3074.0,3082.25,3036.10009765625,3063.39990234375,2423.560302734375,147872,HEROMOTOCO,Consumer Cyclical,Auto Manufacturers,N/A,EQUITY,0.0207,3.4,1.464,187.32,0.015200388939539877
2016-06-24,3000.0,3076.39990234375,2954.550048828125,3058.75,2419.881591796875,272500,HEROMOTOCO,Consumer Cyclical,Auto Manufacturers,N/A,EQUITY,0.0207,3.4,1.464,187.32,0.04124142475229174
2016-06-27,3023.0,3083.449951171875,3023.0,3052.0,2414.5419921875,241872,HEROMOTOCO,Consumer Cyclical,Auto Manufacturers,N/A,EQUITY,0.0207,3.4,1.464,187.32,0.019996675875578896
2016-06-28,3065.10009765625,3074.0,3013.5,3020.39990234375,2389.54150390625,258231,HEROMOTOCO,Consumer Cyclical,Auto Manufacturers,N/A,EQUITY,0.0207,3.4,1.464,187.32,0.020076323212211714
2016-06-29,3034.949951171875,3164.39990234375,3034.949951171875,3156.550048828125,2497.254638671875,482345,HEROMOTOCO,Consumer Cyclical,Auto Manufacturers,N/A,EQUITY,0.0207,3.4,1.464,187.32,0.04265307608182828
2016-06-30,3155.050048828125,3226.0,3139.949951171875,3178.25,2514.42236328125,779661,HEROMOTOCO,Consumer Cyclical,Auto Manufacturers,N/A,EQUITY,0.0207,3.4,1.464,187.32,0.02740491095917305
2016-07-01,3188.699951171875,3198.0,3160.0,3186.050048828125,2520.59326171875,220573,HEROMOTOCO,Consumer Cyclical,Auto Manufacturers,N/A,EQUITY,0.0207,3.4,1.464,187.32,0.012025316455696202
2016-07-04,3189.949951171875,3189.949951171875,3143.35009765625,3159.800048828125,2499.82568359375,154736,HEROMOTOCO,Consumer Cyclical,Auto Manufacturers,N/A,EQUITY,0.0207,3.4,1.464,187.32,0.01482490084396608
2016-07-05,3154.14990234375,3159.75,3104.050048828125,3111.10009765625,2461.2978515625,198345,HEROMOTOCO,Consumer Cyclical,Auto Manufacturers,N/A,EQUITY,0.0207,3.4,1.464,187.32,0.017944282564935916
2016-07-07,3124.0,3136.550048828125,3095.0,3102.699951171875,2454.651611328125,187459,HEROMOTOCO,Consumer Cyclical,Auto Manufacturers,N/A,EQUITY,0.0207,3.4,1.464,187.32,0.013424894613287561
2016-07-08,3115.0,3179.0,3113.10009765625,3167.800048828125,2506.154541015625,263607,HEROMOTOCO,Consumer Cyclical,Auto Manufacturers,N/A,EQUITY,0.0207,3.4,1.464,187.32,0.021168578033634016
2016-07-11,3192.5,3250.0,3190.10009765625,3244.550048828125,2566.874755859375,273846,HEROMOTOCO,Consumer Cyclical,Auto Manufacturers,N/A,EQUITY,0.0207,3.4,1.464,187.32,0.018776809664298042
2016-07-12,3220.0,3257.050048828125,3220.0,3248.25,2569.801025390625,152712,HEROMOTOCO,Consumer Cyclical,Auto Manufacturers,N/A,EQUITY,0.0207,3.4,1.464,187.32,0.011506226344138198
2016-07-13,3260.0,3264.949951171875,3220.0,3245.89990234375,2567.94189453125,255629,HEROMOTOCO,Consumer Cyclical,Auto Manufacturers,N/A,EQUITY,0.0207,3.4,1.464,187.32,0.013959612165178572
2016-07-14,3233.5,3276.39990234375,3208.0,3261.0,2579.888671875,340937,HEROMOTOCO,Consumer Cyclical,Auto Manufacturers,N/A,EQUITY,0.0207,3.4,1.464,187.32,0.021321665319124064
2016-07-15,3246.0,3293.64990234375,3230.10009765625,3244.10009765625,2566.51806640625,449411,HEROMOTOCO,Consumer Cyclical,Auto Manufacturers,N/A,EQUITY,0.0207,3.4,1.464,187.32,0.019674252427536697
2016-07-18,3253.300048828125,3295.0,3240.0,3249.699951171875,2570.94873046875,331549,HEROMOTOCO,Consumer Cyclical,Auto Manufacturers,N/A,EQUITY,0.0207,3.4,1.464,187.32,0.016975308641975308
2016-07-19,3260.0,3265.39990234375,3208.14990234375,3231.199951171875,2556.312744140625,215875,HEROMOTOCO,Consumer Cyclical,Auto Manufacturers,N/A,EQUITY,0.0207,3.4,1.464,187.32,0.017845176111682116
2016-07-20,3248.0,3283.60009765625,3235.949951171875,3275.25,2591.162353515625,179688,HEROMOTOCO,Consumer Cyclical,Auto Manufacturers,N/A,EQUITY,0.0207,3.4,1.464,187.32,0.014725242109235606
2016-07-21,3294.949951171875,3306.949951171875,3260.0,3266.300048828125,2584.08154296875,286086,HEROMOTOCO,Consumer Cyclical,Auto Manufacturers,N/A,EQUITY,0.0207,3.4,1.464,187.32,0.014401825512845093
2016-07-22,3266.85009765625,3283.550048828125,3252.14990234375,3260.85009765625,2579.770263671875,191968,HEROMOTOCO,Consumer Cyclical,Auto Manufacturers,N/A,EQUITY,0.0207,3.4,1.464,187.32,0.009655196539909072
2016-07-25,3251.300048828125,3283.949951171875,3245.39990234375,3280.050048828125,2594.959716796875,286464,HEROMOTOCO,Consumer Cyclical,Auto Manufacturers,N/A,EQUITY,0.0207,3.4,1.464,187.32,0.011878366299415083
2016-07-26,3280.300048828125,3283.800048828125,3170.35009765625,3210.10009765625,2539.6201171875,308683,HEROMOTOCO,Consumer Cyclical,Auto Manufacturers,N/A,EQUITY,0.0207,3.4,1.464,187.32,0.035784676038064483
2016-07-27,3215.89990234375,3268.800048828125,3186.949951171875,3204.64990234375,2535.30810546875,193404,HEROMOTOCO,Consumer Cyclical,Auto Manufacturers,N/A,EQUITY,0.0207,3.4,1.464,187.32,0.02568289396140434
2016-07-28,3204.0,3230.0,3153.35009765625,3197.300048828125,2529.493408203125,815023,HEROMOTOCO,Consumer Cyclical,Auto Manufacturers,N/A,EQUITY,0.0207,3.4,1.464,187.32,0.02430745079676392
2016-07-29,3175.0,3244.0,3174.89990234375,3203.14990234375,2534.121337890625,311185,HEROMOTOCO,Consumer Cyclical,Auto Manufacturers,N/A,EQUITY,0.0207,3.4,1.464,187.32,0.02176449645081392
2016-08-01,3220.699951171875,3248.5,3204.25,3215.050048828125,2543.535888671875,359479,HEROMOTOCO,Consumer Cyclical,Auto Manufacturers,N/A,EQUITY,0.0207,3.4,1.464,187.32,0.013809783880783334
2016-08-02,3224.89990234375,3279.39990234375,3195.60009765625,3261.699951171875,2580.4423828125,318424,HEROMOTOCO,Consumer Cyclical,Auto Manufacturers,N/A,EQUITY,0.0207,3.4,1.464,187.32,0.026223495470838583
2016-08-03,3274.64990234375,3309.0,3220.25,3231.0,2556.154296875,223515,HEROMOTOCO,Consumer Cyclical,Auto Manufacturers,N/A,EQUITY,0.0207,3.4,1.464,187.32,0.027559972051859328
2016-08-04,3258.0,3305.0,3249.699951171875,3276.300048828125,2591.992919921875,275614,HEROMOTOCO,Consumer Cyclical,Auto Manufacturers,N/A,EQUITY,0.0207,3.4,1.464,187.32,0.01701697069238138
2016-08-05,3290.0,3466.199951171875,3281.14990234375,3443.949951171875,2724.626953125,492860,HEROMOTOCO,Consumer Cyclical,Auto Manufacturers,N/A,EQUITY,0.0207,3.4,1.464,187.32,0.0563979258295826
2016-08-08,3470.0,3556.0,3406.60009765625,3457.35009765625,2735.2275390625,1381689,HEROMOTOCO,Consumer Cyclical,Auto Manufacturers,N/A,EQUITY,0.0207,3.4,1.464,187.32,0.0438560142256021
2016-08-09,3449.949951171875,3494.64990234375,3396.25,3411.800048828125,2699.19189453125,715044,HEROMOTOCO,Consumer Cyclical,Auto Manufacturers,N/A,EQUITY,0.0207,3.4,1.464,187.32,0.028973103376886272
2016-08-10,3438.0,3438.85009765625,3297.10009765625,3317.300048828125,2624.429443359375,378538,HEROMOTOCO,Consumer Cyclical,Auto Manufacturers,N/A,EQUITY,0.0207,3.4,1.464,187.32,0.04299232531665122
2016-08-11,3319.0,3370.0,3288.85009765625,3304.85009765625,2614.579833984375,468412,HEROMOTOCO,Consumer Cyclical,Auto Manufacturers,N/A,EQUITY,0.0207,3.4,1.464,187.32,0.024674247817369443
2016-08-12,3315.0,3364.949951171875,3300.0,3310.949951171875,2619.40576171875,346122,HEROMOTOCO,Consumer Cyclical,Auto Manufacturers,N/A,EQUITY,0.0207,3.4,1.464,187.32,0.019681803385416665
2016-08-16,3318.800048828125,3319.85009765625,3280.0,3291.300048828125,2603.860107421875,439664,HEROMOTOCO,Consumer Cyclical,Auto Manufacturers,N/A,EQUITY,0.0207,3.4,1.464,187.32,0.01214942001714939
2016-08-17,3307.0,3429.0,3300.0,3358.75,2657.221923828125,873225,HEROMOTOCO,Consumer Cyclical,Auto Manufacturers,N/A,EQUITY,0.0207,3.4,1.464,187.32,0.03909090909090909
2016-08-18,3365.0,3414.89990234375,3352.25,3368.449951171875,2664.895751953125,742327,HEROMOTOCO,Consumer Cyclical,Auto Manufacturers,N/A,EQUITY,0.0207,3.4,1.464,187.32,0.018688911132448357
2016-08-19,3375.0,3381.800048828125,3340.199951171875,3357.75,2656.431396484375,568356,HEROMOTOCO,Consumer Cyclical,Auto Manufacturers,N/A,EQUITY,0.0207,3.4,1.464,187.32,0.012454373469963986
2016-08-22,3363.199951171875,3365.949951171875,3307.0,3336.5,2639.618896484375,335519,HEROMOTOCO,Consumer Cyclical,Auto Manufacturers,N/A,EQUITY,0.0207,3.4,1.464,187.32,0.017825809244594797
2016-08-23,3335.0,3335.050048828125,3295.050048828125,3307.89990234375,2616.992431640625,264550,HEROMOTOCO,Consumer Cyclical,Auto Manufacturers,N/A,EQUITY,0.0207,3.4,1.464,187.32,0.012139421073202176
2016-08-24,3300.0,3327.39990234375,3285.0,3310.699951171875,2619.207763671875,362562,HEROMOTOCO,Consumer Cyclical,Auto Manufacturers,N/A,EQUITY,0.0207,3.4,1.464,187.32,0.012907124001141553
2016-08-25,3315.10009765625,3330.60009765625,3287.0,3304.60009765625,2614.382080078125,461761,HEROMOTOCO,Consumer Cyclical,Auto Manufacturers,N/A,EQUITY,0.0207,3.4,1.464,187.32,0.013264404519698814
2016-08-26,3318.0,3333.0,3297.5,3304.85009765625,2614.579833984375,381414,HEROMOTOCO,Consumer Cyclical,Auto Manufacturers,N/A,EQUITY,0.0207,3.4,1.464,187.32,0.010765731614859742
2016-08-29,3330.0,3418.800048828125,3280.60009765625,3412.0,2699.35009765625,297321,HEROMOTOCO,Consumer Cyclical,Auto Manufacturers,N/A,EQUITY,0.0207,3.4,1.464,187.32,0.042126424147401816
2016-08-30,3437.89990234375,3485.0,3419.10009765625,3477.5,2751.16943359375,284628,HEROMOTOCO,Consumer Cyclical,Auto Manufacturers,N/A,EQUITY,0.0207,3.4,1.464,187.32,0.019274048861255496
2016-08-31,3498.949951171875,3582.699951171875,3478.0,3541.35009765625,2801.682373046875,651174,HEROMOTOCO,Consumer Cyclical,Auto Manufacturers,N/A,EQUITY,0.0207,3.4,1.464,187.32,0.03010349372394336
2016-09-01,3560.0,3595.0,3526.300048828125,3547.60009765625,2806.6279296875,344769,HEROMOTOCO,Consumer Cyclical,Auto Manufacturers,N/A,EQUITY,0.0207,3.4,1.464,187.32,0.019482162669256026
2016-09-02,3600.0,3614.0,3551.800048828125,3577.699951171875,2830.440673828125,313570,HEROMOTOCO,Consumer Cyclical,Auto Manufacturers,N/A,EQUITY,0.0207,3.4,1.464,187.32,0.017512233323043382
2016-09-06,3594.0,3650.0,3590.199951171875,3614.60009765625,2859.6337890625,241459,HEROMOTOCO,Consumer Cyclical,Auto Manufacturers,N/A,EQUITY,0.0207,3.4,1.464,187.32,0.016656467506386573
2016-09-07,3618.449951171875,3629.0,3575.199951171875,3606.85009765625,2853.50244140625,218447,HEROMOTOCO,Consumer Cyclical,Auto Manufacturers,N/A,EQUITY,0.0207,3.4,1.464,187.32,0.015048123059660056
2016-09-08,3604.050048828125,3740.0,3601.25,3703.75,2930.1630859375,528176,HEROMOTOCO,Consumer Cyclical,Auto Manufacturers,N/A,EQUITY,0.0207,3.4,1.464,187.32,0.03852828878861506
2016-09-09,3698.0,3704.449951171875,3566.550048828125,3621.199951171875,2864.854736328125,379882,HEROMOTOCO,Consumer Cyclical,Auto Manufacturers,N/A,EQUITY,0.0207,3.4,1.464,187.32,0.038664788228349775
2016-09-12,3540.0,3555.0,3492.0,3532.800048828125,2794.9189453125,400987,HEROMOTOCO,Consumer Cyclical,Auto Manufacturers,N/A,EQUITY,0.0207,3.4,1.464,187.32,0.01804123711340206
2016-09-14,3550.0,3609.800048828125,3526.39990234375,3590.199951171875,2840.330078125,297674,HEROMOTOCO,Consumer Cyclical,Auto Manufacturers,N/A,EQUITY,0.0207,3.4,1.464,187.32,0.02365022368249976
2016-09-15,3567.0,3575.0,3503.60009765625,3523.449951171875,2812.590576171875,203782,HEROMOTOCO,Consumer Cyclical,Auto Manufacturers,N/A,EQUITY,0.0207,3.4,1.464,187.32,0.02037901026190555
2016-09-16,3558.0,3643.0,3520.64990234375,3588.699951171875,2864.67626953125,579506,HEROMOTOCO,Consumer Cyclical,Auto Manufacturers,N/A,EQUITY,0.0207,3.4,1.464,187.32,0.034752134137165894
2016-09-19,3613.89990234375,3616.75,3551.300048828125,3564.050048828125,2844.999755859375,188824,HEROMOTOCO,Consumer Cyclical,Auto Manufacturers,N/A,EQUITY,0.0207,3.4,1.464,187.32,0.018429856748790486
2016-09-20,3557.0,3567.85009765625,3460.050048828125,3466.39990234375,2767.05078125,504747,HEROMOTOCO,Consumer Cyclical,Auto Manufacturers,N/A,EQUITY,0.0207,3.4,1.464,187.32,0.0311556328107553
2016-09-21,3490.0,3513.0,3416.64990234375,3459.39990234375,2761.462890625,620151,HEROMOTOCO,Consumer Cyclical,Auto Manufacturers,N/A,EQUITY,0.0207,3.4,1.464,187.32,0.028200166950133186
2016-09-22,3519.699951171875,3576.949951171875,3501.199951171875,3538.550048828125,2824.644287109375,449341,HEROMOTOCO,Consumer Cyclical,Auto Manufacturers,N/A,EQUITY,0.0207,3.4,1.464,187.32,0.021635439579692092
2016-09-23,3547.89990234375,3555.0,3515.0,3532.14990234375,2819.53564453125,443638,HEROMOTOCO,Consumer Cyclical,Auto Manufacturers,N/A,EQUITY,0.0207,3.4,1.464,187.32,0.011379800853485065
2016-09-26,3518.0,3533.300048828125,3450.5,3466.0,2766.7314453125,263475,HEROMOTOCO,Consumer Cyclical,Auto Manufacturers,N/A,EQUITY,0.0207,3.4,1.464,187.32,0.023996536394182002
2016-09-27,3499.75,3499.75,3437.199951171875,3451.25,2754.95751953125,277573,HEROMOTOCO,Consumer Cyclical,Auto Manufacturers,N/A,EQUITY,0.0207,3.4,1.464,187.32,0.018197966285551488
2016-09-28,3453.5,3483.5,3444.5,3451.5,2755.15673828125,419623,HEROMOTOCO,Consumer Cyclical,Auto Manufacturers,N/A,EQUITY,0.0207,3.4,1.464,187.32,0.011322398025838292
2016-09-29,3489.0,3500.0,3407.550048828125,3428.25,2736.597900390625,422908,HEROMOTOCO,Consumer Cyclical,Auto Manufacturers,N/A,EQUITY,0.0207,3.4,1.464,187.32,0.02713091512879438
2016-09-30,3420.14990234375,3445.89990234375,3388.10009765625,3413.699951171875,2724.98291015625,366861,HEROMOTOCO,Consumer Cyclical,Auto Manufacturers,N/A,EQUITY,0.0207,3.4,1.464,187.32,0.017059650843103354
2016-10-03,3436.39990234375,3540.0,3435.89990234375,3521.14990234375,2810.75439453125,387724,HEROMOTOCO,Consumer Cyclical,Auto Manufacturers,N/A,EQUITY,0.0207,3.4,1.464,187.32,0.030297767867230242
2016-10-04,3594.0,3594.0,3515.39990234375,3534.35009765625,2821.29150390625,393212,HEROMOTOCO,Consumer Cyclical,Auto Manufacturers,N/A,EQUITY,0.0207,3.4,1.464,187.32,0.02235879269492116
2016-10-05,3557.85009765625,3557.85009765625,3486.0,3491.25,2786.887451171875,217243,HEROMOTOCO,Consumer Cyclical,Auto Manufacturers,N/A,EQUITY,0.0207,3.4,1.464,187.32,0.020611043504374642
2016-10-06,3509.0,3522.14990234375,3456.699951171875,3474.25,2773.3173828125,263421,HEROMOTOCO,Consumer Cyclical,Auto Manufacturers,N/A,EQUITY,0.0207,3.4,1.464,187.32,0.018934229784591645
2016-10-07,3478.5,3492.25,3446.800048828125,3474.199951171875,2773.276611328125,302391,HEROMOTOCO,Consumer Cyclical,Auto Manufacturers,N/A,EQUITY,0.0207,3.4,1.464,187.32,0.01318612931647355
2016-10-10,3486.0,3510.0,3475.25,3488.85009765625,2784.971435546875,140961,HEROMOTOCO,Consumer Cyclical,Auto Manufacturers,N/A,EQUITY,0.0207,3.4,1.464,187.32,0.009999280627293
2016-10-13,3494.89990234375,3520.0,3467.0,3500.550048828125,2794.311279296875,562162,HEROMOTOCO,Consumer Cyclical,Auto Manufacturers,N/A,EQUITY,0.0207,3.4,1.464,187.32,0.015286991635419672
2016-10-14,3505.10009765625,3517.0,3472.14990234375,3481.60009765625,2779.18359375,293741,HEROMOTOCO,Consumer Cyclical,Auto Manufacturers,N/A,EQUITY,0.0207,3.4,1.464,187.32,0.012917097163914367
2016-10-17,3482.0,3490.050048828125,3390.300048828125,3405.5,2718.43701171875,438192,HEROMOTOCO,Consumer Cyclical,Auto Manufacturers,N/A,EQUITY,0.0207,3.4,1.464,187.32,0.029422174605011467
2016-10-18,3404.89990234375,3435.800048828125,3380.10009765625,3409.449951171875,2721.590576171875,561947,HEROMOTOCO,Consumer Cyclical,Auto Manufacturers,N/A,EQUITY,0.0207,3.4,1.464,187.32,0.01647878748043502
2016-10-19,3414.10009765625,3418.0,3353.699951171875,3361.949951171875,2683.673583984375,422571,HEROMOTOCO,Consumer Cyclical,Auto Manufacturers,N/A,EQUITY,0.0207,3.4,1.464,187.32,0.01917286870152376
2016-10-20,3387.0,3406.0,3356.300048828125,3362.0,2683.71337890625,260349,HEROMOTOCO,Consumer Cyclical,Auto Manufacturers,N/A,EQUITY,0.0207,3.4,1.464,187.32,0.014807958301948622
2016-10-21,3374.800048828125,3374.800048828125,3343.60009765625,3359.85009765625,2681.99755859375,208175,HEROMOTOCO,Consumer Cyclical,Auto Manufacturers,N/A,EQUITY,0.0207,3.4,1.464,187.32,0.009331244844066462
2016-10-24,3371.89990234375,3371.89990234375,3330.050048828125,3334.85009765625,2662.04150390625,286652,HEROMOTOCO,Consumer Cyclical,Auto Manufacturers,N/A,EQUITY,0.0207,3.4,1.464,187.32,0.012567334695270525
2016-10-25,3337.0,3365.0,3332.10009765625,3355.550048828125,2678.564697265625,469396,HEROMOTOCO,Consumer Cyclical,Auto Manufacturers,N/A,EQUITY,0.0207,3.4,1.464,187.32,0.009873623654610888
2016-10-26,3379.0,3449.0,3370.0,3419.050048828125,2729.25390625,604984,HEROMOTOCO,Consumer Cyclical,Auto Manufacturers,N/A,EQUITY,0.0207,3.4,1.464,187.32,0.02344213649851632
2016-10-27,3444.0,3450.0,3301.199951171875,3313.64990234375,2645.118408203125,843799,HEROMOTOCO,Consumer Cyclical,Auto Manufacturers,N/A,EQUITY,0.0207,3.4,1.464,187.32,0.04507453381468253
2016-10-28,3317.89990234375,3374.0,3316.050048828125,3351.85009765625,2675.611328125,636796,HEROMOTOCO,Consumer Cyclical,Auto Manufacturers,N/A,EQUITY,0.0207,3.4,1.464,187.32,0.017475596061149384
2016-11-01,3380.0,3389.0,3352.14990234375,3370.199951171875,2690.2587890625,342276,HEROMOTOCO,Consumer Cyclical,Auto Manufacturers,N/A,EQUITY,0.0207,3.4,1.464,187.32,0.01099297427912911
2016-11-02,3348.0,3359.949951171875,3320.0,3326.89990234375,2655.694091796875,273343,HEROMOTOCO,Consumer Cyclical,Auto Manufacturers,N/A,EQUITY,0.0207,3.4,1.464,187.32,0.012033117822853916
2016-11-03,3331.0,3401.0,3320.39990234375,3378.5,2696.884521484375,544379,HEROMOTOCO,Consumer Cyclical,Auto Manufacturers,N/A,EQUITY,0.0207,3.4,1.464,187.32,0.024274213958191394
2016-11-04,3379.0,3379.0,3251.0,3287.89990234375,2624.56298828125,379887,HEROMOTOCO,Consumer Cyclical,Auto Manufacturers,N/A,EQUITY,0.0207,3.4,1.464,187.32,0.03937250076899416
2016-11-07,3310.0,3382.550048828125,3265.0,3358.60009765625,2680.99951171875,359829,HEROMOTOCO,Consumer Cyclical,Auto Manufacturers,N/A,EQUITY,0.0207,3.4,1.464,187.32,0.036003077742151605
2016-11-08,3386.0,3386.0,3324.39990234375,3372.449951171875,2692.055419921875,185356,HEROMOTOCO,Consumer Cyclical,Auto Manufacturers,N/A,EQUITY,0.0207,3.4,1.464,187.32,0.018529689407348688
2016-11-09,3197.050048828125,3251.949951171875,3040.0,3235.89990234375,2583.05419921875,649901,HEROMOTOCO,Consumer Cyclical,Auto Manufacturers,N/A,EQUITY,0.0207,3.4,1.464,187.32,0.06972037867495888
2016-11-10,3312.0,3312.0,3135.0,3145.39990234375,2510.812744140625,533361,HEROMOTOCO,Consumer Cyclical,Auto Manufacturers,N/A,EQUITY,0.0207,3.4,1.464,187.32,0.05645933014354067
2016-11-11,3111.050048828125,3130.0,2964.0,2975.300048828125,2375.030517578125,629937,HEROMOTOCO,Consumer Cyclical,Auto Manufacturers,N/A,EQUITY,0.0207,3.4,1.464,187.32,0.05600539811066127
2016-11-15,2974.0,2981.5,2868.050048828125,2891.85009765625,2308.416748046875,912774,HEROMOTOCO,Consumer Cyclical,Auto Manufacturers,N/A,EQUITY,0.0207,3.4,1.464,187.32,0.03955647538934345
2016-11-16,2931.0,3015.0,2892.050048828125,2909.550048828125,2322.5458984375,824067,HEROMOTOCO,Consumer Cyclical,Auto Manufacturers,N/A,EQUITY,0.0207,3.4,1.464,187.32,0.042513078645265844
2016-11-17,2919.0,2934.35009765625,2849.5,2875.449951171875,2295.324951171875,547715,HEROMOTOCO,Consumer Cyclical,Auto Manufacturers,N/A,EQUITY,0.0207,3.4,1.464,187.32,0.029777188158010177
2016-11-18,2896.0,2944.89990234375,2870.0,2935.39990234375,2343.18017578125,522917,HEROMOTOCO,Consumer Cyclical,Auto Manufacturers,N/A,EQUITY,0.0207,3.4,1.464,187.32,0.026097526949041813
2016-11-21,2942.949951171875,2950.0,2895.10009765625,2925.85009765625,2335.556640625,539966,HEROMOTOCO,Consumer Cyclical,Auto Manufacturers,N/A,EQUITY,0.0207,3.4,1.464,187.32,0.018963041170215366
2016-11-22,2940.050048828125,3015.0,2933.0,2997.699951171875,2392.911865234375,581489,HEROMOTOCO,Consumer Cyclical,Auto Manufacturers,N/A,EQUITY,0.0207,3.4,1.464,187.32,0.027957722468462325
2016-11-23,3030.0,3030.0,2995.0,3013.5,2405.523681640625,545682,HEROMOTOCO,Consumer Cyclical,Auto Manufacturers,N/A,EQUITY,0.0207,3.4,1.464,187.32,0.011686143572621035
2016-11-24,2999.89990234375,3068.699951171875,2973.75,3051.949951171875,2436.216064453125,802548,HEROMOTOCO,Consumer Cyclical,Auto Manufacturers,N/A,EQUITY,0.0207,3.4,1.464,187.32,0.031929365673602356
2016-11-25,3055.0,3094.699951171875,3028.0,3045.949951171875,2431.427001953125,412734,HEROMOTOCO,Consumer Cyclical,Auto Manufacturers,N/A,EQUITY,0.0207,3.4,1.464,187.32,0.022027724957686592
2016-11-28,3045.0,3121.60009765625,3045.0,3106.39990234375,2479.68115234375,318534,HEROMOTOCO,Consumer Cyclical,Auto Manufacturers,N/A,EQUITY,0.0207,3.4,1.464,187.32,0.025156025502873564
2016-11-29,3097.0,3183.10009765625,3074.199951171875,3163.25,2525.0615234375,604746,HEROMOTOCO,Consumer Cyclical,Auto Manufacturers,N/A,EQUITY,0.0207,3.4,1.464,187.32,0.03542389831958153
2016-11-30,3161.0,3174.25,3134.5,3166.050048828125,2527.296875,453803,HEROMOTOCO,Consumer Cyclical,Auto Manufacturers,N/A,EQUITY,0.0207,3.4,1.464,187.32,0.012681448396873504
2016-12-01,3161.0,3232.0,3145.0,3190.449951171875,2546.773681640625,504138,HEROMOTOCO,Consumer Cyclical,Auto Manufacturers,N/A,EQUITY,0.0207,3.4,1.464,187.32,0.02766295707472178
2016-12-02,3150.10009765625,3209.949951171875,3150.10009765625,3183.64990234375,2541.345947265625,309774,HEROMOTOCO,Consumer Cyclical,Auto Manufacturers,N/A,EQUITY,0.0207,3.4,1.464,187.32,0.018999349754045824
2016-12-05,3151.10009765625,3265.0,3151.10009765625,3224.35009765625,2573.834716796875,333118,HEROMOTOCO,Consumer Cyclical,Auto Manufacturers,N/A,EQUITY,0.0207,3.4,1.464,187.32,0.03614607559704859
2016-12-06,3239.0,3243.300048828125,3189.85009765625,3196.949951171875,2551.962158203125,349581,HEROMOTOCO,Consumer Cyclical,Auto Manufacturers,N/A,EQUITY,0.0207,3.4,1.464,187.32,0.016756257985648754
2016-12-07,3208.10009765625,3250.0,3202.699951171875,3228.199951171875,2576.907470703125,401164,HEROMOTOCO,Consumer Cyclical,Auto Manufacturers,N/A,EQUITY,0.0207,3.4,1.464,187.32,0.014768804305510358
2016-12-08,3249.0,3327.35009765625,3246.0,3316.25,2647.193603515625,379921,HEROMOTOCO,Consumer Cyclical,Auto Manufacturers,N/A,EQUITY,0.0207,3.4,1.464,187.32,0.02506164437962107
2016-12-09,3330.0,3333.0,3265.949951171875,3277.35009765625,2616.141845703125,270444,HEROMOTOCO,Consumer Cyclical,Auto Manufacturers,N/A,EQUITY,0.0207,3.4,1.464,187.32,0.020530029495420276
2016-12-12,3255.0,3265.0,3198.10009765625,3212.449951171875,2564.335205078125,253384,HEROMOTOCO,Consumer Cyclical,Auto Manufacturers,N/A,EQUITY,0.0207,3.4,1.464,187.32,0.020918639286111797
2016-12-13,3201.0,3240.0,3201.0,3210.699951171875,2562.9384765625,266234,HEROMOTOCO,Consumer Cyclical,Auto Manufacturers,N/A,EQUITY,0.0207,3.4,1.464,187.32,0.01218369259606373
2016-12-14,3216.0,3224.949951171875,3136.0,3159.60009765625,2522.14794921875,396905,HEROMOTOCO,Consumer Cyclical,Auto Manufacturers,N/A,EQUITY,0.0207,3.4,1.464,187.32,0.028364142593072385
2016-12-15,3137.300048828125,3199.85009765625,3116.10009765625,3169.449951171875,2530.010498046875,256479,HEROMOTOCO,Consumer Cyclical,Auto Manufacturers,N/A,EQUITY,0.0207,3.4,1.464,187.32,0.026876543556155947
2016-12-16,3185.85009765625,3185.85009765625,3116.050048828125,3127.89990234375,2496.843017578125,285244,HEROMOTOCO,Consumer Cyclical,Auto Manufacturers,N/A,EQUITY,0.0207,3.4,1.464,187.32,0.02240016936004452
2016-12-19,3127.89990234375,3150.199951171875,3086.0,3107.14990234375,2480.27978515625,197038,HEROMOTOCO,Consumer Cyclical,Auto Manufacturers,N/A,EQUITY,0.0207,3.4,1.464,187.32,0.020803613471119572
2016-12-20,3116.0,3116.0,3045.050048828125,3058.949951171875,2441.80419921875,245871,HEROMOTOCO,Consumer Cyclical,Auto Manufacturers,N/A,EQUITY,0.0207,3.4,1.464,187.32,0.023300093605745427
2016-12-21,3065.449951171875,3104.0,3015.0,3021.75,2412.109375,270789,HEROMOTOCO,Consumer Cyclical,Auto Manufacturers,N/A,EQUITY,0.0207,3.4,1.464,187.32,0.029519071310116086
2016-12-22,3007.0,3040.89990234375,2983.60009765625,2998.800048828125,2393.789306640625,210029,HEROMOTOCO,Consumer Cyclical,Auto Manufacturers,N/A,EQUITY,0.0207,3.4,1.464,187.32,0.01920492117308601
2016-12-23,3000.0,3054.050048828125,2990.050048828125,3040.10009765625,2426.7568359375,149050,HEROMOTOCO,Consumer Cyclical,Auto Manufacturers,N/A,EQUITY,0.0207,3.4,1.464,187.32,0.021404323992865334
2016-12-26,3041.10009765625,3049.89990234375,2975.25,3007.60009765625,2400.813720703125,143439,HEROMOTOCO,Consumer Cyclical,Auto Manufacturers,N/A,EQUITY,0.0207,3.4,1.464,187.32,0.02509029572094782
2016-12-27,2995.0,3047.39990234375,2958.0,3034.949951171875,2422.64599609375,140004,HEROMOTOCO,Consumer Cyclical,Auto Manufacturers,N/A,EQUITY,0.0207,3.4,1.464,187.32,0.03022309071796822
2016-12-28,3030.0,3050.0,2996.0,3001.60009765625,2396.024658203125,194508,HEROMOTOCO,Consumer Cyclical,Auto Manufacturers,N/A,EQUITY,0.0207,3.4,1.464,187.32,0.018024032042723633
2016-12-29,3003.0,3054.0,2974.050048828125,3036.35009765625,2423.763916015625,253287,HEROMOTOCO,Consumer Cyclical,Auto Manufacturers,N/A,EQUITY,0.0207,3.4,1.464,187.32,0.026882517058977522
2016-12-30,3040.0,3063.0,3027.0,3043.64990234375,2429.5908203125,240182,HEROMOTOCO,Consumer Cyclical,Auto Manufacturers,N/A,EQUITY,0.0207,3.4,1.464,187.32,0.011892963330029732
2017-01-02,3042.0,3068.949951171875,2992.550048828125,3030.550048828125,2419.133544921875,213654,HEROMOTOCO,Consumer Cyclical,Auto Manufacturers,N/A,EQUITY,0.0207,3.4,1.464,187.32,0.025530033281705014
2017-01-03,2978.0,3016.14990234375,2962.550048828125,2986.550048828125,2384.0107421875,454277,HEROMOTOCO,Consumer Cyclical,Auto Manufacturers,N/A,EQUITY,0.0207,3.4,1.464,187.32,0.01809247190163998
2017-01-04,2999.0,3017.300048828125,2971.0,3004.89990234375,2398.658447265625,396816,HEROMOTOCO,Consumer Cyclical,Auto Manufacturers,N/A,EQUITY,0.0207,3.4,1.464,187.32,0.015583994893343991
2017-01-05,3034.89990234375,3083.800048828125,3012.949951171875,3071.75,2452.02197265625,383925,HEROMOTOCO,Consumer Cyclical,Auto Manufacturers,N/A,EQUITY,0.0207,3.4,1.464,187.32,0.02351519235448738
2017-01-06,3085.0,3119.0,3052.0,3067.550048828125,2448.669189453125,266915,HEROMOTOCO,Consumer Cyclical,Auto Manufacturers,N/A,EQUITY,0.0207,3.4,1.464,187.32,0.021952817824377458
2017-01-09,3068.0,3107.89990234375,3023.050048828125,3031.449951171875,2419.852294921875,211629,HEROMOTOCO,Consumer Cyclical,Auto Manufacturers,N/A,EQUITY,0.0207,3.4,1.464,187.32,0.028067631082891516
2017-01-10,3055.0,3072.800048828125,3019.449951171875,3059.0,2441.843994140625,178876,HEROMOTOCO,Consumer Cyclical,Auto Manufacturers,N/A,EQUITY,0.0207,3.4,1.464,187.32,0.017668813366336595
2017-01-11,3071.949951171875,3092.0,3036.0,3084.25,2462.000244140625,379710,HEROMOTOCO,Consumer Cyclical,Auto Manufacturers,N/A,EQUITY,0.0207,3.4,1.464,187.32,0.01844532279314888
2017-01-12,3100.0,3112.14990234375,3070.0,3083.199951171875,2461.161865234375,322348,HEROMOTOCO,Consumer Cyclical,Auto Manufacturers,N/A,EQUITY,0.0207,3.4,1.464,187.32,0.013729609883957654
2017-01-13,3096.39990234375,3099.0,3021.35009765625,3046.550048828125,2431.905517578125,168219,HEROMOTOCO,Consumer Cyclical,Auto Manufacturers,N/A,EQUITY,0.0207,3.4,1.464,187.32,0.025700398773377937
2017-01-16,3047.0,3097.89990234375,3026.60009765625,3091.75,2467.98681640625,297394,HEROMOTOCO,Consumer Cyclical,Auto Manufacturers,N/A,EQUITY,0.0207,3.4,1.464,187.32,0.02355772232437097
2017-01-17,3091.0,3154.64990234375,3071.75,3132.64990234375,2500.635009765625,224536,HEROMOTOCO,Consumer Cyclical,Auto Manufacturers,N/A,EQUITY,0.0207,3.4,1.464,187.32,0.026987841570358915
2017-01-18,3151.0,3158.550048828125,3076.10009765625,3086.050048828125,2463.436279296875,260704,HEROMOTOCO,Consumer Cyclical,Auto Manufacturers,N/A,EQUITY,0.0207,3.4,1.464,187.32,0.02680340319051889
2017-01-19,3094.800048828125,3110.949951171875,3066.0,3102.35009765625,2476.44775390625,277092,HEROMOTOCO,Consumer Cyclical,Auto Manufacturers,N/A,EQUITY,0.0207,3.4,1.464,187.32,0.01466077989950261
2017-01-20,3099.949951171875,3120.39990234375,3044.25,3050.60009765625,2435.138671875,330431,HEROMOTOCO,Consumer Cyclical,Auto Manufacturers,N/A,EQUITY,0.0207,3.4,1.464,187.32,0.025014339276915497
2017-01-23,3050.5,3107.0,3050.5,3096.800048828125,2472.017822265625,621509,HEROMOTOCO,Consumer Cyclical,Auto Manufacturers,N/A,EQUITY,0.0207,3.4,1.464,187.32,0.01852155384363219
2017-01-24,3123.5,3142.0,3085.0,3134.300048828125,2501.951904296875,706800,HEROMOTOCO,Consumer Cyclical,Auto Manufacturers,N/A,EQUITY,0.0207,3.4,1.464,187.32,0.018476499189627228
2017-01-25,3144.89990234375,3275.949951171875,3121.0,3247.449951171875,2592.27392578125,1050202,HEROMOTOCO,Consumer Cyclical,Auto Manufacturers,N/A,EQUITY,0.0207,3.4,1.464,187.32,0.04964753321751842
2017-01-27,3246.0,3267.949951171875,3201.0,3215.85009765625,2567.049560546875,532124,HEROMOTOCO,Consumer Cyclical,Auto Manufacturers,N/A,EQUITY,0.0207,3.4,1.464,187.32,0.02091532370255389
2017-01-30,3215.0,3215.949951171875,3156.75,3194.699951171875,2550.166015625,488948,HEROMOTOCO,Consumer Cyclical,Auto Manufacturers,N/A,EQUITY,0.0207,3.4,1.464,187.32,0.01875344932980914
2017-01-31,3190.0,3218.85009765625,3150.5,3172.35009765625,2532.32568359375,273410,HEROMOTOCO,Consumer Cyclical,Auto Manufacturers,N/A,EQUITY,0.0207,3.4,1.464,187.32,0.021695000049595303
2017-02-01,3175.0,3304.550048828125,3169.5,3286.949951171875,2623.804931640625,628791,HEROMOTOCO,Consumer Cyclical,Auto Manufacturers,N/A,EQUITY,0.0207,3.4,1.464,187.32,0.04260925976593311
2017-02-02,3265.0,3285.0,3225.0,3228.75,2577.346923828125,354323,HEROMOTOCO,Consumer Cyclical,Auto Manufacturers,N/A,EQUITY,0.0207,3.4,1.464,187.32,0.018604651162790697
2017-02-03,3228.0,3234.89990234375,3201.0,3214.0,2565.572509765625,343388,HEROMOTOCO,Consumer Cyclical,Auto Manufacturers,N/A,EQUITY,0.0207,3.4,1.464,187.32,0.010590409979303344
2017-02-06,3254.699951171875,3282.800048828125,3232.0,3270.449951171875,2610.63330078125,362269,HEROMOTOCO,Consumer Cyclical,Auto Manufacturers,N/A,EQUITY,0.0207,3.4,1.464,187.32,0.01571783688989016
2017-02-07,3278.75,3278.75,3227.10009765625,3259.800048828125,2602.132080078125,217985,HEROMOTOCO,Consumer Cyclical,Auto Manufacturers,N/A,EQUITY,0.0207,3.4,1.464,187.32,0.016005051216496768
2017-02-08,3240.10009765625,3279.0,3210.0,3222.550048828125,2572.3974609375,541782,HEROMOTOCO,Consumer Cyclical,Auto Manufacturers,N/A,EQUITY,0.0207,3.4,1.464,187.32,0.02149532710280374
2017-02-09,3285.0,3319.199951171875,3225.75,3265.10009765625,2606.363037109375,585465,HEROMOTOCO,Consumer Cyclical,Auto Manufacturers,N/A,EQUITY,0.0207,3.4,1.464,187.32,0.028969991838138417
2017-02-10,3275.10009765625,3284.800048828125,3241.0,3268.60009765625,2609.156982421875,233552,HEROMOTOCO,Consumer Cyclical,Auto Manufacturers,N/A,EQUITY,0.0207,3.4,1.464,187.32,0.013514362489393706
2017-02-13,3266.0,3279.800048828125,3215.10009765625,3226.550048828125,2575.5908203125,385934,HEROMOTOCO,Consumer Cyclical,Auto Manufacturers,N/A,EQUITY,0.0207,3.4,1.464,187.32,0.020123775063501163
2017-02-14,3230.0,3235.050048828125,3145.14990234375,3162.949951171875,2524.821533203125,420128,HEROMOTOCO,Consumer Cyclical,Auto Manufacturers,N/A,EQUITY,0.0207,3.4,1.464,187.32,0.0285837398139217
2017-02-15,3162.949951171875,3167.949951171875,3090.550048828125,3097.85009765625,2472.856201171875,513046,HEROMOTOCO,Consumer Cyclical,Auto Manufacturers,N/A,EQUITY,0.0207,3.4,1.464,187.32,0.025044054010093932
2017-02-16,3110.0,3157.39990234375,3049.199951171875,3124.449951171875,2494.089111328125,403866,HEROMOTOCO,Consumer Cyclical,Auto Manufacturers,N/A,EQUITY,0.0207,3.4,1.464,187.32,0.03548470185770906
2017-02-17,3115.0,3130.0,3072.300048828125,3087.199951171875,2464.354248046875,517754,HEROMOTOCO,Consumer Cyclical,Auto Manufacturers,N/A,EQUITY,0.0207,3.4,1.464,187.32,0.018780701837336374
2017-02-20,3098.800048828125,3123.35009765625,3080.0,3102.10009765625,2476.24853515625,197887,HEROMOTOCO,Consumer Cyclical,Auto Manufacturers,N/A,EQUITY,0.0207,3.4,1.464,187.32,0.01407470703125
2017-02-21,3119.0,3137.0,3090.0,3125.800048828125,2495.16748046875,414204,HEROMOTOCO,Consumer Cyclical,Auto Manufacturers,N/A,EQUITY,0.0207,3.4,1.464,187.32,0.015210355987055016
2017-02-22,3118.10009765625,3176.0,3110.0,3166.199951171875,2527.416259765625,433415,HEROMOTOCO,Consumer Cyclical,Auto Manufacturers,N/A,EQUITY,0.0207,3.4,1.464,187.32,0.02122186495176849
2017-02-23,3167.0,3199.800048828125,3148.199951171875,3176.75,2535.837890625,629689,HEROMOTOCO,Consumer Cyclical,Auto Manufacturers,N/A,EQUITY,0.0207,3.4,1.464,187.32,0.016390349551032347
2017-02-27,3175.60009765625,3211.89990234375,3157.050048828125,3175.89990234375,2535.15869140625,392987,HEROMOTOCO,Consumer Cyclical,Auto Manufacturers,N/A,EQUITY,0.0207,3.4,1.464,187.32,0.017373767494115237
2017-02-28,3179.0,3180.800048828125,3131.050048828125,3138.10009765625,2504.9853515625,221558,HEROMOTOCO,Consumer Cyclical,Auto Manufacturers,N/A,EQUITY,0.0207,3.4,1.464,187.32,0.015889238186601394
2017-03-01,3156.89990234375,3198.0,3150.0,3178.14990234375,2536.955810546875,452809,HEROMOTOCO,Consumer Cyclical,Auto Manufacturers,N/A,EQUITY,0.0207,3.4,1.464,187.32,0.015238095238095238
2017-03-02,3201.0,3262.949951171875,3190.0,3229.300048828125,2577.78564453125,581211,HEROMOTOCO,Consumer Cyclical,Auto Manufacturers,N/A,EQUITY,0.0207,3.4,1.464,187.32,0.02286832325137147
2017-03-03,3220.0,3286.0,3201.0,3272.85009765625,2612.54931640625,226645,HEROMOTOCO,Consumer Cyclical,Auto Manufacturers,N/A,EQUITY,0.0207,3.4,1.464,187.32,0.02655420181193377
2017-03-06,3273.0,3332.0,3273.0,3319.800048828125,2650.027587890625,391280,HEROMOTOCO,Consumer Cyclical,Auto Manufacturers,N/A,EQUITY,0.0207,3.4,1.464,187.32,0.018026275588145433
2017-03-07,3319.89990234375,3319.89990234375,3280.0,3305.449951171875,2638.572021484375,225124,HEROMOTOCO,Consumer Cyclical,Auto Manufacturers,N/A,EQUITY,0.0207,3.4,1.464,187.32,0.012164604373094513
2017-03-08,3305.5,3326.949951171875,3255.25,3272.699951171875,2612.429931640625,304333,HEROMOTOCO,Consumer Cyclical,Auto Manufacturers,N/A,EQUITY,0.0207,3.4,1.464,187.32,0.02202594306792873
2017-03-09,3297.800048828125,3298.699951171875,3261.199951171875,3289.0,2625.441162109375,295827,HEROMOTOCO,Consumer Cyclical,Auto Manufacturers,N/A,EQUITY,0.0207,3.4,1.464,187.32,0.011498834956907442
2017-03-10,3294.89990234375,3329.0,3288.60009765625,3311.050048828125,2643.042724609375,227655,HEROMOTOCO,Consumer Cyclical,Auto Manufacturers,N/A,EQUITY,0.0207,3.4,1.464,187.32,0.012284832799385543
2017-03-14,3368.75,3383.949951171875,3345.60009765625,3357.449951171875,2680.081298828125,1078387,HEROMOTOCO,Consumer Cyclical,Auto Manufacturers,N/A,EQUITY,0.0207,3.4,1.464,187.32,0.01146277271527188
2017-03-15,3335.0,3412.0,3335.0,3401.10009765625,2714.92529296875,813831,HEROMOTOCO,Consumer Cyclical,Auto Manufacturers,N/A,EQUITY,0.0207,3.4,1.464,187.32,0.023088455772113943
2017-03-16,3377.0,3390.0,3341.050048828125,3348.0,2716.466796875,745130,HEROMOTOCO,Consumer Cyclical,Auto Manufacturers,N/A,EQUITY,0.0207,3.4,1.464,187.32,0.014651067914724659
2017-03-17,3365.0,3374.0,3343.10009765625,3346.10009765625,2714.925048828125,299456,HEROMOTOCO,Consumer Cyclical,Auto Manufacturers,N/A,EQUITY,0.0207,3.4,1.464,187.32,0.009242888768246282
2017-03-20,3346.10009765625,3370.0,3326.64990234375,3340.25,2710.178466796875,121894,HEROMOTOCO,Consumer Cyclical,Auto Manufacturers,N/A,EQUITY,0.0207,3.4,1.464,187.32,0.013031157148730387
2017-03-21,3333.0,3359.949951171875,3327.5,3334.699951171875,2705.675048828125,149569,HEROMOTOCO,Consumer Cyclical,Auto Manufacturers,N/A,EQUITY,0.0207,3.4,1.464,187.32,0.009752051441585275
2017-03-22,3292.0,3342.5,3292.0,3314.60009765625,2689.366943359375,406454,HEROMOTOCO,Consumer Cyclical,Auto Manufacturers,N/A,EQUITY,0.0207,3.4,1.464,187.32,0.015340218712029162
2017-03-23,3334.800048828125,3379.0,3320.050048828125,3367.39990234375,2732.206787109375,213622,HEROMOTOCO,Consumer Cyclical,Auto Manufacturers,N/A,EQUITY,0.0207,3.4,1.464,187.32,0.01775574172223172
2017-03-24,3374.949951171875,3380.0,3339.699951171875,3375.25,2738.575927734375,230244,HEROMOTOCO,Consumer Cyclical,Auto Manufacturers,N/A,EQUITY,0.0207,3.4,1.464,187.32,0.012066966918385593
2017-03-27,3379.0,3395.949951171875,3300.0,3343.199951171875,2712.572021484375,296970,HEROMOTOCO,Consumer Cyclical,Auto Manufacturers,N/A,EQUITY,0.0207,3.4,1.464,187.32,0.02907574277935606
2017-03-28,3341.0,3359.949951171875,3312.0,3326.89990234375,2699.34619140625,338652,HEROMOTOCO,Consumer Cyclical,Auto Manufacturers,N/A,EQUITY,0.0207,3.4,1.464,187.32,0.014477642262039554
2017-03-29,3330.35009765625,3337.85009765625,3180.0,3224.39990234375,2616.18115234375,1247758,HEROMOTOCO,Consumer Cyclical,Auto Manufacturers,N/A,EQUITY,0.0207,3.4,1.464,187.32,0.04963839548938679
2017-03-30,3202.0,3270.0,3202.0,3231.64990234375,2622.063720703125,627310,HEROMOTOCO,Consumer Cyclical,Auto Manufacturers,N/A,EQUITY,0.0207,3.4,1.464,187.32,0.021236727045596503
2017-03-31,3200.0,3228.0,3200.0,3221.949951171875,2614.193115234375,582578,HEROMOTOCO,Consumer Cyclical,Auto Manufacturers,N/A,EQUITY,0.0207,3.4,1.464,187.32,0.00875
2017-04-03,3222.800048828125,3265.050048828125,3191.800048828125,3202.14990234375,2598.1279296875,370011,HEROMOTOCO,Consumer Cyclical,Auto Manufacturers,N/A,EQUITY,0.0207,3.4,1.464,187.32,0.02294943257078208
2017-04-05,3228.949951171875,3233.0,3190.60009765625,3198.050048828125,2594.801513671875,427222,HEROMOTOCO,Consumer Cyclical,Auto Manufacturers,N/A,EQUITY,0.0207,3.4,1.464,187.32,0.013289005530619806
2017-04-06,3189.0,3219.64990234375,3175.0,3206.300048828125,2601.49560546875,441769,HEROMOTOCO,Consumer Cyclical,Auto Manufacturers,N/A,EQUITY,0.0207,3.4,1.464,187.32,0.014062961368110236
2017-04-07,3196.300048828125,3233.89990234375,3196.300048828125,3215.300048828125,2608.797607421875,332878,HEROMOTOCO,Consumer Cyclical,Auto Manufacturers,N/A,EQUITY,0.0207,3.4,1.464,187.32,0.01176355565536171
2017-04-10,3236.0,3236.0,3185.0,3199.39990234375,2595.89697265625,291127,HEROMOTOCO,Consumer Cyclical,Auto Manufacturers,N/A,EQUITY,0.0207,3.4,1.464,187.32,0.016012558869701727
2017-04-11,3192.0,3224.0,3187.050048828125,3202.199951171875,2598.168701171875,169115,HEROMOTOCO,Consumer Cyclical,Auto Manufacturers,N/A,EQUITY,0.0207,3.4,1.464,187.32,0.011593778135194788
2017-04-12,3210.0,3232.75,3200.39990234375,3227.050048828125,2618.33154296875,289874,HEROMOTOCO,Consumer Cyclical,Auto Manufacturers,N/A,EQUITY,0.0207,3.4,1.464,187.32,0.010108142308265615
2017-04-13,3228.0,3245.449951171875,3211.0,3224.5,2616.262451171875,229218,HEROMOTOCO,Consumer Cyclical,Auto Manufacturers,N/A,EQUITY,0.0207,3.4,1.464,187.32,0.010728729732754594
2017-04-17,3203.0,3245.0,3203.0,3240.14990234375,2628.960205078125,206525,HEROMOTOCO,Consumer Cyclical,Auto Manufacturers,N/A,EQUITY,0.0207,3.4,1.464,187.32,0.013112706837339994
2017-04-18,3249.0,3259.050048828125,3216.25,3226.25,2617.68212890625,427228,HEROMOTOCO,Consumer Cyclical,Auto Manufacturers,N/A,EQUITY,0.0207,3.4,1.464,187.32,0.013307438423047028
2017-04-19,3238.0,3238.0,3179.0,3199.75,2596.180908203125,235606,HEROMOTOCO,Consumer Cyclical,Auto Manufacturers,N/A,EQUITY,0.0207,3.4,1.464,187.32,0.018559295375904374
2017-04-20,3191.0,3218.0,3180.0,3198.39990234375,2595.085693359375,158153,HEROMOTOCO,Consumer Cyclical,Auto Manufacturers,N/A,EQUITY,0.0207,3.4,1.464,187.32,0.011949685534591196
2017-04-21,3218.0,3218.0,3192.0,3203.199951171875,2598.980224609375,132297,HEROMOTOCO,Consumer Cyclical,Auto Manufacturers,N/A,EQUITY,0.0207,3.4,1.464,187.32,0.008145363408521303
2017-04-24,3217.0,3218.0,3186.5,3204.39990234375,2599.953857421875,109307,HEROMOTOCO,Consumer Cyclical,Auto Manufacturers,N/A,EQUITY,0.0207,3.4,1.464,187.32,0.00988545426016005
2017-04-25,3233.0,3312.949951171875,3202.10009765625,3305.199951171875,2681.740234375,601198,HEROMOTOCO,Consumer Cyclical,Auto Manufacturers,N/A,EQUITY,0.0207,3.4,1.464,187.32,0.034617860196425654
2017-04-26,3320.0,3328.0,3271.0,3313.050048828125,2688.108642578125,294063,HEROMOTOCO,Consumer Cyclical,Auto Manufacturers,N/A,EQUITY,0.0207,3.4,1.464,187.32,0.01742586365025986
2017-04-27,3319.5,3364.0,3271.050048828125,3300.800048828125,2678.169677734375,823678,HEROMOTOCO,Consumer Cyclical,Auto Manufacturers,N/A,EQUITY,0.0207,3.4,1.464,187.32,0.028415936712791946
2017-04-28,3318.0,3340.0,3288.0,3318.60009765625,2692.6123046875,259906,HEROMOTOCO,Consumer Cyclical,Auto Manufacturers,N/A,EQUITY,0.0207,3.4,1.464,187.32,0.015815085158150853
2017-05-02,3317.60009765625,3388.699951171875,3305.10009765625,3352.949951171875,2720.482177734375,248508,HEROMOTOCO,Consumer Cyclical,Auto Manufacturers,N/A,EQUITY,0.0207,3.4,1.464,187.32,0.02529419716362245
2017-05-03,3368.0,3384.35009765625,3350.0,3376.5,2739.590576171875,228007,HEROMOTOCO,Consumer Cyclical,Auto Manufacturers,N/A,EQUITY,0.0207,3.4,1.464,187.32,0.010253760494402984
2017-05-04,3375.0,3403.89990234375,3357.10009765625,3395.64990234375,2755.1279296875,200910,HEROMOTOCO,Consumer Cyclical,Auto Manufacturers,N/A,EQUITY,0.0207,3.4,1.464,187.32,0.013940544912608698
2017-05-05,3389.25,3412.85009765625,3350.14990234375,3376.550048828125,2739.630859375,190683,HEROMOTOCO,Consumer Cyclical,Auto Manufacturers,N/A,EQUITY,0.0207,3.4,1.464,187.32,0.018715638744593255
2017-05-08,3376.550048828125,3412.0,3367.949951171875,3401.25,2759.671875,99666,HEROMOTOCO,Consumer Cyclical,Auto Manufacturers,N/A,EQUITY,0.0207,3.4,1.464,187.32,0.01307918747806743
2017-05-09,3419.949951171875,3442.0,3276.35009765625,3282.35009765625,2663.2001953125,501840,HEROMOTOCO,Consumer Cyclical,Auto Manufacturers,N/A,EQUITY,0.0207,3.4,1.464,187.32,0.05055928011547005
2017-05-10,3272.199951171875,3334.89990234375,3265.0,3323.85009765625,2696.871826171875,424465,HEROMOTOCO,Consumer Cyclical,Auto Manufacturers,N/A,EQUITY,0.0207,3.4,1.464,187.32,0.021408852172664625
2017-05-11,3375.0,3483.949951171875,3295.14990234375,3461.800048828125,2808.800048828125,987725,HEROMOTOCO,Consumer Cyclical,Auto Manufacturers,N/A,EQUITY,0.0207,3.4,1.464,187.32,0.05729634597012922
2017-05-12,3479.0,3553.800048828125,3463.89990234375,3541.5,2873.466552734375,607136,HEROMOTOCO,Consumer Cyclical,Auto Manufacturers,N/A,EQUITY,0.0207,3.4,1.464,187.32,0.025953448141947347
2017-05-15,3541.0,3558.0,3504.60009765625,3515.449951171875,2852.330078125,215587,HEROMOTOCO,Consumer Cyclical,Auto Manufacturers,N/A,EQUITY,0.0207,3.4,1.464,187.32,0.0152370886422853
2017-05-16,3529.5,3631.800048828125,3491.10009765625,3619.39990234375,2936.672119140625,372398,HEROMOTOCO,Consumer Cyclical,Auto Manufacturers,N/A,EQUITY,0.0207,3.4,1.464,187.32,0.040302468344099875
2017-05-17,3615.0,3683.949951171875,3595.050048828125,3645.949951171875,2958.2138671875,338342,HEROMOTOCO,Consumer Cyclical,Auto Manufacturers,N/A,EQUITY,0.0207,3.4,1.464,187.32,0.0247284185578247
2017-05-18,3600.0,3639.0,3577.050048828125,3592.050048828125,2914.4814453125,294013,HEROMOTOCO,Consumer Cyclical,Auto Manufacturers,N/A,EQUITY,0.0207,3.4,1.464,187.32,0.017318726415966806
2017-05-19,3597.0,3656.0,3533.75,3571.64990234375,2897.928955078125,270446,HEROMOTOCO,Consumer Cyclical,Auto Manufacturers,N/A,EQUITY,0.0207,3.4,1.464,187.32,0.03459497700742837
2017-05-22,3596.75,3645.0,3550.949951171875,3562.449951171875,2890.46484375,255829,HEROMOTOCO,Consumer Cyclical,Auto Manufacturers,N/A,EQUITY,0.0207,3.4,1.464,187.32,0.026485884093378126
2017-05-23,3593.89990234375,3619.0,3550.0,3585.0,2908.761474609375,199447,HEROMOTOCO,Consumer Cyclical,Auto Manufacturers,N/A,EQUITY,0.0207,3.4,1.464,187.32,0.019436619718309858
2017-05-24,3585.0,3612.300048828125,3527.199951171875,3567.60009765625,2894.64306640625,256025,HEROMOTOCO,Consumer Cyclical,Auto Manufacturers,N/A,EQUITY,0.0207,3.4,1.464,187.32,0.024126814139917525
2017-05-25,3567.60009765625,3645.25,3527.14990234375,3625.85009765625,2941.90576171875,253648,HEROMOTOCO,Consumer Cyclical,Auto Manufacturers,N/A,EQUITY,0.0207,3.4,1.464,187.32,0.03348315238254373
2017-05-26,3626.10009765625,3660.10009765625,3605.60009765625,3618.39990234375,2935.860595703125,193039,HEROMOTOCO,Consumer Cyclical,Auto Manufacturers,N/A,EQUITY,0.0207,3.4,1.464,187.32,0.015115375672256794
2017-05-29,3621.89990234375,3678.449951171875,3590.550048828125,3665.800048828125,2974.31982421875,211133,HEROMOTOCO,Consumer Cyclical,Auto Manufacturers,N/A,EQUITY,0.0207,3.4,1.464,187.32,0.02448090157452019
2017-05-30,3660.0,3748.0,3660.0,3740.35009765625,3034.807861328125,347224,HEROMOTOCO,Consumer Cyclical,Auto Manufacturers,N/A,EQUITY,0.0207,3.4,1.464,187.32,0.024043715846994537
2017-05-31,3735.0,3762.0,3721.199951171875,3745.449951171875,3038.945556640625,424001,HEROMOTOCO,Consumer Cyclical,Auto Manufacturers,N/A,EQUITY,0.0207,3.4,1.464,187.32,0.010964218360606048
2017-06-01,3742.0,3815.0,3708.800048828125,3733.35009765625,3029.1279296875,451621,HEROMOTOCO,Consumer Cyclical,Auto Manufacturers,N/A,EQUITY,0.0207,3.4,1.464,187.32,0.028634585249596067
2017-06-02,3758.800048828125,3857.5,3750.0,3849.75,3123.571533203125,570351,HEROMOTOCO,Consumer Cyclical,Auto Manufacturers,N/A,EQUITY,0.0207,3.4,1.464,187.32,0.028666666666666667
2017-06-05,3850.0,3880.550048828125,3821.25,3834.949951171875,3111.562744140625,181146,HEROMOTOCO,Consumer Cyclical,Auto Manufacturers,N/A,EQUITY,0.0207,3.4,1.464,187.32,0.015518494950114491
2017-06-06,3844.0,3844.0,3785.050048828125,3799.949951171875,3083.1650390625,119591,HEROMOTOCO,Consumer Cyclical,Auto Manufacturers,N/A,EQUITY,0.0207,3.4,1.464,187.32,0.015574417883886705
2017-06-07,3803.85009765625,3856.050048828125,3803.85009765625,3843.25,3118.297119140625,426059,HEROMOTOCO,Consumer Cyclical,Auto Manufacturers,N/A,EQUITY,0.0207,3.4,1.464,187.32,0.013722925412870004
2017-06-08,3847.0,3859.0,3778.25,3784.449951171875,3070.589111328125,256253,HEROMOTOCO,Consumer Cyclical,Auto Manufacturers,N/A,EQUITY,0.0207,3.4,1.464,187.32,0.021372328458942633
2017-06-09,3796.300048828125,3800.5,3755.60009765625,3780.10009765625,3067.05908203125,302560,HEROMOTOCO,Consumer Cyclical,Auto Manufacturers,N/A,EQUITY,0.0207,3.4,1.464,187.32,0.011955453503095443
2017-06-12,3777.0,3790.0,3760.35009765625,3773.25,3061.501708984375,182605,HEROMOTOCO,Consumer Cyclical,Auto Manufacturers,N/A,EQUITY,0.0207,3.4,1.464,187.32,0.007884878155954197
2017-06-13,3780.0,3785.35009765625,3742.25,3752.5,3044.66552734375,212476,HEROMOTOCO,Consumer Cyclical,Auto Manufacturers,N/A,EQUITY,0.0207,3.4,1.464,187.32,0.011517161508784821
2017-06-14,3764.0,3808.0,3751.050048828125,3789.050048828125,3074.3212890625,374661,HEROMOTOCO,Consumer Cyclical,Auto Manufacturers,N/A,EQUITY,0.0207,3.4,1.464,187.32,0.015182402375480668
2017-06-15,3786.0,3820.0,3760.0,3777.699951171875,3065.111572265625,163019,HEROMOTOCO,Consumer Cyclical,Auto Manufacturers,N/A,EQUITY,0.0207,3.4,1.464,187.32,0.015957446808510637
2017-06-16,3798.0,3798.0,3757.800048828125,3783.550048828125,3069.858642578125,229485,HEROMOTOCO,Consumer Cyclical,Auto Manufacturers,N/A,EQUITY,0.0207,3.4,1.464,187.32,0.010697735549929381
2017-06-19,3790.0,3834.0,3790.0,3825.449951171875,3103.85498046875,176591,HEROMOTOCO,Consumer Cyclical,Auto Manufacturers,N/A,EQUITY,0.0207,3.4,1.464,187.32,0.011609498680738786
2017-06-20,3829.0,3846.89990234375,3781.0,3797.0,3080.771484375,235259,HEROMOTOCO,Consumer Cyclical,Auto Manufacturers,N/A,EQUITY,0.0207,3.4,1.464,187.32,0.017429225692607776
2017-06-21,3805.0,3809.800048828125,3756.0,3769.25,3058.255859375,253054,HEROMOTOCO,Consumer Cyclical,Auto Manufacturers,N/A,EQUITY,0.0207,3.4,1.464,187.32,0.014323761668829873
2017-06-22,3770.0,3788.300048828125,3717.550048828125,3730.699951171875,3026.978271484375,272211,HEROMOTOCO,Consumer Cyclical,Auto Manufacturers,N/A,EQUITY,0.0207,3.4,1.464,187.32,0.01903135104322331
2017-06-23,3725.0,3730.050048828125,3650.0,3660.10009765625,2969.695068359375,371113,HEROMOTOCO,Consumer Cyclical,Auto Manufacturers,N/A,EQUITY,0.0207,3.4,1.464,187.32,0.02193152022688356
2017-06-27,3676.0,3711.699951171875,3636.60009765625,3695.199951171875,2998.173828125,365879,HEROMOTOCO,Consumer Cyclical,Auto Manufacturers,N/A,EQUITY,0.0207,3.4,1.464,187.32,0.020651116839606878
2017-06-28,3681.0,3723.60009765625,3667.050048828125,3688.449951171875,2992.697265625,496312,HEROMOTOCO,Consumer Cyclical,Auto Manufacturers,N/A,EQUITY,0.0207,3.4,1.464,187.32,0.015421128175274464
2017-06-29,3700.0,3735.949951171875,3682.0,3716.35009765625,3015.3349609375,384888,HEROMOTOCO,Consumer Cyclical,Auto Manufacturers,N/A,EQUITY,0.0207,3.4,1.464,187.32,0.0146523495849742
2017-06-30,3690.0,3714.75,3665.0,3701.35009765625,3027.6044921875,205581,HEROMOTOCO,Consumer Cyclical,Auto Manufacturers,N/A,EQUITY,0.0207,3.4,1.464,187.32,0.013574351978171896
2017-07-03,3688.0,3785.25,3671.39990234375,3776.10009765625,3088.74755859375,249649,HEROMOTOCO,Consumer Cyclical,Auto Manufacturers,N/A,EQUITY,0.0207,3.4,1.464,187.32,0.031009996373200947
2017-07-04,3804.050048828125,3804.050048828125,3693.64990234375,3703.35009765625,3029.240478515625,474327,HEROMOTOCO,Consumer Cyclical,Auto Manufacturers,N/A,EQUITY,0.0207,3.4,1.464,187.32,0.029889174503063283
2017-07-05,3700.5,3717.699951171875,3696.800048828125,3709.75,3034.47509765625,142509,HEROMOTOCO,Consumer Cyclical,Auto Manufacturers,N/A,EQUITY,0.0207,3.4,1.464,187.32,0.005653511704095332
2017-07-06,3716.050048828125,3745.0,3708.0,3725.35009765625,3047.235107421875,161483,HEROMOTOCO,Consumer Cyclical,Auto Manufacturers,N/A,EQUITY,0.0207,3.4,1.464,187.32,0.009978425026968716
2017-07-07,3720.0,3722.699951171875,3673.0,3681.64990234375,3011.489990234375,182590,HEROMOTOCO,Consumer Cyclical,Auto Manufacturers,N/A,EQUITY,0.0207,3.4,1.464,187.32,0.013531160133916417
2017-07-10,3700.0,3740.0,3693.14990234375,3731.0,3051.857421875,39171,HEROMOTOCO,Consumer Cyclical,Auto Manufacturers,N/A,EQUITY,0.0207,3.4,1.464,187.32,0.012685674531249856
2017-07-11,3735.0,3757.300048828125,3735.0,3748.300048828125,3066.00830078125,227102,HEROMOTOCO,Consumer Cyclical,Auto Manufacturers,N/A,EQUITY,0.0207,3.4,1.464,187.32,0.005970561935240964
2017-07-12,3758.949951171875,3776.949951171875,3707.64990234375,3718.75,3041.837158203125,232681,HEROMOTOCO,Consumer Cyclical,Auto Manufacturers,N/A,EQUITY,0.0207,3.4,1.464,187.32,0.018691098311174888
2017-07-13,3732.199951171875,3768.0,3731.10009765625,3750.949951171875,3068.175537109375,384727,HEROMOTOCO,Consumer Cyclical,Auto Manufacturers,N/A,EQUITY,0.0207,3.4,1.464,187.32,0.00988981838544864
2017-07-14,3765.0,3796.0,3738.0,3758.050048828125,3073.98291015625,187230,HEROMOTOCO,Consumer Cyclical,Auto Manufacturers,N/A,EQUITY,0.0207,3.4,1.464,187.32,0.015516318887105404
2017-07-17,3758.050048828125,3785.0,3738.050048828125,3764.35009765625,3079.136474609375,131553,HEROMOTOCO,Consumer Cyclical,Auto Manufacturers,N/A,EQUITY,0.0207,3.4,1.464,187.32,0.012560011385239147
2017-07-18,3755.0,3799.0,3755.0,3783.949951171875,3095.16845703125,224796,HEROMOTOCO,Consumer Cyclical,Auto Manufacturers,N/A,EQUITY,0.0207,3.4,1.464,187.32,0.011717709720372836
2017-07-19,3787.0,3795.0,3757.699951171875,3770.64990234375,3084.289794921875,464119,HEROMOTOCO,Consumer Cyclical,Auto Manufacturers,N/A,EQUITY,0.0207,3.4,1.464,187.32,0.009926297818561225
2017-07-20,3772.050048828125,3787.949951171875,3716.5,3729.89990234375,3050.9580078125,374090,HEROMOTOCO,Consumer Cyclical,Auto Manufacturers,N/A,EQUITY,0.0207,3.4,1.464,187.32,0.01922506421952778
2017-07-21,3729.050048828125,3741.0,3675.0,3682.0,3011.77685546875,427736,HEROMOTOCO,Consumer Cyclical,Auto Manufacturers,N/A,EQUITY,0.0207,3.4,1.464,187.32,0.017959183673469388
2017-07-24,3692.0,3725.300048828125,3682.050048828125,3692.300048828125,3020.20166015625,236050,HEROMOTOCO,Consumer Cyclical,Auto Manufacturers,N/A,EQUITY,0.0207,3.4,1.464,187.32,0.011746173850560518
2017-07-25,3725.0,3750.0,3700.0,3709.050048828125,3033.90283203125,433381,HEROMOTOCO,Consumer Cyclical,Auto Manufacturers,N/A,EQUITY,0.0207,3.4,1.464,187.32,0.013513513513513514
2017-07-26,3715.0,3745.449951171875,3687.0,3717.449951171875,3040.77294921875,366612,HEROMOTOCO,Consumer Cyclical,Auto Manufacturers,N/A,EQUITY,0.0207,3.4,1.464,187.32,0.015852983773223486
2017-07-27,3727.699951171875,3759.0,3682.0,3703.550048828125,3029.404052734375,452512,HEROMOTOCO,Consumer Cyclical,Auto Manufacturers,N/A,EQUITY,0.0207,3.4,1.464,187.32,0.02091254752851711
2017-07-28,3691.550048828125,3691.550048828125,3610.0,3630.300048828125,2969.4873046875,276500,HEROMOTOCO,Consumer Cyclical,Auto Manufacturers,N/A,EQUITY,0.0207,3.4,1.464,187.32,0.022590041226627423
2017-07-31,3629.89990234375,3672.89990234375,3605.0,3655.75,2990.304443359375,504658,HEROMOTOCO,Consumer Cyclical,Auto Manufacturers,N/A,EQUITY,0.0207,3.4,1.464,187.32,0.018834924367198337
2017-08-01,3675.0,3737.64990234375,3668.050048828125,3727.85009765625,3049.28076171875,685598,HEROMOTOCO,Consumer Cyclical,Auto Manufacturers,N/A,EQUITY,0.0207,3.4,1.464,187.32,0.018974619372454007
2017-08-02,3750.0,3838.800048828125,3743.39990234375,3802.60009765625,3110.423828125,828588,HEROMOTOCO,Consumer Cyclical,Auto Manufacturers,N/A,EQUITY,0.0207,3.4,1.464,187.32,0.025484893138092133
2017-08-03,3812.0,3845.0,3772.0,3838.35009765625,3139.6669921875,424548,HEROMOTOCO,Consumer Cyclical,Auto Manufacturers,N/A,EQUITY,0.0207,3.4,1.464,187.32,0.019353128313891833
2017-08-04,3836.0,3964.0,3816.39990234375,3956.550048828125,3236.350830078125,789172,HEROMOTOCO,Consumer Cyclical,Auto Manufacturers,N/A,EQUITY,0.0207,3.4,1.464,187.32,0.03867521785796215
2017-08-07,3950.0,4018.89990234375,3927.85009765625,3952.699951171875,3233.20166015625,644961,HEROMOTOCO,Consumer Cyclical,Auto Manufacturers,N/A,EQUITY,0.0207,3.4,1.464,187.32,0.023180570139840484
2017-08-08,3957.0,4003.5,3896.050048828125,3913.39990234375,3201.05517578125,253242,HEROMOTOCO,Consumer Cyclical,Auto Manufacturers,N/A,EQUITY,0.0207,3.4,1.464,187.32,0.027579201967437347
2017-08-09,3915.0,3945.0,3859.550048828125,3883.75,3176.80224609375,343296,HEROMOTOCO,Consumer Cyclical,Auto Manufacturers,N/A,EQUITY,0.0207,3.4,1.464,187.32,0.022139873843019645
2017-08-10,3875.0,3945.0,3861.050048828125,3889.550048828125,3181.546875,303409,HEROMOTOCO,Consumer Cyclical,Auto Manufacturers,N/A,EQUITY,0.0207,3.4,1.464,187.32,0.021742777252357768
2017-08-11,3878.300048828125,3878.300048828125,3796.699951171875,3840.89990234375,3141.752197265625,302935,HEROMOTOCO,Consumer Cyclical,Auto Manufacturers,N/A,EQUITY,0.0207,3.4,1.464,187.32,0.021492374616293716
2017-08-14,3850.0,3975.0,3849.5,3957.050048828125,3236.760009765625,263329,HEROMOTOCO,Consumer Cyclical,Auto Manufacturers,N/A,EQUITY,0.0207,3.4,1.464,187.32,0.032601636576178726
2017-08-16,3965.10009765625,4044.0,3933.300048828125,4022.10009765625,3289.96875,475186,HEROMOTOCO,Consumer Cyclical,Auto Manufacturers,N/A,EQUITY,0.0207,3.4,1.464,187.32,0.028144293544261033
2017-08-17,4025.0,4038.300048828125,3975.60009765625,3997.85009765625,3270.133544921875,351635,HEROMOTOCO,Consumer Cyclical,Auto Manufacturers,N/A,EQUITY,0.0207,3.4,1.464,187.32,0.01577119167716057
2017-08-18,3983.0,4000.75,3968.5,3986.699951171875,3261.0126953125,209351,HEROMOTOCO,Consumer Cyclical,Auto Manufacturers,N/A,EQUITY,0.0207,3.4,1.464,187.32,0.00812649615723825
2017-08-21,3988.0,4038.300048828125,3950.050048828125,3972.050048828125,3249.029541015625,246195,HEROMOTOCO,Consumer Cyclical,Auto Manufacturers,N/A,EQUITY,0.0207,3.4,1.464,187.32,0.022341489072064145
2017-08-22,3997.0,3998.10009765625,3881.14990234375,3888.050048828125,3180.31982421875,290303,HEROMOTOCO,Consumer Cyclical,Auto Manufacturers,N/A,EQUITY,0.0207,3.4,1.464,187.32,0.030132872539109113
2017-08-23,3927.0,3950.0,3865.60009765625,3888.89990234375,3181.01513671875,407757,HEROMOTOCO,Consumer Cyclical,Auto Manufacturers,N/A,EQUITY,0.0207,3.4,1.464,187.32,0.021833583457047837
2017-08-24,3908.0,3925.0,3870.0,3882.64990234375,3175.902587890625,222636,HEROMOTOCO,Consumer Cyclical,Auto Manufacturers,N/A,EQUITY,0.0207,3.4,1.464,187.32,0.014211886304909561
2017-08-28,3885.0,3993.949951171875,3838.449951171875,3959.199951171875,3238.5185546875,435266,HEROMOTOCO,Consumer Cyclical,Auto Manufacturers,N/A,EQUITY,0.0207,3.4,1.464,187.32,0.04051114433640746
2017-08-29,3940.0,3980.0,3921.699951171875,3945.699951171875,3227.475830078125,397802,HEROMOTOCO,Consumer Cyclical,Auto Manufacturers,N/A,EQUITY,0.0207,3.4,1.464,187.32,0.014866014624781248
2017-08-30,3950.0,4015.0,3949.85009765625,3988.10009765625,3262.158203125,261951,HEROMOTOCO,Consumer Cyclical,Auto Manufacturers,N/A,EQUITY,0.0207,3.4,1.464,187.32,0.016494272119949173
2017-08-31,3989.0,4021.0,3968.0,3995.10009765625,3267.8837890625,469468,HEROMOTOCO,Consumer Cyclical,Auto Manufacturers,N/A,EQUITY,0.0207,3.4,1.464,187.32,0.013356854838709678
2017-09-01,4006.0,4091.949951171875,3995.0,4048.949951171875,3311.931396484375,388220,HEROMOTOCO,Consumer Cyclical,Auto Manufacturers,N/A,EQUITY,0.0207,3.4,1.464,187.32,0.024267822571182728
2017-09-04,4084.0,4084.0,3961.449951171875,3978.89990234375,3254.632568359375,226397,HEROMOTOCO,Consumer Cyclical,Auto Manufacturers,N/A,EQUITY,0.0207,3.4,1.464,187.32,0.03093565495933434
2017-09-05,3994.0,4007.5,3960.0,3970.449951171875,3247.720947265625,250627,HEROMOTOCO,Consumer Cyclical,Auto Manufacturers,N/A,EQUITY,0.0207,3.4,1.464,187.32,0.011994949494949494
2017-09-06,3953.0,3994.89990234375,3940.0,3950.64990234375,3231.524658203125,218970,HEROMOTOCO,Consumer Cyclical,Auto Manufacturers,N/A,EQUITY,0.0207,3.4,1.464,187.32,0.01393398536643401
2017-09-07,3953.0,4012.5,3953.0,3982.89990234375,3257.904052734375,256960,HEROMOTOCO,Consumer Cyclical,Auto Manufacturers,N/A,EQUITY,0.0207,3.4,1.464,187.32,0.01505185934733114
2017-09-08,3997.39990234375,4002.0,3946.75,3956.050048828125,3235.9423828125,145201,HEROMOTOCO,Consumer Cyclical,Auto Manufacturers,N/A,EQUITY,0.0207,3.4,1.464,187.32,0.013998859821372014
2017-09-11,3999.0,3999.949951171875,3936.60009765625,3944.5,3226.494384765625,217005,HEROMOTOCO,Consumer Cyclical,Auto Manufacturers,N/A,EQUITY,0.0207,3.4,1.464,187.32,0.016092529579863058
2017-09-12,3958.39990234375,3970.35009765625,3909.949951171875,3918.89990234375,3205.553955078125,219890,HEROMOTOCO,Consumer Cyclical,Auto Manufacturers,N/A,EQUITY,0.0207,3.4,1.464,187.32,0.015447805531697945
2017-09-13,3913.800048828125,3970.0,3878.0,3893.550048828125,3184.818603515625,262986,HEROMOTOCO,Consumer Cyclical,Auto Manufacturers,N/A,EQUITY,0.0207,3.4,1.464,187.32,0.02372356884992264
2017-09-14,3905.0,3922.0,3884.449951171875,3891.25,3182.937255859375,190185,HEROMOTOCO,Consumer Cyclical,Auto Manufacturers,N/A,EQUITY,0.0207,3.4,1.464,187.32,0.009666760879953355
2017-09-15,3885.0,3910.0,3870.0,3888.0,3180.278564453125,389738,HEROMOTOCO,Consumer Cyclical,Auto Manufacturers,N/A,EQUITY,0.0207,3.4,1.464,187.32,0.0103359173126615
2017-09-18,3895.0,3961.39990234375,3895.0,3949.89990234375,3230.9111328125,573380,HEROMOTOCO,Consumer Cyclical,Auto Manufacturers,N/A,EQUITY,0.0207,3.4,1.464,187.32,0.017047471718549423
2017-09-19,3970.0,3977.85009765625,3936.800048828125,3944.25,3226.289306640625,154125,HEROMOTOCO,Consumer Cyclical,Auto Manufacturers,N/A,EQUITY,0.0207,3.4,1.464,187.32,0.010427262832498807
2017-09-20,3939.85009765625,3958.300048828125,3845.0,3856.050048828125,3154.14501953125,515833,HEROMOTOCO,Consumer Cyclical,Auto Manufacturers,N/A,EQUITY,0.0207,3.4,1.464,187.32,0.02946685275113784
2017-09-21,3856.10009765625,3901.550048828125,3811.699951171875,3896.39990234375,3187.14990234375,490206,HEROMOTOCO,Consumer Cyclical,Auto Manufacturers,N/A,EQUITY,0.0207,3.4,1.464,187.32,0.023572185326031853
2017-09-22,3879.949951171875,3879.949951171875,3780.050048828125,3791.14990234375,3101.057861328125,719999,HEROMOTOCO,Consumer Cyclical,Auto Manufacturers,N/A,EQUITY,0.0207,3.4,1.464,187.32,0.026428195672890772
2017-09-25,3825.699951171875,3825.699951171875,3721.0,3755.949951171875,3072.265625,275648,HEROMOTOCO,Consumer Cyclical,Auto Manufacturers,N/A,EQUITY,0.0207,3.4,1.464,187.32,0.028137584297735822
2017-09-26,3801.0,3805.35009765625,3742.14990234375,3787.75,3098.277099609375,548321,HEROMOTOCO,Consumer Cyclical,Auto Manufacturers,N/A,EQUITY,0.0207,3.4,1.464,187.32,0.016888739618078106
2017-09-27,3820.0,3824.89990234375,3708.60009765625,3727.39990234375,3048.912109375,266924,HEROMOTOCO,Consumer Cyclical,Auto Manufacturers,N/A,EQUITY,0.0207,3.4,1.464,187.32,0.031359489194048934
2017-09-28,3749.0,3779.0,3674.5,3740.050048828125,3059.260009765625,789127,HEROMOTOCO,Consumer Cyclical,Auto Manufacturers,N/A,EQUITY,0.0207,3.4,1.464,187.32,0.02843924343448088
2017-09-29,3734.0,3819.35009765625,3718.25,3774.550048828125,3087.47998046875,547536,HEROMOTOCO,Consumer Cyclical,Auto Manufacturers,N/A,EQUITY,0.0207,3.4,1.464,187.32,0.02719023671249916
2017-10-03,3840.0,3845.0,3793.800048828125,3806.25,3113.409912109375,294342,HEROMOTOCO,Consumer Cyclical,Auto Manufacturers,N/A,EQUITY,0.0207,3.4,1.464,187.32,0.013495690472061188
2017-10-04,3870.0,3870.0,3774.60009765625,3794.89990234375,3104.125732421875,388211,HEROMOTOCO,Consumer Cyclical,Auto Manufacturers,N/A,EQUITY,0.0207,3.4,1.464,187.32,0.025274174714027677
2017-10-05,3796.0,3797.0,3750.0,3755.449951171875,3071.856689453125,260215,HEROMOTOCO,Consumer Cyclical,Auto Manufacturers,N/A,EQUITY,0.0207,3.4,1.464,187.32,0.012533333333333334
2017-10-06,3755.5,3777.0,3688.10009765625,3703.949951171875,3029.730712890625,373696,HEROMOTOCO,Consumer Cyclical,Auto Manufacturers,N/A,EQUITY,0.0207,3.4,1.464,187.32,0.02410452536259658
2017-10-09,3703.050048828125,3715.0,3670.0,3676.39990234375,3007.196044921875,423770,HEROMOTOCO,Consumer Cyclical,Auto Manufacturers,N/A,EQUITY,0.0207,3.4,1.464,187.32,0.01226158038147139
2017-10-10,3690.0,3720.800048828125,3661.199951171875,3695.25,3022.614501953125,367529,HEROMOTOCO,Consumer Cyclical,Auto Manufacturers,N/A,EQUITY,0.0207,3.4,1.464,187.32,0.01627884257924051
2017-10-11,3701.10009765625,3744.800048828125,3677.60009765625,3689.550048828125,3017.9521484375,298989,HEROMOTOCO,Consumer Cyclical,Auto Manufacturers,N/A,EQUITY,0.0207,3.4,1.464,187.32,0.01827277283756377
2017-10-12,3697.0,3760.64990234375,3694.949951171875,3751.0,3068.216552734375,343176,HEROMOTOCO,Consumer Cyclical,Auto Manufacturers,N/A,EQUITY,0.0207,3.4,1.464,187.32,0.017781012473805733
2017-10-13,3757.0,3790.0,3743.199951171875,3763.85009765625,3078.72802734375,213882,HEROMOTOCO,Consumer Cyclical,Auto Manufacturers,N/A,EQUITY,0.0207,3.4,1.464,187.32,0.012502684718585075
2017-10-16,3797.699951171875,3805.64990234375,3766.800048828125,3776.64990234375,3089.197265625,261710,HEROMOTOCO,Consumer Cyclical,Auto Manufacturers,N/A,EQUITY,0.0207,3.4,1.464,187.32,0.010313755179999913
2017-10-17,3785.0,3828.5,3758.800048828125,3789.050048828125,3099.34033203125,447594,HEROMOTOCO,Consumer Cyclical,Auto Manufacturers,N/A,EQUITY,0.0207,3.4,1.464,187.32,0.01854313883857835
2017-10-18,3813.89990234375,3813.89990234375,3725.0,3753.0,3069.8525390625,236096,HEROMOTOCO,Consumer Cyclical,Auto Manufacturers,N/A,EQUITY,0.0207,3.4,1.464,187.32,0.023865745595637585
2017-10-19,3750.0,3759.39990234375,3720.0,3735.60009765625,3055.6201171875,24217,HEROMOTOCO,Consumer Cyclical,Auto Manufacturers,N/A,EQUITY,0.0207,3.4,1.464,187.32,0.010591371597782258
2017-10-23,3792.949951171875,3814.0,3770.0,3791.25,3101.139892578125,510178,HEROMOTOCO,Consumer Cyclical,Auto Manufacturers,N/A,EQUITY,0.0207,3.4,1.464,187.32,0.011671087533156498
2017-10-24,3792.0,3807.199951171875,3742.199951171875,3755.39990234375,3071.815673828125,138844,HEROMOTOCO,Consumer Cyclical,Auto Manufacturers,N/A,EQUITY,0.0207,3.4,1.464,187.32,0.017369462040542533
2017-10-25,3784.89990234375,3784.89990234375,3717.0,3769.64990234375,3083.471923828125,464158,HEROMOTOCO,Consumer Cyclical,Auto Manufacturers,N/A,EQUITY,0.0207,3.4,1.464,187.32,0.018267393689467313
2017-10-26,3765.699951171875,3787.89990234375,3730.25,3750.85009765625,3068.093994140625,357840,HEROMOTOCO,Consumer Cyclical,Auto Manufacturers,N/A,EQUITY,0.0207,3.4,1.464,187.32,0.015454702055827357
2017-10-27,3764.0,3815.0,3750.60009765625,3786.64990234375,3097.377197265625,328558,HEROMOTOCO,Consumer Cyclical,Auto Manufacturers,N/A,EQUITY,0.0207,3.4,1.464,187.32,0.01717055955498788
2017-10-30,3813.949951171875,3841.5,3801.64990234375,3833.0,3135.290283203125,244919,HEROMOTOCO,Consumer Cyclical,Auto Manufacturers,N/A,EQUITY,0.0207,3.4,1.464,187.32,0.010482316541479022
2017-10-31,3857.0,3870.050048828125,3821.699951171875,3849.89990234375,3149.114013671875,307237,HEROMOTOCO,Consumer Cyclical,Auto Manufacturers,N/A,EQUITY,0.0207,3.4,1.464,187.32,0.012651463556531711
2017-11-01,3875.0,3882.89990234375,3803.800048828125,3819.35009765625,3124.125,338059,HEROMOTOCO,Consumer Cyclical,Auto Manufacturers,N/A,EQUITY,0.0207,3.4,1.464,187.32,0.020794955702257298
2017-11-02,3763.300048828125,3804.699951171875,3713.0,3735.85009765625,3055.82470703125,518139,HEROMOTOCO,Consumer Cyclical,Auto Manufacturers,N/A,EQUITY,0.0207,3.4,1.464,187.32,0.024696997353050094
2017-11-03,3739.89990234375,3742.949951171875,3675.300048828125,3689.050048828125,3017.54296875,364403,HEROMOTOCO,Consumer Cyclical,Auto Manufacturers,N/A,EQUITY,0.0207,3.4,1.464,187.32,0.018406633865259592
2017-11-06,3675.5,3715.0,3661.85009765625,3688.85009765625,3017.37939453125,290004,HEROMOTOCO,Consumer Cyclical,Auto Manufacturers,N/A,EQUITY,0.0207,3.4,1.464,187.32,0.014514494292862602
2017-11-07,3695.25,3729.10009765625,3675.0,3681.5,3011.36767578125,303030,HEROMOTOCO,Consumer Cyclical,Auto Manufacturers,N/A,EQUITY,0.0207,3.4,1.464,187.32,0.014721115008503401
2017-11-08,3698.0,3718.64990234375,3610.5,3622.550048828125,2963.14794921875,367993,HEROMOTOCO,Consumer Cyclical,Auto Manufacturers,N/A,EQUITY,0.0207,3.4,1.464,187.32,0.02995427291060795
2017-11-09,3628.0,3659.89990234375,3590.0,3597.75,2942.86181640625,241249,HEROMOTOCO,Consumer Cyclical,Auto Manufacturers,N/A,EQUITY,0.0207,3.4,1.464,187.32,0.01947072488683844
2017-11-10,3605.0,3635.0,3560.75,3605.10009765625,2948.87451171875,307029,HEROMOTOCO,Consumer Cyclical,Auto Manufacturers,N/A,EQUITY,0.0207,3.4,1.464,187.32,0.020852348522081024
2017-11-13,3639.0,3639.0,3569.0,3579.89990234375,2928.260986328125,230714,HEROMOTOCO,Consumer Cyclical,Auto Manufacturers,N/A,EQUITY,0.0207,3.4,1.464,187.32,0.019613337069207062
2017-11-14,3579.89990234375,3662.39990234375,3579.89990234375,3655.199951171875,2989.854736328125,430968,HEROMOTOCO,Consumer Cyclical,Auto Manufacturers,N/A,EQUITY,0.0207,3.4,1.464,187.32,0.023045337090567112
2017-11-15,3650.5,3709.39990234375,3640.0,3671.800048828125,3003.433349609375,413595,HEROMOTOCO,Consumer Cyclical,Auto Manufacturers,N/A,EQUITY,0.0207,3.4,1.464,187.32,0.019065907237293955
2017-11-16,3672.0,3688.949951171875,3625.25,3657.0,2991.3271484375,252451,HEROMOTOCO,Consumer Cyclical,Auto Manufacturers,N/A,EQUITY,0.0207,3.4,1.464,187.32,0.01757118851717123
2017-11-17,3693.60009765625,3697.0,3622.5,3631.14990234375,2970.182373046875,338039,HEROMOTOCO,Consumer Cyclical,Auto Manufacturers,N/A,EQUITY,0.0207,3.4,1.464,187.32,0.02056590752242926
2017-11-20,3632.39990234375,3689.0,3618.0,3658.60009765625,2992.636474609375,350045,HEROMOTOCO,Consumer Cyclical,Auto Manufacturers,N/A,EQUITY,0.0207,3.4,1.464,187.32,0.019624101713653953
2017-11-21,3665.10009765625,3690.5,3664.89990234375,3678.75,3009.1181640625,202939,HEROMOTOCO,Consumer Cyclical,Auto Manufacturers,N/A,EQUITY,0.0207,3.4,1.464,187.32,0.006985210602853959
2017-11-22,3685.10009765625,3710.0,3645.199951171875,3661.300048828125,2994.84423828125,293485,HEROMOTOCO,Consumer Cyclical,Auto Manufacturers,N/A,EQUITY,0.0207,3.4,1.464,187.32,0.017776816003548118
2017-11-23,3685.0,3698.35009765625,3645.5,3677.35009765625,3007.972900390625,219012,HEROMOTOCO,Consumer Cyclical,Auto Manufacturers,N/A,EQUITY,0.0207,3.4,1.464,187.32,0.014497352257920725
2017-11-24,3689.39990234375,3690.14990234375,3650.0,3653.25,2988.259765625,388730,HEROMOTOCO,Consumer Cyclical,Auto Manufacturers,N/A,EQUITY,0.0207,3.4,1.464,187.32,0.010999973244863013
2017-11-27,3651.14990234375,3670.0,3631.050048828125,3663.0,2996.234619140625,172252,HEROMOTOCO,Consumer Cyclical,Auto Manufacturers,N/A,EQUITY,0.0207,3.4,1.464,187.32,0.010726911127112004
2017-11-28,3680.0,3680.0,3655.10009765625,3673.60009765625,3004.905029296875,155386,HEROMOTOCO,Consumer Cyclical,Auto Manufacturers,N/A,EQUITY,0.0207,3.4,1.464,187.32,0.006812372213750452
2017-11-29,3683.0,3695.0,3649.0,3656.300048828125,2990.754638671875,172201,HEROMOTOCO,Consumer Cyclical,Auto Manufacturers,N/A,EQUITY,0.0207,3.4,1.464,187.32,0.012606193477665114
2017-11-30,3649.0,3678.0,3621.0,3633.64990234375,2972.227294921875,456685,HEROMOTOCO,Consumer Cyclical,Auto Manufacturers,N/A,EQUITY,0.0207,3.4,1.464,187.32,0.015741507870753936
2017-12-01,3642.0,3680.0,3547.5,3604.050048828125,2948.01611328125,222230,HEROMOTOCO,Consumer Cyclical,Auto Manufacturers,N/A,EQUITY,0.0207,3.4,1.464,187.32,0.037350246652572236
2017-12-04,3635.0,3635.0,3593.800048828125,3601.39990234375,2945.847412109375,131129,HEROMOTOCO,Consumer Cyclical,Auto Manufacturers,N/A,EQUITY,0.0207,3.4,1.464,187.32,0.011464174581807794
2017-12-05,3597.0,3597.0,3513.050048828125,3520.550048828125,2879.715087890625,242868,HEROMOTOCO,Consumer Cyclical,Auto Manufacturers,N/A,EQUITY,0.0207,3.4,1.464,187.32,0.023896599822105815
2017-12-06,3516.0,3518.10009765625,3473.35009765625,3505.60009765625,2867.486083984375,291780,HEROMOTOCO,Consumer Cyclical,Auto Manufacturers,N/A,EQUITY,0.0207,3.4,1.464,187.32,0.012883814974538974
2017-12-07,3520.0,3568.0,3517.949951171875,3551.10009765625,2904.703369140625,301458,HEROMOTOCO,Consumer Cyclical,Auto Manufacturers,N/A,EQUITY,0.0207,3.4,1.464,187.32,0.014227049708723877
2017-12-08,3530.0,3567.0,3506.050048828125,3519.550048828125,2878.89697265625,177525,HEROMOTOCO,Consumer Cyclical,Auto Manufacturers,N/A,EQUITY,0.0207,3.4,1.464,187.32,0.01738422165201182
2017-12-11,3544.0,3544.0,3500.300048828125,3514.85009765625,2875.052490234375,226419,HEROMOTOCO,Consumer Cyclical,Auto Manufacturers,N/A,EQUITY,0.0207,3.4,1.464,187.32,0.012484630049502593
2017-12-12,3517.0,3524.0,3432.75,3441.699951171875,2815.21728515625,427882,HEROMOTOCO,Consumer Cyclical,Auto Manufacturers,N/A,EQUITY,0.0207,3.4,1.464,187.32,0.02658218629378778
2017-12-13,3435.0,3490.300048828125,3410.0,3419.449951171875,2797.017333984375,348709,HEROMOTOCO,Consumer Cyclical,Auto Manufacturers,N/A,EQUITY,0.0207,3.4,1.464,187.32,0.023548401415872434
2017-12-14,3452.0,3471.39990234375,3416.199951171875,3460.550048828125,2830.63671875,314655,HEROMOTOCO,Consumer Cyclical,Auto Manufacturers,N/A,EQUITY,0.0207,3.4,1.464,187.32,0.016158290486755468
2017-12-15,3470.0,3511.949951171875,3465.10009765625,3503.0,2865.359130859375,372029,HEROMOTOCO,Consumer Cyclical,Auto Manufacturers,N/A,EQUITY,0.0207,3.4,1.464,187.32,0.013520490662683496
2017-12-18,3487.0,3553.64990234375,3430.64990234375,3535.35009765625,2891.820556640625,412556,HEROMOTOCO,Consumer Cyclical,Auto Manufacturers,N/A,EQUITY,0.0207,3.4,1.464,187.32,0.03585326497931745
2017-12-19,3560.0,3710.64990234375,3540.0,3701.0,3027.31787109375,876214,HEROMOTOCO,Consumer Cyclical,Auto Manufacturers,N/A,EQUITY,0.0207,3.4,1.464,187.32,0.04820618710275424
2017-12-20,3733.39990234375,3793.89990234375,3696.050048828125,3749.199951171875,3066.744140625,664592,HEROMOTOCO,Consumer Cyclical,Auto Manufacturers,N/A,EQUITY,0.0207,3.4,1.464,187.32,0.026474168970371335
2017-12-21,3784.5,3822.25,3771.35009765625,3805.949951171875,3113.1640625,612505,HEROMOTOCO,Consumer Cyclical,Auto Manufacturers,N/A,EQUITY,0.0207,3.4,1.464,187.32,0.013496467054432932
2017-12-22,3814.0,3829.0,3774.0,3792.800048828125,3102.4072265625,438144,HEROMOTOCO,Consumer Cyclical,Auto Manufacturers,N/A,EQUITY,0.0207,3.4,1.464,187.32,0.014573396926338102
2017-12-26,3792.800048828125,3848.800048828125,3747.199951171875,3813.800048828125,3119.585205078125,320480,HEROMOTOCO,Consumer Cyclical,Auto Manufacturers,N/A,EQUITY,0.0207,3.4,1.464,187.32,0.027113604552774465
2017-12-27,3813.0,3834.39990234375,3757.050048828125,3786.64990234375,3097.377197265625,189623,HEROMOTOCO,Consumer Cyclical,Auto Manufacturers,N/A,EQUITY,0.0207,3.4,1.464,187.32,0.020587922042654576
2017-12-28,3762.10009765625,3783.5,3702.300048828125,3716.64990234375,3040.118896484375,605738,HEROMOTOCO,Consumer Cyclical,Auto Manufacturers,N/A,EQUITY,0.0207,3.4,1.464,187.32,0.021932298868530906
2017-12-29,3730.0,3809.85009765625,3720.050048828125,3785.14990234375,3096.150390625,274559,HEROMOTOCO,Consumer Cyclical,Auto Manufacturers,N/A,EQUITY,0.0207,3.4,1.464,187.32,0.024139473299939457
2018-01-01,3810.0,3810.0,3740.0,3749.10009765625,3066.66259765625,201102,HEROMOTOCO,Consumer Cyclical,Auto Manufacturers,N/A,EQUITY,0.0207,3.4,1.464,187.32,0.01871657754010695
2018-01-02,3781.0,3784.35009765625,3719.25,3743.85009765625,3062.3681640625,258156,HEROMOTOCO,Consumer Cyclical,Auto Manufacturers,N/A,EQUITY,0.0207,3.4,1.464,187.32,0.017503555194259595
2018-01-03,3728.0,3764.39990234375,3728.0,3755.199951171875,3071.65234375,274963,HEROMOTOCO,Consumer Cyclical,Auto Manufacturers,N/A,EQUITY,0.0207,3.4,1.464,187.32,0.009763922302508048
2018-01-04,3755.0,3759.949951171875,3721.550048828125,3738.89990234375,3058.319091796875,196775,HEROMOTOCO,Consumer Cyclical,Auto Manufacturers,N/A,EQUITY,0.0207,3.4,1.464,187.32,0.010318254985134945
2018-01-05,3758.699951171875,3758.699951171875,3726.199951171875,3744.64990234375,3063.022216796875,234199,HEROMOTOCO,Consumer Cyclical,Auto Manufacturers,N/A,EQUITY,0.0207,3.4,1.464,187.32,0.008722022550018789
2018-01-08,3773.0,3792.0,3745.300048828125,3786.75,3097.458740234375,249549,HEROMOTOCO,Consumer Cyclical,Auto Manufacturers,N/A,EQUITY,0.0207,3.4,1.464,187.32,0.012468947898176288
2018-01-09,3800.0,3804.800048828125,3742.64990234375,3749.449951171875,3066.94873046875,290158,HEROMOTOCO,Consumer Cyclical,Auto Manufacturers,N/A,EQUITY,0.0207,3.4,1.464,187.32,0.01660592043232654
2018-01-10,3740.0,3752.550048828125,3725.0,3736.89990234375,3056.683349609375,250123,HEROMOTOCO,Consumer Cyclical,Auto Manufacturers,N/A,EQUITY,0.0207,3.4,1.464,187.32,0.007395986262583892
2018-01-11,3740.699951171875,3743.199951171875,3700.199951171875,3705.64990234375,3031.121826171875,366134,HEROMOTOCO,Consumer Cyclical,Auto Manufacturers,N/A,EQUITY,0.0207,3.4,1.464,187.32,0.011620993613164512
2018-01-12,3726.89990234375,3726.89990234375,3650.60009765625,3687.35009765625,3016.15234375,363795,HEROMOTOCO,Consumer Cyclical,Auto Manufacturers,N/A,EQUITY,0.0207,3.4,1.464,187.32,0.020900619801244684
2018-01-15,3687.699951171875,3700.0,3613.64990234375,3628.800048828125,2968.260009765625,229198,HEROMOTOCO,Consumer Cyclical,Auto Manufacturers,N/A,EQUITY,0.0207,3.4,1.464,187.32,0.02389553498257948
2018-01-16,3637.699951171875,3664.0,3578.14990234375,3586.10009765625,2933.332763671875,271813,HEROMOTOCO,Consumer Cyclical,Auto Manufacturers,N/A,EQUITY,0.0207,3.4,1.464,187.32,0.023992873412043668
2018-01-17,3586.0,3590.14990234375,3526.300048828125,3566.85009765625,2917.5869140625,501484,HEROMOTOCO,Consumer Cyclical,Auto Manufacturers,N/A,EQUITY,0.0207,3.4,1.464,187.32,0.018106755701870536
2018-01-18,3586.0,3643.0,3576.050048828125,3593.35009765625,2939.26318359375,345926,HEROMOTOCO,Consumer Cyclical,Auto Manufacturers,N/A,EQUITY,0.0207,3.4,1.464,187.32,0.018721760114575176
2018-01-19,3558.0,3620.0,3552.300048828125,3589.75,2936.318115234375,295410,HEROMOTOCO,Consumer Cyclical,Auto Manufacturers,N/A,EQUITY,0.0207,3.4,1.464,187.32,0.01905806104250925
2018-01-22,3592.75,3621.89990234375,3589.10009765625,3602.949951171875,2947.11572265625,320126,HEROMOTOCO,Consumer Cyclical,Auto Manufacturers,N/A,EQUITY,0.0207,3.4,1.464,187.32,0.009138726643182476
2018-01-23,3634.0,3635.0,3608.25,3630.0,2969.241943359375,285236,HEROMOTOCO,Consumer Cyclical,Auto Manufacturers,N/A,EQUITY,0.0207,3.4,1.464,187.32,0.007413566133167048
2018-01-24,3629.699951171875,3650.0,3600.0,3645.5,2981.92041015625,312383,HEROMOTOCO,Consumer Cyclical,Auto Manufacturers,N/A,EQUITY,0.0207,3.4,1.464,187.32,0.013888888888888888
2018-01-25,3659.89990234375,3659.89990234375,3561.0,3571.199951171875,2921.1455078125,487836,HEROMOTOCO,Consumer Cyclical,Auto Manufacturers,N/A,EQUITY,0.0207,3.4,1.464,187.32,0.027773070020710475
2018-01-29,3584.699951171875,3658.25,3574.550048828125,3641.75,2978.85302734375,403110,HEROMOTOCO,Consumer Cyclical,Auto Manufacturers,N/A,EQUITY,0.0207,3.4,1.464,187.32,0.023415520842774342
2018-01-30,3657.39990234375,3696.0,3649.89990234375,3687.85009765625,3016.56201171875,540432,HEROMOTOCO,Consumer Cyclical,Auto Manufacturers,N/A,EQUITY,0.0207,3.4,1.464,187.32,0.012630510120742556
2018-01-31,3703.0,3747.89990234375,3682.0,3691.449951171875,3019.506591796875,558327,HEROMOTOCO,Consumer Cyclical,Auto Manufacturers,N/A,EQUITY,0.0207,3.4,1.464,187.32,0.01789785506348452
2018-02-01,3695.14990234375,3744.0,3692.5,3732.949951171875,3053.4521484375,346581,HEROMOTOCO,Consumer Cyclical,Auto Manufacturers,N/A,EQUITY,0.0207,3.4,1.464,187.32,0.013947190250507786
2018-02-02,3729.699951171875,3752.449951171875,3612.699951171875,3623.449951171875,2963.88427734375,469510,HEROMOTOCO,Consumer Cyclical,Auto Manufacturers,N/A,EQUITY,0.0207,3.4,1.464,187.32,0.03868298001185191
2018-02-05,3598.0,3662.60009765625,3550.050048828125,3636.39990234375,2974.4765625,319150,HEROMOTOCO,Consumer Cyclical,Auto Manufacturers,N/A,EQUITY,0.0207,3.4,1.464,187.32,0.03170379213816377
2018-02-06,3527.300048828125,3564.800048828125,3450.0,3541.85009765625,2897.1376953125,442426,HEROMOTOCO,Consumer Cyclical,Auto Manufacturers,N/A,EQUITY,0.0207,3.4,1.464,187.32,0.03327537647192029
2018-02-07,3618.89990234375,3620.0,3542.5,3566.39990234375,2917.21875,336709,HEROMOTOCO,Consumer Cyclical,Auto Manufacturers,N/A,EQUITY,0.0207,3.4,1.464,187.32,0.021877205363443897
2018-02-08,3570.0,3615.949951171875,3555.0,3582.199951171875,2930.142822265625,325607,HEROMOTOCO,Consumer Cyclical,Auto Manufacturers,N/A,EQUITY,0.0207,3.4,1.464,187.32,0.017144852650316456
2018-02-09,3536.800048828125,3576.35009765625,3530.10009765625,3546.10009765625,2900.61376953125,604849,HEROMOTOCO,Consumer Cyclical,Auto Manufacturers,N/A,EQUITY,0.0207,3.4,1.464,187.32,0.013101611489914096
2018-02-12,3566.0,3616.699951171875,3545.5,3611.89990234375,2954.4365234375,385092,HEROMOTOCO,Consumer Cyclical,Auto Manufacturers,N/A,EQUITY,0.0207,3.4,1.464,187.32,0.020081780051297418
2018-02-14,3620.39990234375,3624.0,3562.64990234375,3596.050048828125,2941.471923828125,315246,HEROMOTOCO,Consumer Cyclical,Auto Manufacturers,N/A,EQUITY,0.0207,3.4,1.464,187.32,0.017220355448311044
2018-02-15,3565.0,3575.0,3520.0,3527.25,2930.00830078125,221710,HEROMOTOCO,Consumer Cyclical,Auto Manufacturers,N/A,EQUITY,0.0207,3.4,1.464,187.32,0.015625
2018-02-16,3549.0,3549.800048828125,3485.0,3494.199951171875,2902.554931640625,219454,HEROMOTOCO,Consumer Cyclical,Auto Manufacturers,N/A,EQUITY,0.0207,3.4,1.464,187.32,0.01859398818597561
2018-02-19,3502.0,3519.35009765625,3442.0,3465.699951171875,2878.8798828125,246616,HEROMOTOCO,Consumer Cyclical,Auto Manufacturers,N/A,EQUITY,0.0207,3.4,1.464,187.32,0.022472428139526438
2018-02-20,3466.0,3518.0,3443.25,3477.449951171875,2888.640625,340087,HEROMOTOCO,Consumer Cyclical,Auto Manufacturers,N/A,EQUITY,0.0207,3.4,1.464,187.32,0.021709141073114065
2018-02-21,3517.800048828125,3517.800048828125,3460.0,3490.75,2899.688720703125,266352,HEROMOTOCO,Consumer Cyclical,Auto Manufacturers,N/A,EQUITY,0.0207,3.4,1.464,187.32,0.016705216424313583
2018-02-22,3484.0,3499.300048828125,3458.699951171875,3481.199951171875,2891.755859375,434663,HEROMOTOCO,Consumer Cyclical,Auto Manufacturers,N/A,EQUITY,0.0207,3.4,1.464,187.32,0.011738542871431763
2018-02-23,3483.39990234375,3508.0,3455.0,3494.699951171875,2902.9697265625,142023,HEROMOTOCO,Consumer Cyclical,Auto Manufacturers,N/A,EQUITY,0.0207,3.4,1.464,187.32,0.015340086830680173
2018-02-26,3519.0,3549.949951171875,3500.39990234375,3537.85009765625,2938.8134765625,361326,HEROMOTOCO,Consumer Cyclical,Auto Manufacturers,N/A,EQUITY,0.0207,3.4,1.464,187.32,0.01415553942706602
2018-02-27,3573.10009765625,3593.949951171875,3545.0,3585.5,2978.395263671875,320893,HEROMOTOCO,Consumer Cyclical,Auto Manufacturers,N/A,EQUITY,0.0207,3.4,1.464,187.32,0.01380816676216502
2018-02-28,3525.0,3613.0,3525.0,3596.699951171875,2987.69921875,362559,HEROMOTOCO,Consumer Cyclical,Auto Manufacturers,N/A,EQUITY,0.0207,3.4,1.464,187.32,0.0249645390070922
2018-03-01,3575.0,3596.949951171875,3565.14990234375,3576.89990234375,2971.251708984375,200696,HEROMOTOCO,Consumer Cyclical,Auto Manufacturers,N/A,EQUITY,0.0207,3.4,1.464,187.32,0.008919694739124283
2018-03-05,3578.0,3581.89990234375,3535.0,3556.449951171875,2954.26416015625,242671,HEROMOTOCO,Consumer Cyclical,Auto Manufacturers,N/A,EQUITY,0.0207,3.4,1.464,187.32,0.013267299107142857
2018-03-06,3571.10009765625,3595.0,3544.699951171875,3561.89990234375,2958.790771484375,380991,HEROMOTOCO,Consumer Cyclical,Auto Manufacturers,N/A,EQUITY,0.0207,3.4,1.464,187.32,0.014190213423140608
2018-03-07,3550.0,3560.0,3515.0,3554.39990234375,2952.56103515625,234750,HEROMOTOCO,Consumer Cyclical,Auto Manufacturers,N/A,EQUITY,0.0207,3.4,1.464,187.32,0.012802275960170697
2018-03-08,3561.0,3601.0,3545.64990234375,3586.699951171875,2979.392333984375,145720,HEROMOTOCO,Consumer Cyclical,Auto Manufacturers,N/A,EQUITY,0.0207,3.4,1.464,187.32,0.015610705845397315
2018-03-09,3605.89990234375,3661.449951171875,3581.0,3586.35009765625,2979.101318359375,272293,HEROMOTOCO,Consumer Cyclical,Auto Manufacturers,N/A,EQUITY,0.0207,3.4,1.464,187.32,0.02246577804296984
2018-03-12,3600.39990234375,3718.0,3599.85009765625,3694.5,3068.939208984375,192336,HEROMOTOCO,Consumer Cyclical,Auto Manufacturers,N/A,EQUITY,0.0207,3.4,1.464,187.32,0.03282078396005259
2018-03-13,3694.949951171875,3729.75,3672.0,3701.199951171875,3074.5048828125,233650,HEROMOTOCO,Consumer Cyclical,Auto Manufacturers,N/A,EQUITY,0.0207,3.4,1.464,187.32,0.015727124183006536
2018-03-14,3680.0,3687.199951171875,3622.0,3639.35009765625,3023.127197265625,192489,HEROMOTOCO,Consumer Cyclical,Auto Manufacturers,N/A,EQUITY,0.0207,3.4,1.464,187.32,0.01800109088124655
2018-03-15,3641.89990234375,3690.0,3632.0,3640.800048828125,3024.331787109375,198082,HEROMOTOCO,Consumer Cyclical,Auto Manufacturers,N/A,EQUITY,0.0207,3.4,1.464,187.32,0.015969162995594713
2018-03-16,3665.0,3665.0,3530.64990234375,3546.10009765625,2945.66650390625,462796,HEROMOTOCO,Consumer Cyclical,Auto Manufacturers,N/A,EQUITY,0.0207,3.4,1.464,187.32,0.03805251196587473
2018-03-19,3546.0,3549.0,3490.800048828125,3515.300048828125,2920.08203125,252482,HEROMOTOCO,Consumer Cyclical,Auto Manufacturers,N/A,EQUITY,0.0207,3.4,1.464,187.32,0.01667238179150735
2018-03-20,3498.10009765625,3537.0,3498.10009765625,3513.800048828125,2918.835205078125,212901,HEROMOTOCO,Consumer Cyclical,Auto Manufacturers,N/A,EQUITY,0.0207,3.4,1.464,187.32,0.011120294233379195
2018-03-21,3529.949951171875,3529.949951171875,3455.550048828125,3463.60009765625,2877.135986328125,667122,HEROMOTOCO,Consumer Cyclical,Auto Manufacturers,N/A,EQUITY,0.0207,3.4,1.464,187.32,0.02153055267394582
2018-03-22,3473.199951171875,3484.85009765625,3440.0,3452.300048828125,2867.748779296875,482411,HEROMOTOCO,Consumer Cyclical,Auto Manufacturers,N/A,EQUITY,0.0207,3.4,1.464,187.32,0.013037819086119186
2018-03-23,3435.10009765625,3435.10009765625,3361.050048828125,3413.75,2835.726318359375,423299,HEROMOTOCO,Consumer Cyclical,Auto Manufacturers,N/A,EQUITY,0.0207,3.4,1.464,187.32,0.022031819744529998
2018-03-26,3414.0,3501.699951171875,3365.5,3481.699951171875,2892.1708984375,359650,HEROMOTOCO,Consumer Cyclical,Auto Manufacturers,N/A,EQUITY,0.0207,3.4,1.464,187.32,0.04046945510975338
2018-03-27,3485.10009765625,3488.0,3436.0,3464.699951171875,2878.0498046875,325438,HEROMOTOCO,Consumer Cyclical,Auto Manufacturers,N/A,EQUITY,0.0207,3.4,1.464,187.32,0.015133876600698487
2018-03-28,3455.0,3579.0,3428.050048828125,3542.800048828125,2942.92529296875,786796,HEROMOTOCO,Consumer Cyclical,Auto Manufacturers,N/A,EQUITY,0.0207,3.4,1.464,187.32,0.04403376526648935
2018-04-02,3544.0,3654.64990234375,3512.199951171875,3646.0,3028.65087890625,244943,HEROMOTOCO,Consumer Cyclical,Auto Manufacturers,N/A,EQUITY,0.0207,3.4,1.464,187.32,0.040558610885563444
2018-04-03,3644.949951171875,3669.0,3621.0,3644.949951171875,3027.778564453125,318581,HEROMOTOCO,Consumer Cyclical,Auto Manufacturers,N/A,EQUITY,0.0207,3.4,1.464,187.32,0.013256006628003313
2018-04-04,3653.5,3695.0,3627.0,3667.14990234375,3046.219970703125,526063,HEROMOTOCO,Consumer Cyclical,Auto Manufacturers,N/A,EQUITY,0.0207,3.4,1.464,187.32,0.018748276812792942
2018-04-05,3700.0,3796.0,3699.949951171875,3782.14990234375,3141.748046875,440824,HEROMOTOCO,Consumer Cyclical,Auto Manufacturers,N/A,EQUITY,0.0207,3.4,1.464,187.32,0.025959823807266184
2018-04-06,3781.0,3787.949951171875,3750.0,3779.449951171875,3139.5048828125,213101,HEROMOTOCO,Consumer Cyclical,Auto Manufacturers,N/A,EQUITY,0.0207,3.4,1.464,187.32,0.010119986979166667
2018-04-09,3784.0,3807.10009765625,3775.199951171875,3798.699951171875,3155.495849609375,265991,HEROMOTOCO,Consumer Cyclical,Auto Manufacturers,N/A,EQUITY,0.0207,3.4,1.464,187.32,0.008449922360926274
2018-04-10,3815.0,3815.0,3714.0,3718.300048828125,3088.709716796875,321682,HEROMOTOCO,Consumer Cyclical,Auto Manufacturers,N/A,EQUITY,0.0207,3.4,1.464,187.32,0.02719439956919763
2018-04-11,3732.0,3755.0,3681.0,3739.35009765625,3106.19482421875,291118,HEROMOTOCO,Consumer Cyclical,Auto Manufacturers,N/A,EQUITY,0.0207,3.4,1.464,187.32,0.020103232817169248
2018-04-12,3744.0,3786.5,3726.050048828125,3749.449951171875,3114.5849609375,115113,HEROMOTOCO,Consumer Cyclical,Auto Manufacturers,N/A,EQUITY,0.0207,3.4,1.464,187.32,0.016223601502853412
2018-04-13,3759.800048828125,3770.0,3698.0,3725.89990234375,3095.022216796875,164961,HEROMOTOCO,Consumer Cyclical,Auto Manufacturers,N/A,EQUITY,0.0207,3.4,1.464,187.32,0.019469983775013522
2018-04-16,3723.0,3810.0,3710.199951171875,3803.14990234375,3159.19189453125,164316,HEROMOTOCO,Consumer Cyclical,Auto Manufacturers,N/A,EQUITY,0.0207,3.4,1.464,187.32,0.026898832985161065
2018-04-17,3825.0,3825.0,3763.14990234375,3769.0,3130.82470703125,223874,HEROMOTOCO,Consumer Cyclical,Auto Manufacturers,N/A,EQUITY,0.0207,3.4,1.464,187.32,0.016435725193335714
2018-04-18,3765.050048828125,3784.0,3731.60009765625,3737.800048828125,3104.907470703125,204458,HEROMOTOCO,Consumer Cyclical,Auto Manufacturers,N/A,EQUITY,0.0207,3.4,1.464,187.32,0.01404220735674796
2018-04-19,3765.0,3770.0,3709.0,3723.60009765625,3093.11181640625,234124,HEROMOTOCO,Consumer Cyclical,Auto Manufacturers,N/A,EQUITY,0.0207,3.4,1.464,187.32,0.016446481531410085
2018-04-20,3725.0,3750.300048828125,3690.0,3742.699951171875,3108.97802734375,399283,HEROMOTOCO,Consumer Cyclical,Auto Manufacturers,N/A,EQUITY,0.0207,3.4,1.464,187.32,0.016341476647188345
2018-04-23,3736.39990234375,3736.39990234375,3691.35009765625,3718.199951171875,3088.62646484375,236404,HEROMOTOCO,Consumer Cyclical,Auto Manufacturers,N/A,EQUITY,0.0207,3.4,1.464,187.32,0.012204153899166455
2018-04-24,3740.0,3744.0,3706.300048828125,3716.89990234375,3087.546142578125,333702,HEROMOTOCO,Consumer Cyclical,Auto Manufacturers,N/A,EQUITY,0.0207,3.4,1.464,187.32,0.010171856211100649
2018-04-25,3736.0,3753.0,3700.89990234375,3717.199951171875,3087.7958984375,219848,HEROMOTOCO,Consumer Cyclical,Auto Manufacturers,N/A,EQUITY,0.0207,3.4,1.464,187.32,0.01407768354481985
2018-04-26,3707.0,3774.550048828125,3659.050048828125,3761.85009765625,3124.885009765625,341735,HEROMOTOCO,Consumer Cyclical,Auto Manufacturers,N/A,EQUITY,0.0207,3.4,1.464,187.32,0.03156556987707531
2018-04-27,3768.10009765625,3776.949951171875,3704.5,3713.5,3084.721923828125,571451,HEROMOTOCO,Consumer Cyclical,Auto Manufacturers,N/A,EQUITY,0.0207,3.4,1.464,187.32,0.019557282000776083
2018-04-30,3731.0,3750.0,3717.050048828125,3732.25,3100.297607421875,216291,HEROMOTOCO,Consumer Cyclical,Auto Manufacturers,N/A,EQUITY,0.0207,3.4,1.464,187.32,0.008864543317694401
2018-05-02,3751.0,3774.0,3640.0,3664.10009765625,3043.686767578125,715845,HEROMOTOCO,Consumer Cyclical,Auto Manufacturers,N/A,EQUITY,0.0207,3.4,1.464,187.32,0.036813186813186814
2018-05-03,3665.0,3682.949951171875,3637.39990234375,3655.60009765625,3036.625732421875,393371,HEROMOTOCO,Consumer Cyclical,Auto Manufacturers,N/A,EQUITY,0.0207,3.4,1.464,187.32,0.012522694796020348
2018-05-04,3655.0,3669.85009765625,3643.39990234375,3659.75,3040.072998046875,279580,HEROMOTOCO,Consumer Cyclical,Auto Manufacturers,N/A,EQUITY,0.0207,3.4,1.464,187.32,0.007259756277504686
2018-05-07,3662.949951171875,3679.0,3622.75,3648.050048828125,3030.35400390625,198507,HEROMOTOCO,Consumer Cyclical,Auto Manufacturers,N/A,EQUITY,0.0207,3.4,1.464,187.32,0.015526878752329032
2018-05-08,3659.89990234375,3674.0,3640.14990234375,3657.300048828125,3038.038330078125,360338,HEROMOTOCO,Consumer Cyclical,Auto Manufacturers,N/A,EQUITY,0.0207,3.4,1.464,187.32,0.009299094423132204
2018-05-09,3660.0,3685.0,3635.0,3654.39990234375,3035.628662109375,259686,HEROMOTOCO,Consumer Cyclical,Auto Manufacturers,N/A,EQUITY,0.0207,3.4,1.464,187.32,0.013755158184319119
2018-05-10,3663.0,3665.35009765625,3625.050048828125,3646.0,3028.65087890625,352223,HEROMOTOCO,Consumer Cyclical,Auto Manufacturers,N/A,EQUITY,0.0207,3.4,1.464,187.32,0.011117101360063388
2018-05-11,3655.0,3655.0,3591.0,3618.300048828125,3005.6416015625,246696,HEROMOTOCO,Consumer Cyclical,Auto Manufacturers,N/A,EQUITY,0.0207,3.4,1.464,187.32,0.017822333611807295
2018-05-14,3625.0,3655.050048828125,3624.199951171875,3648.300048828125,3030.561767578125,223997,HEROMOTOCO,Consumer Cyclical,Auto Manufacturers,N/A,EQUITY,0.0207,3.4,1.464,187.32,0.00851225044751593
2018-05-15,3650.0,3659.35009765625,3631.050048828125,3649.60009765625,3031.6416015625,341729,HEROMOTOCO,Consumer Cyclical,Auto Manufacturers,N/A,EQUITY,0.0207,3.4,1.464,187.32,0.007793902162615048
2018-05-16,3639.0,3639.0,3501.60009765625,3575.5,2970.088134765625,395161,HEROMOTOCO,Consumer Cyclical,Auto Manufacturers,N/A,EQUITY,0.0207,3.4,1.464,187.32,0.03923917595150766
2018-05-17,3600.0,3604.949951171875,3535.0,3554.550048828125,2952.685791015625,350935,HEROMOTOCO,Consumer Cyclical,Auto Manufacturers,N/A,EQUITY,0.0207,3.4,1.464,187.32,0.019787822113684583
2018-05-18,3550.0,3575.0,3535.35009765625,3561.050048828125,2958.0849609375,424207,HEROMOTOCO,Consumer Cyclical,Auto Manufacturers,N/A,EQUITY,0.0207,3.4,1.464,187.32,0.011215268996990083
2018-05-21,3578.60009765625,3578.60009765625,3461.75,3492.89990234375,2901.47412109375,258835,HEROMOTOCO,Consumer Cyclical,Auto Manufacturers,N/A,EQUITY,0.0207,3.4,1.464,187.32,0.03375463209539972
2018-05-22,3467.10009765625,3516.949951171875,3450.0,3499.89990234375,2907.289306640625,323714,HEROMOTOCO,Consumer Cyclical,Auto Manufacturers,N/A,EQUITY,0.0207,3.4,1.464,187.32,0.019405782948369567
2018-05-23,3494.5,3494.800048828125,3452.0,3482.949951171875,2893.209228515625,155958,HEROMOTOCO,Consumer Cyclical,Auto Manufacturers,N/A,EQUITY,0.0207,3.4,1.464,187.32,0.012398623646617903
2018-05-24,3495.0,3509.89990234375,3445.949951171875,3489.89990234375,2898.982177734375,324856,HEROMOTOCO,Consumer Cyclical,Auto Manufacturers,N/A,EQUITY,0.0207,3.4,1.464,187.32,0.018558003475972522
2018-05-25,3480.0,3575.0,3461.85009765625,3552.85009765625,2951.273681640625,177764,HEROMOTOCO,Consumer Cyclical,Auto Manufacturers,N/A,EQUITY,0.0207,3.4,1.464,187.32,0.03268480701124379
2018-05-28,3570.0,3610.0,3537.35009765625,3599.800048828125,2990.273681640625,191457,HEROMOTOCO,Consumer Cyclical,Auto Manufacturers,N/A,EQUITY,0.0207,3.4,1.464,187.32,0.020537945167453404
2018-05-29,3608.14990234375,3624.0,3565.199951171875,3610.39990234375,2999.079345703125,309517,HEROMOTOCO,Consumer Cyclical,Auto Manufacturers,N/A,EQUITY,0.0207,3.4,1.464,187.32,0.01649277730097509
2018-05-30,3594.89990234375,3622.449951171875,3528.39990234375,3601.449951171875,2991.644287109375,237040,HEROMOTOCO,Consumer Cyclical,Auto Manufacturers,N/A,EQUITY,0.0207,3.4,1.464,187.32,0.026655155716802957
2018-05-31,3610.0,3614.14990234375,3530.10009765625,3544.89990234375,2944.669677734375,707484,HEROMOTOCO,Consumer Cyclical,Auto Manufacturers,N/A,EQUITY,0.0207,3.4,1.464,187.32,0.02380946782310888
2018-06-01,3563.5,3637.0,3554.199951171875,3626.300048828125,3012.28662109375,300310,HEROMOTOCO,Consumer Cyclical,Auto Manufacturers,N/A,EQUITY,0.0207,3.4,1.464,187.32,0.023296395803737643
2018-06-04,3669.85009765625,3669.85009765625,3592.85009765625,3613.60009765625,3001.737548828125,230153,HEROMOTOCO,Consumer Cyclical,Auto Manufacturers,N/A,EQUITY,0.0207,3.4,1.464,187.32,0.021431453555557457
2018-06-05,3600.10009765625,3619.0,3565.300048828125,3610.39990234375,2999.079345703125,225466,HEROMOTOCO,Consumer Cyclical,Auto Manufacturers,N/A,EQUITY,0.0207,3.4,1.464,187.32,0.015061832226301846
2018-06-06,3624.949951171875,3640.0,3598.0,3635.199951171875,3019.679931640625,211568,HEROMOTOCO,Consumer Cyclical,Auto Manufacturers,N/A,EQUITY,0.0207,3.4,1.464,187.32,0.011673151750972763
2018-06-07,3652.0,3667.449951171875,3628.300048828125,3651.5,3033.22021484375,222475,HEROMOTOCO,Consumer Cyclical,Auto Manufacturers,N/A,EQUITY,0.0207,3.4,1.464,187.32,0.010790150157618498
2018-06-08,3657.0,3660.0,3608.39990234375,3635.14990234375,3019.638671875,175173,HEROMOTOCO,Consumer Cyclical,Auto Manufacturers,N/A,EQUITY,0.0207,3.4,1.464,187.32,0.014299994194860272
2018-06-11,3637.89990234375,3645.89990234375,3600.0,3612.300048828125,3000.657470703125,249101,HEROMOTOCO,Consumer Cyclical,Auto Manufacturers,N/A,EQUITY,0.0207,3.4,1.464,187.32,0.012749972873263888
2018-06-12,3624.800048828125,3712.199951171875,3601.300048828125,3687.85009765625,3063.41552734375,257348,HEROMOTOCO,Consumer Cyclical,Auto Manufacturers,N/A,EQUITY,0.0207,3.4,1.464,187.32,0.030794407808323886
2018-06-13,3704.699951171875,3708.89990234375,3679.0,3696.800048828125,3070.849609375,209724,HEROMOTOCO,Consumer Cyclical,Auto Manufacturers,N/A,EQUITY,0.0207,3.4,1.464,187.32,0.008127181936327806
2018-06-14,3690.050048828125,3706.14990234375,3667.10009765625,3695.60009765625,3069.852783203125,155159,HEROMOTOCO,Consumer Cyclical,Auto Manufacturers,N/A,EQUITY,0.0207,3.4,1.464,187.32,0.01064868796803716
2018-06-15,3696.0,3710.35009765625,3652.0,3693.699951171875,3068.2744140625,306688,HEROMOTOCO,Consumer Cyclical,Auto Manufacturers,N/A,EQUITY,0.0207,3.4,1.464,187.32,0.015977573290320374
2018-06-18,3695.0,3702.5,3651.0,3666.14990234375,3045.38916015625,361312,HEROMOTOCO,Consumer Cyclical,Auto Manufacturers,N/A,EQUITY,0.0207,3.4,1.464,187.32,0.014105724459052315
2018-06-19,3658.0,3660.0,3620.0,3652.75,3034.2587890625,242770,HEROMOTOCO,Consumer Cyclical,Auto Manufacturers,N/A,EQUITY,0.0207,3.4,1.464,187.32,0.011049723756906077
2018-06-20,3655.0,3690.0,3641.10009765625,3655.800048828125,3036.792236328125,433541,HEROMOTOCO,Consumer Cyclical,Auto Manufacturers,N/A,EQUITY,0.0207,3.4,1.464,187.32,0.01342998023460726
2018-06-21,3648.0,3675.89990234375,3624.0,3635.199951171875,3019.679931640625,280729,HEROMOTOCO,Consumer Cyclical,Auto Manufacturers,N/A,EQUITY,0.0207,3.4,1.464,187.32,0.01432116510589128
2018-06-22,3634.0,3644.199951171875,3601.699951171875,3637.64990234375,3021.71484375,193715,HEROMOTOCO,Consumer Cyclical,Auto Manufacturers,N/A,EQUITY,0.0207,3.4,1.464,187.32,0.011799983501171965
2018-06-25,3634.0,3649.949951171875,3575.550048828125,3586.85009765625,2979.51708984375,351955,HEROMOTOCO,Consumer Cyclical,Auto Manufacturers,N/A,EQUITY,0.0207,3.4,1.464,187.32,0.020807959985942395
2018-06-26,3570.0,3578.0,3536.0,3566.85009765625,2962.903076171875,252375,HEROMOTOCO,Consumer Cyclical,Auto Manufacturers,N/A,EQUITY,0.0207,3.4,1.464,187.32,0.011877828054298642
2018-06-27,3570.0,3584.550048828125,3530.0,3538.0,2938.93798828125,320678,HEROMOTOCO,Consumer Cyclical,Auto Manufacturers,N/A,EQUITY,0.0207,3.4,1.464,187.32,0.0154532716226983
2018-06-28,3538.0,3550.949951171875,3476.0,3516.050048828125,2920.704833984375,532529,HEROMOTOCO,Consumer Cyclical,Auto Manufacturers,N/A,EQUITY,0.0207,3.4,1.464,187.32,0.021562126344037688
2018-06-29,3520.5,3534.949951171875,3456.35009765625,3473.5,2885.359130859375,398443,HEROMOTOCO,Consumer Cyclical,Auto Manufacturers,N/A,EQUITY,0.0207,3.4,1.464,187.32,0.02274070950420316
2018-07-02,3480.0,3527.64990234375,3402.300048828125,3415.39990234375,2837.09716796875,236235,HEROMOTOCO,Consumer Cyclical,Auto Manufacturers,N/A,EQUITY,0.0207,3.4,1.464,187.32,0.03684268045635775
2018-07-03,3455.0,3484.949951171875,3432.550048828125,3447.64990234375,2863.885986328125,289618,HEROMOTOCO,Consumer Cyclical,Auto Manufacturers,N/A,EQUITY,0.0207,3.4,1.464,187.32,0.015265590187574793
2018-07-04,3460.0,3479.050048828125,3415.449951171875,3458.800048828125,2873.148681640625,266759,HEROMOTOCO,Consumer Cyclical,Auto Manufacturers,N/A,EQUITY,0.0207,3.4,1.464,187.32,0.018621293992151216
2018-07-05,3480.89990234375,3517.89990234375,3458.85009765625,3505.75,2912.1484375,273797,HEROMOTOCO,Consumer Cyclical,Auto Manufacturers,N/A,EQUITY,0.0207,3.4,1.464,187.32,0.017072091307892386
2018-07-06,3509.300048828125,3670.0,3486.0,3637.10009765625,3021.25830078125,1032128,HEROMOTOCO,Consumer Cyclical,Auto Manufacturers,N/A,EQUITY,0.0207,3.4,1.464,187.32,0.052782558806655194
2018-07-09,3659.949951171875,3662.89990234375,3597.14990234375,3611.5,2999.99267578125,314206,HEROMOTOCO,Consumer Cyclical,Auto Manufacturers,N/A,EQUITY,0.0207,3.4,1.464,187.32,0.01827835975285881
2018-07-10,3644.800048828125,3644.800048828125,3574.800048828125,3583.5,2976.734130859375,470962,HEROMOTOCO,Consumer Cyclical,Auto Manufacturers,N/A,EQUITY,0.0207,3.4,1.464,187.32,0.01958151478232946
2018-07-11,3554.85009765625,3564.5,3524.0,3536.60009765625,2970.937744140625,377121,HEROMOTOCO,Consumer Cyclical,Auto Manufacturers,N/A,EQUITY,0.0207,3.4,1.464,187.32,0.011492622020431328
2018-07-12,3569.0,3570.0,3484.0,3498.85009765625,2972.849365234375,456469,HEROMOTOCO,Consumer Cyclical,Auto Manufacturers,N/A,EQUITY,0.0207,3.4,1.464,187.32,0.02468427095292767
2018-07-13,3520.0,3523.699951171875,3444.0,3455.89990234375,2936.356201171875,310931,HEROMOTOCO,Consumer Cyclical,Auto Manufacturers,N/A,EQUITY,0.0207,3.4,1.464,187.32,0.02314168152493467
2018-07-16,3465.0,3466.0,3416.35009765625,3426.0,2910.950927734375,183060,HEROMOTOCO,Consumer Cyclical,Auto Manufacturers,N/A,EQUITY,0.0207,3.4,1.464,187.32,0.014533025282687444
2018-07-17,3415.0,3514.60009765625,3398.550048828125,3488.60009765625,2964.140625,318577,HEROMOTOCO,Consumer Cyclical,Auto Manufacturers,N/A,EQUITY,0.0207,3.4,1.464,187.32,0.03414692947309719
2018-07-18,3500.0,3515.0,3473.199951171875,3506.14990234375,2979.052001953125,211820,HEROMOTOCO,Consumer Cyclical,Auto Manufacturers,N/A,EQUITY,0.0207,3.4,1.464,187.32,0.012035025168655048
2018-07-19,3506.050048828125,3508.0,3440.0,3451.10009765625,2932.27783203125,147907,HEROMOTOCO,Consumer Cyclical,Auto Manufacturers,N/A,EQUITY,0.0207,3.4,1.464,187.32,0.019767441860465116
2018-07-20,3452.0,3489.0,3322.0,3376.949951171875,2869.275390625,560441,HEROMOTOCO,Consumer Cyclical,Auto Manufacturers,N/A,EQUITY,0.0207,3.4,1.464,187.32,0.050270921131848285
2018-07-23,3383.0,3386.800048828125,3087.0,3165.449951171875,2689.57080078125,1902639,HEROMOTOCO,Consumer Cyclical,Auto Manufacturers,N/A,EQUITY,0.0207,3.4,1.464,187.32,0.09711695783224004
2018-07-24,3173.800048828125,3205.449951171875,3033.75,3108.25,2640.969970703125,1620867,HEROMOTOCO,Consumer Cyclical,Auto Manufacturers,N/A,EQUITY,0.0207,3.4,1.464,187.32,0.05659660524824887
2018-07-25,3147.050048828125,3164.800048828125,3061.64990234375,3110.050048828125,2642.49951171875,964916,HEROMOTOCO,Consumer Cyclical,Auto Manufacturers,N/A,EQUITY,0.0207,3.4,1.464,187.32,0.03369103253948521
2018-07-26,3082.0,3189.949951171875,3068.050048828125,3136.75,2665.185791015625,1770364,HEROMOTOCO,Consumer Cyclical,Auto Manufacturers,N/A,EQUITY,0.0207,3.4,1.464,187.32,0.03973204491573108
2018-07-27,3150.0,3238.39990234375,3132.050048828125,3203.949951171875,2722.282958984375,820125,HEROMOTOCO,Consumer Cyclical,Auto Manufacturers,N/A,EQUITY,0.0207,3.4,1.464,187.32,0.03395534932636738
2018-07-30,3223.0,3228.0,3175.0,3209.949951171875,2727.38134765625,317977,HEROMOTOCO,Consumer Cyclical,Auto Manufacturers,N/A,EQUITY,0.0207,3.4,1.464,187.32,0.01669291338582677
2018-07-31,3215.0,3302.0,3191.050048828125,3294.449951171875,2799.177734375,753969,HEROMOTOCO,Consumer Cyclical,Auto Manufacturers,N/A,EQUITY,0.0207,3.4,1.464,187.32,0.03476910404856234
2018-08-01,3296.0,3333.35009765625,3257.14990234375,3280.39990234375,2787.239990234375,463790,HEROMOTOCO,Consumer Cyclical,Auto Manufacturers,N/A,EQUITY,0.0207,3.4,1.464,187.32,0.023394746203626846
2018-08-02,3296.0,3296.0,3218.25,3263.699951171875,2773.05078125,352679,HEROMOTOCO,Consumer Cyclical,Auto Manufacturers,N/A,EQUITY,0.0207,3.4,1.464,187.32,0.024159092674590227
2018-08-03,3270.0,3282.449951171875,3229.0,3250.550048828125,2761.87744140625,311563,HEROMOTOCO,Consumer Cyclical,Auto Manufacturers,N/A,EQUITY,0.0207,3.4,1.464,187.32,0.016553097296957264
2018-08-06,3279.0,3309.0,3251.050048828125,3297.10009765625,2801.429931640625,338084,HEROMOTOCO,Consumer Cyclical,Auto Manufacturers,N/A,EQUITY,0.0207,3.4,1.464,187.32,0.01782499509435841
2018-08-07,3304.0,3329.949951171875,3268.050048828125,3297.75,2801.981689453125,248242,HEROMOTOCO,Consumer Cyclical,Auto Manufacturers,N/A,EQUITY,0.0207,3.4,1.464,187.32,0.018940928510549095
2018-08-08,3298.0,3322.39990234375,3287.050048828125,3299.050048828125,2803.086669921875,234708,HEROMOTOCO,Consumer Cyclical,Auto Manufacturers,N/A,EQUITY,0.0207,3.4,1.464,187.32,0.010754279061928999
2018-08-09,3306.0,3343.64990234375,3262.0,3281.35009765625,2788.046875,440547,HEROMOTOCO,Consumer Cyclical,Auto Manufacturers,N/A,EQUITY,0.0207,3.4,1.464,187.32,0.02503062610170141
2018-08-10,3299.89990234375,3340.0,3262.35009765625,3319.39990234375,2820.377197265625,356538,HEROMOTOCO,Consumer Cyclical,Auto Manufacturers,N/A,EQUITY,0.0207,3.4,1.464,187.32,0.023801829975126074
2018-08-13,3300.0,3347.0,3277.14990234375,3308.199951171875,2810.860595703125,293422,HEROMOTOCO,Consumer Cyclical,Auto Manufacturers,N/A,EQUITY,0.0207,3.4,1.464,187.32,0.021314282146902907
2018-08-14,3317.0,3333.0,3253.60009765625,3266.35009765625,2775.302490234375,249075,HEROMOTOCO,Consumer Cyclical,Auto Manufacturers,N/A,EQUITY,0.0207,3.4,1.464,187.32,0.024403706651271062
2018-08-16,3262.0,3304.449951171875,3235.10009765625,3282.64990234375,2789.1513671875,274268,HEROMOTOCO,Consumer Cyclical,Auto Manufacturers,N/A,EQUITY,0.0207,3.4,1.464,187.32,0.02143669482309597
2018-08-17,3315.0,3319.699951171875,3235.550048828125,3242.300048828125,2754.86767578125,284947,HEROMOTOCO,Consumer Cyclical,Auto Manufacturers,N/A,EQUITY,0.0207,3.4,1.464,187.32,0.02600791243338301
2018-08-20,3266.60009765625,3324.0,3250.35009765625,3304.0,2807.292236328125,301515,HEROMOTOCO,Consumer Cyclical,Auto Manufacturers,N/A,EQUITY,0.0207,3.4,1.464,187.32,0.022659067525328175
2018-08-21,3310.0,3349.89990234375,3297.050048828125,3316.75,2818.125244140625,317643,HEROMOTOCO,Consumer Cyclical,Auto Manufacturers,N/A,EQUITY,0.0207,3.4,1.464,187.32,0.016029436233280563
2018-08-23,3331.0,3334.949951171875,3265.0,3284.75,2790.936279296875,182542,HEROMOTOCO,Consumer Cyclical,Auto Manufacturers,N/A,EQUITY,0.0207,3.4,1.464,187.32,0.02142418106336141
2018-08-24,3277.39990234375,3287.949951171875,3202.10009765625,3212.300048828125,2729.377685546875,320734,HEROMOTOCO,Consumer Cyclical,Auto Manufacturers,N/A,EQUITY,0.0207,3.4,1.464,187.32,0.026810484025300167
2018-08-27,3230.0,3240.0,3210.10009765625,3223.75,2739.1064453125,250565,HEROMOTOCO,Consumer Cyclical,Auto Manufacturers,N/A,EQUITY,0.0207,3.4,1.464,187.32,0.009314320872916218
2018-08-28,3228.0,3244.800048828125,3188.699951171875,3232.75,2746.75390625,363420,HEROMOTOCO,Consumer Cyclical,Auto Manufacturers,N/A,EQUITY,0.0207,3.4,1.464,187.32,0.0175934075062888
2018-08-29,3216.0,3274.85009765625,3201.0,3246.10009765625,2758.096435546875,294701,HEROMOTOCO,Consumer Cyclical,Auto Manufacturers,N/A,EQUITY,0.0207,3.4,1.464,187.32,0.023070945847000937
2018-08-30,3227.0,3255.0,3210.050048828125,3223.699951171875,2739.063720703125,381370,HEROMOTOCO,Consumer Cyclical,Auto Manufacturers,N/A,EQUITY,0.0207,3.4,1.464,187.32,0.014002881727119684
2018-08-31,3208.0,3260.0,3201.050048828125,3253.800048828125,2764.638671875,401621,HEROMOTOCO,Consumer Cyclical,Auto Manufacturers,N/A,EQUITY,0.0207,3.4,1.464,187.32,0.01841581677033011
2018-09-03,3280.0,3295.75,3235.0,3242.449951171875,2754.995361328125,292015,HEROMOTOCO,Consumer Cyclical,Auto Manufacturers,N/A,EQUITY,0.0207,3.4,1.464,187.32,0.018778979907264296
2018-09-04,3257.699951171875,3259.0,3180.0,3184.14990234375,2705.45947265625,178340,HEROMOTOCO,Consumer Cyclical,Auto Manufacturers,N/A,EQUITY,0.0207,3.4,1.464,187.32,0.024842767295597486
2018-09-05,3179.0,3203.949951171875,3134.449951171875,3145.39990234375,2672.534912109375,355010,HEROMOTOCO,Consumer Cyclical,Auto Manufacturers,N/A,EQUITY,0.0207,3.4,1.464,187.32,0.022172949347625114
2018-09-06,3151.35009765625,3180.0,3116.60009765625,3164.85009765625,2689.0615234375,303246,HEROMOTOCO,Consumer Cyclical,Auto Manufacturers,N/A,EQUITY,0.0207,3.4,1.464,187.32,0.020342649155221448
2018-09-07,3180.0,3345.0,3161.85009765625,3329.35009765625,2828.830810546875,666688,HEROMOTOCO,Consumer Cyclical,Auto Manufacturers,N/A,EQUITY,0.0207,3.4,1.464,187.32,0.057924916326523995
2018-09-10,3333.0,3334.85009765625,3258.199951171875,3278.300048828125,2785.455810546875,302172,HEROMOTOCO,Consumer Cyclical,Auto Manufacturers,N/A,EQUITY,0.0207,3.4,1.464,187.32,0.023525304656887704
2018-09-11,3294.0,3294.0,3170.0,3184.199951171875,2705.502197265625,479594,HEROMOTOCO,Consumer Cyclical,Auto Manufacturers,N/A,EQUITY,0.0207,3.4,1.464,187.32,0.039116719242902206
2018-09-12,3199.0,3202.39990234375,3107.75,3163.75,2688.126708984375,424166,HEROMOTOCO,Consumer Cyclical,Auto Manufacturers,N/A,EQUITY,0.0207,3.4,1.464,187.32,0.030456086346633417
2018-09-14,3187.0,3200.60009765625,3151.14990234375,3186.64990234375,2707.583740234375,329042,HEROMOTOCO,Consumer Cyclical,Auto Manufacturers,N/A,EQUITY,0.0207,3.4,1.464,187.32,0.015692746091107924
2018-09-17,3180.0,3180.0,3110.25,3127.89990234375,2657.666015625,260149,HEROMOTOCO,Consumer Cyclical,Auto Manufacturers,N/A,EQUITY,0.0207,3.4,1.464,187.32,0.022425850012056908
2018-09-18,3140.0,3153.199951171875,3104.5,3111.449951171875,2643.688720703125,337805,HEROMOTOCO,Consumer Cyclical,Auto Manufacturers,N/A,EQUITY,0.0207,3.4,1.464,187.32,0.015686890375865677
2018-09-19,3130.0,3180.0,3102.050048828125,3153.949951171875,2679.7998046875,299509,HEROMOTOCO,Consumer Cyclical,Auto Manufacturers,N/A,EQUITY,0.0207,3.4,1.464,187.32,0.025128527891199723
2018-09-21,3169.85009765625,3188.75,3020.0,3175.199951171875,2697.85498046875,579823,HEROMOTOCO,Consumer Cyclical,Auto Manufacturers,N/A,EQUITY,0.0207,3.4,1.464,187.32,0.05587748344370861
2018-09-24,3175.300048828125,3183.0,3080.050048828125,3110.199951171875,2642.626953125,615568,HEROMOTOCO,Consumer Cyclical,Auto Manufacturers,N/A,EQUITY,0.0207,3.4,1.464,187.32,0.03342476568231242
2018-09-25,3121.949951171875,3125.0,3082.0,3112.60009765625,2644.66650390625,463611,HEROMOTOCO,Consumer Cyclical,Auto Manufacturers,N/A,EQUITY,0.0207,3.4,1.464,187.32,0.013951979234263466
2018-09-26,3140.0,3140.0,3086.699951171875,3100.050048828125,2634.0029296875,357504,HEROMOTOCO,Consumer Cyclical,Auto Manufacturers,N/A,EQUITY,0.0207,3.4,1.464,187.32,0.017267648191036343
2018-09-27,3114.0,3130.89990234375,3075.0,3088.10009765625,2623.849853515625,932370,HEROMOTOCO,Consumer Cyclical,Auto Manufacturers,N/A,EQUITY,0.0207,3.4,1.464,187.32,0.018178830030487803
2018-09-28,3092.0,3099.89990234375,2877.85009765625,2933.25,2492.27880859375,832489,HEROMOTOCO,Consumer Cyclical,Auto Manufacturers,N/A,EQUITY,0.0207,3.4,1.464,187.32,0.07715822476936501
2018-10-01,2910.0,2985.699951171875,2850.0,2973.0,2526.05322265625,663628,HEROMOTOCO,Consumer Cyclical,Auto Manufacturers,N/A,EQUITY,0.0207,3.4,1.464,187.32,0.04761401795504386
2018-10-03,2989.0,2995.0,2900.0,2913.5,2475.498046875,503936,HEROMOTOCO,Consumer Cyclical,Auto Manufacturers,N/A,EQUITY,0.0207,3.4,1.464,187.32,0.032758620689655175
2018-10-04,2881.10009765625,2887.0,2713.14990234375,2763.5,2348.04833984375,1172793,HEROMOTOCO,Consumer Cyclical,Auto Manufacturers,N/A,EQUITY,0.0207,3.4,1.464,187.32,0.06407684938678467
2018-10-05,2758.0,2779.949951171875,2692.0,2740.75,2328.71875,811688,HEROMOTOCO,Consumer Cyclical,Auto Manufacturers,N/A,EQUITY,0.0207,3.4,1.464,187.32,0.03267085853338596
2018-10-08,2725.0,2885.0,2710.050048828125,2873.050048828125,2441.129150390625,762339,HEROMOTOCO,Consumer Cyclical,Auto Manufacturers,N/A,EQUITY,0.0207,3.4,1.464,187.32,0.06455598532120341
2018-10-09,2896.60009765625,2931.89990234375,2870.14990234375,2891.75,2457.017822265625,699147,HEROMOTOCO,Consumer Cyclical,Auto Manufacturers,N/A,EQUITY,0.0207,3.4,1.464,187.32,0.021514555720443473
2018-10-10,2918.0,2993.64990234375,2907.89990234375,2920.10009765625,2481.10595703125,1165353,HEROMOTOCO,Consumer Cyclical,Auto Manufacturers,N/A,EQUITY,0.0207,3.4,1.464,187.32,0.029488635400030796
2018-10-11,2877.0,2934.89990234375,2846.39990234375,2871.0,2439.38720703125,635575,HEROMOTOCO,Consumer Cyclical,Auto Manufacturers,N/A,EQUITY,0.0207,3.4,1.464,187.32,0.031091906631646644
2018-10-12,2892.5,2939.800048828125,2875.0,2893.949951171875,2458.88720703125,384692,HEROMOTOCO,Consumer Cyclical,Auto Manufacturers,N/A,EQUITY,0.0207,3.4,1.464,187.32,0.02253914741847826
2018-10-15,2902.0,2914.5,2867.0,2881.25,2448.09619140625,209679,HEROMOTOCO,Consumer Cyclical,Auto Manufacturers,N/A,EQUITY,0.0207,3.4,1.464,187.32,0.016567840948726893
2018-10-16,2871.0,2911.300048828125,2871.0,2895.199951171875,2459.94921875,609045,HEROMOTOCO,Consumer Cyclical,Auto Manufacturers,N/A,EQUITY,0.0207,3.4,1.464,187.32,0.014036937940830722
2018-10-17,2915.0,2995.0,2766.25,2807.550048828125,2385.475830078125,1625059,HEROMOTOCO,Consumer Cyclical,Auto Manufacturers,N/A,EQUITY,0.0207,3.4,1.464,187.32,0.08269317668323543
2018-10-19,2802.89990234375,2803.949951171875,2675.10009765625,2712.75,2304.927978515625,782281,HEROMOTOCO,Consumer Cyclical,Auto Manufacturers,N/A,EQUITY,0.0207,3.4,1.464,187.32,0.048166367168284624
2018-10-22,2750.0,2766.0,2691.449951171875,2731.800048828125,2321.1142578125,312603,HEROMOTOCO,Consumer Cyclical,Auto Manufacturers,N/A,EQUITY,0.0207,3.4,1.464,187.32,0.027698842698399583
2018-10-23,2717.0,2744.89990234375,2694.0,2724.25,2314.699462890625,463980,HEROMOTOCO,Consumer Cyclical,Auto Manufacturers,N/A,EQUITY,0.0207,3.4,1.464,187.32,0.01889380190933556
2018-10-24,2767.10009765625,2767.10009765625,2660.14990234375,2701.64990234375,2295.496337890625,516142,HEROMOTOCO,Consumer Cyclical,Auto Manufacturers,N/A,EQUITY,0.0207,3.4,1.464,187.32,0.040204574643808805
2018-10-25,2688.699951171875,2715.0,2648.0,2695.10009765625,2289.931396484375,700158,HEROMOTOCO,Consumer Cyclical,Auto Manufacturers,N/A,EQUITY,0.0207,3.4,1.464,187.32,0.02530211480362538
2018-10-26,2704.0,2757.0,2672.0,2705.35009765625,2298.640625,657518,HEROMOTOCO,Consumer Cyclical,Auto Manufacturers,N/A,EQUITY,0.0207,3.4,1.464,187.32,0.03181137724550898
2018-10-29,2738.0,2769.0,2708.0,2749.85009765625,2336.4501953125,453890,HEROMOTOCO,Consumer Cyclical,Auto Manufacturers,N/A,EQUITY,0.0207,3.4,1.464,187.32,0.022525849335302807
2018-10-30,2759.0,2809.949951171875,2735.0,2773.89990234375,2356.884765625,403508,HEROMOTOCO,Consumer Cyclical,Auto Manufacturers,N/A,EQUITY,0.0207,3.4,1.464,187.32,0.027404004084780623
2018-10-31,2784.5,2820.0,2712.85009765625,2762.35009765625,2347.0712890625,762180,HEROMOTOCO,Consumer Cyclical,Auto Manufacturers,N/A,EQUITY,0.0207,3.4,1.464,187.32,0.03949717031409936
2018-11-01,2778.0,2805.0,2749.0,2792.25,2372.476806640625,172451,HEROMOTOCO,Consumer Cyclical,Auto Manufacturers,N/A,EQUITY,0.0207,3.4,1.464,187.32,0.02037104401600582
2018-11-02,2849.949951171875,2939.85009765625,2838.550048828125,2896.60009765625,2461.138671875,548045,HEROMOTOCO,Consumer Cyclical,Auto Manufacturers,N/A,EQUITY,0.0207,3.4,1.464,187.32,0.03568725126757796
2018-11-05,2899.0,2900.699951171875,2815.0,2847.800048828125,2419.67529296875,248031,HEROMOTOCO,Consumer Cyclical,Auto Manufacturers,N/A,EQUITY,0.0207,3.4,1.464,187.32,0.03044403238787744
2018-11-06,2864.0,2963.949951171875,2827.800048828125,2856.050048828125,2426.68505859375,248605,HEROMOTOCO,Consumer Cyclical,Auto Manufacturers,N/A,EQUITY,0.0207,3.4,1.464,187.32,0.04814693400976925
2018-11-07,2897.0,2897.0,2850.0,2888.550048828125,2454.299072265625,37641,HEROMOTOCO,Consumer Cyclical,Auto Manufacturers,N/A,EQUITY,0.0207,3.4,1.464,187.32,0.01649122807017544
2018-11-09,2898.0,2965.5,2878.300048828125,2956.699951171875,2512.203857421875,275743,HEROMOTOCO,Consumer Cyclical,Auto Manufacturers,N/A,EQUITY,0.0207,3.4,1.464,187.32,0.030295643154846803
2018-11-12,2958.85009765625,2976.5,2820.10009765625,2839.35009765625,2412.49560546875,280472,HEROMOTOCO,Consumer Cyclical,Auto Manufacturers,N/A,EQUITY,0.0207,3.4,1.464,187.32,0.05545898972654623
2018-11-13,2828.0,2898.449951171875,2808.0,2879.699951171875,2446.779296875,269648,HEROMOTOCO,Consumer Cyclical,Auto Manufacturers,N/A,EQUITY,0.0207,3.4,1.464,187.32,0.032211521072605054
2018-11-14,2898.89990234375,2927.39990234375,2823.0,2847.550048828125,2419.46240234375,263733,HEROMOTOCO,Consumer Cyclical,Auto Manufacturers,N/A,EQUITY,0.0207,3.4,1.464,187.32,0.03698189951957138
2018-11-15,2872.0,2934.89990234375,2856.199951171875,2922.14990234375,2482.847900390625,341266,HEROMOTOCO,Consumer Cyclical,Auto Manufacturers,N/A,EQUITY,0.0207,3.4,1.464,187.32,0.027554076226205756
2018-11-16,2930.0,2970.0,2925.25,2961.89990234375,2516.62158203125,383335,HEROMOTOCO,Consumer Cyclical,Auto Manufacturers,N/A,EQUITY,0.0207,3.4,1.464,187.32,0.01529783779164174
2018-11-19,2973.300048828125,2998.89990234375,2963.10009765625,2980.64990234375,2532.552734375,291764,HEROMOTOCO,Consumer Cyclical,Auto Manufacturers,N/A,EQUITY,0.0207,3.4,1.464,187.32,0.012081874897110932
2018-11-20,2988.89990234375,2994.949951171875,2941.0,2960.10009765625,2515.0927734375,161818,HEROMOTOCO,Consumer Cyclical,Auto Manufacturers,N/A,EQUITY,0.0207,3.4,1.464,187.32,0.01834408404348011
2018-11-21,2952.60009765625,2961.5,2892.199951171875,2912.050048828125,2474.2666015625,288328,HEROMOTOCO,Consumer Cyclical,Auto Manufacturers,N/A,EQUITY,0.0207,3.4,1.464,187.32,0.023961015835037854
2018-11-22,2901.0,2954.699951171875,2872.14990234375,2917.75,2479.109130859375,346980,HEROMOTOCO,Consumer Cyclical,Auto Manufacturers,N/A,EQUITY,0.0207,3.4,1.464,187.32,0.02874155306474846
2018-11-26,2918.0,3104.699951171875,2912.25,3076.0,2613.568359375,645146,HEROMOTOCO,Consumer Cyclical,Auto Manufacturers,N/A,EQUITY,0.0207,3.4,1.464,187.32,0.06608290880654992
2018-11-27,3068.35009765625,3075.0,2950.0,2958.14990234375,2513.435546875,798702,HEROMOTOCO,Consumer Cyclical,Auto Manufacturers,N/A,EQUITY,0.0207,3.4,1.464,187.32,0.0423728813559322
2018-11-28,2973.0,3015.0,2970.0,2999.14990234375,2548.271484375,650210,HEROMOTOCO,Consumer Cyclical,Auto Manufacturers,N/A,EQUITY,0.0207,3.4,1.464,187.32,0.015151515151515152
2018-11-29,3025.949951171875,3042.800048828125,2996.64990234375,3016.800048828125,2563.2685546875,502846,HEROMOTOCO,Consumer Cyclical,Auto Manufacturers,N/A,EQUITY,0.0207,3.4,1.464,187.32,0.015400579977087043
2018-11-30,3025.0,3061.800048828125,3020.0,3055.199951171875,2595.89599609375,418913,HEROMOTOCO,Consumer Cyclical,Auto Manufacturers,N/A,EQUITY,0.0207,3.4,1.464,187.32,0.013841075770902317
2018-12-03,3050.0,3067.35009765625,2999.050048828125,3039.89990234375,2582.8955078125,627118,HEROMOTOCO,Consumer Cyclical,Auto Manufacturers,N/A,EQUITY,0.0207,3.4,1.464,187.32,0.022773894305236138
2018-12-04,3040.0,3091.25,3035.0,3069.14990234375,2607.74853515625,427274,HEROMOTOCO,Consumer Cyclical,Auto Manufacturers,N/A,EQUITY,0.0207,3.4,1.464,187.32,0.018533772652388796
2018-12-05,3059.89990234375,3081.949951171875,3028.39990234375,3052.5,2593.601806640625,211238,HEROMOTOCO,Consumer Cyclical,Auto Manufacturers,N/A,EQUITY,0.0207,3.4,1.464,187.32,0.017682621369351306
2018-12-06,3028.199951171875,3053.699951171875,3005.050048828125,3026.75,2571.722412109375,713055,HEROMOTOCO,Consumer Cyclical,Auto Manufacturers,N/A,EQUITY,0.0207,3.4,1.464,187.32,0.016189381725180228
2018-12-07,3060.0,3077.0,3025.10009765625,3066.800048828125,2605.751220703125,365305,HEROMOTOCO,Consumer Cyclical,Auto Manufacturers,N/A,EQUITY,0.0207,3.4,1.464,187.32,0.017156424801929818
2018-12-10,3025.0,3060.0,3005.0,3046.5,2588.503662109375,682813,HEROMOTOCO,Consumer Cyclical,Auto Manufacturers,N/A,EQUITY,0.0207,3.4,1.464,187.32,0.018302828618968387
2018-12-11,3010.0,3062.5,2982.0,3038.800048828125,2581.9609375,443657,HEROMOTOCO,Consumer Cyclical,Auto Manufacturers,N/A,EQUITY,0.0207,3.4,1.464,187.32,0.02699530516431925
2018-12-12,3055.0,3274.25,3040.60009765625,3258.64990234375,2768.76025390625,2188953,HEROMOTOCO,Consumer Cyclical,Auto Manufacturers,N/A,EQUITY,0.0207,3.4,1.464,187.32,0.07684335158834324
2018-12-13,3230.0,3340.0,3210.050048828125,3318.25,2819.399658203125,1278210,HEROMOTOCO,Consumer Cyclical,Auto Manufacturers,N/A,EQUITY,0.0207,3.4,1.464,187.32,0.04048221965240545
2018-12-14,3302.0,3350.800048828125,3266.64990234375,3314.64990234375,2816.3408203125,920809,HEROMOTOCO,Consumer Cyclical,Auto Manufacturers,N/A,EQUITY,0.0207,3.4,1.464,187.32,0.025760381124404885
2018-12-17,3316.0,3320.0,3265.300048828125,3286.10009765625,2792.083251953125,707590,HEROMOTOCO,Consumer Cyclical,Auto Manufacturers,N/A,EQUITY,0.0207,3.4,1.464,187.32,0.016751891205681428
2018-12-18,3275.050048828125,3324.64990234375,3240.0,3298.050048828125,2802.236572265625,910514,HEROMOTOCO,Consumer Cyclical,Auto Manufacturers,N/A,EQUITY,0.0207,3.4,1.464,187.32,0.02612651306905864
2018-12-19,3305.0,3330.10009765625,3280.0,3305.199951171875,2808.3115234375,947007,HEROMOTOCO,Consumer Cyclical,Auto Manufacturers,N/A,EQUITY,0.0207,3.4,1.464,187.32,0.01527442001714939
2018-12-20,3295.949951171875,3380.0,3268.449951171875,3361.35009765625,2856.0205078125,388448,HEROMOTOCO,Consumer Cyclical,Auto Manufacturers,N/A,EQUITY,0.0207,3.4,1.464,187.32,0.03412934280609978
2018-12-21,3361.35009765625,3369.0,3311.5,3324.14990234375,2824.412109375,525895,HEROMOTOCO,Consumer Cyclical,Auto Manufacturers,N/A,EQUITY,0.0207,3.4,1.464,187.32,0.01736373244753133
2018-12-24,3300.0,3301.0,3150.0,3168.39990234375,2692.077880859375,655657,HEROMOTOCO,Consumer Cyclical,Auto Manufacturers,N/A,EQUITY,0.0207,3.4,1.464,187.32,0.04793650793650794
2018-12-26,3160.0,3212.0,3136.050048828125,3175.199951171875,2697.85498046875,506895,HEROMOTOCO,Consumer Cyclical,Auto Manufacturers,N/A,EQUITY,0.0207,3.4,1.464,187.32,0.02421834791834903
2018-12-27,3208.699951171875,3210.0,3114.64990234375,3128.800048828125,2658.4306640625,357087,HEROMOTOCO,Consumer Cyclical,Auto Manufacturers,N/A,EQUITY,0.0207,3.4,1.464,187.32,0.030613423866515395
2018-12-28,3138.050048828125,3160.0,3110.75,3122.60009765625,2653.162841796875,260717,HEROMOTOCO,Consumer Cyclical,Auto Manufacturers,N/A,EQUITY,0.0207,3.4,1.464,187.32,0.015832194808325966
2018-12-31,3143.0,3159.050048828125,3087.0,3104.25,2637.571533203125,279055,HEROMOTOCO,Consumer Cyclical,Auto Manufacturers,N/A,EQUITY,0.0207,3.4,1.464,187.32,0.02333982793266116
2019-01-01,3089.0,3135.0,3073.300048828125,3127.60009765625,2657.4111328125,344239,HEROMOTOCO,Consumer Cyclical,Auto Manufacturers,N/A,EQUITY,0.0207,3.4,1.464,187.32,0.02007612344762813
2019-01-02,3115.0,3117.300048828125,3023.800048828125,3046.550048828125,2588.5458984375,597712,HEROMOTOCO,Consumer Cyclical,Auto Manufacturers,N/A,EQUITY,0.0207,3.4,1.464,187.32,0.030921356733305157
2019-01-03,3032.0,3078.0,3006.300048828125,3014.64990234375,2561.441650390625,368413,HEROMOTOCO,Consumer Cyclical,Auto Manufacturers,N/A,EQUITY,0.0207,3.4,1.464,187.32,0.02384989854882386
2019-01-04,3030.0,3045.0,2972.050048828125,2987.85009765625,2538.671142578125,405667,HEROMOTOCO,Consumer Cyclical,Auto Manufacturers,N/A,EQUITY,0.0207,3.4,1.464,187.32,0.02454533065506049
2019-01-07,3020.0,3023.0,2952.0,2957.949951171875,2513.265380859375,361881,HEROMOTOCO,Consumer Cyclical,Auto Manufacturers,N/A,EQUITY,0.0207,3.4,1.464,187.32,0.024051490514905148
2019-01-08,2974.0,2994.5,2930.25,2970.300048828125,2523.758544921875,354130,HEROMOTOCO,Consumer Cyclical,Auto Manufacturers,N/A,EQUITY,0.0207,3.4,1.464,187.32,0.02192645678696357
2019-01-09,2985.10009765625,2985.10009765625,2907.0,2937.449951171875,2495.84765625,388001,HEROMOTOCO,Consumer Cyclical,Auto Manufacturers,N/A,EQUITY,0.0207,3.4,1.464,187.32,0.02686621866400069
2019-01-10,2932.0,2949.949951171875,2912.550048828125,2919.5,2480.59619140625,452293,HEROMOTOCO,Consumer Cyclical,Auto Manufacturers,N/A,EQUITY,0.0207,3.4,1.464,187.32,0.01284094752596543
2019-01-11,2923.0,2940.949951171875,2885.0,2899.25,2463.390380859375,258996,HEROMOTOCO,Consumer Cyclical,Auto Manufacturers,N/A,EQUITY,0.0207,3.4,1.464,187.32,0.019393397286611786
2019-01-14,2901.0,2910.300048828125,2856.050048828125,2867.0,2435.98876953125,267722,HEROMOTOCO,Consumer Cyclical,Auto Manufacturers,N/A,EQUITY,0.0207,3.4,1.464,187.32,0.018994765173061128
2019-01-15,2879.699951171875,2918.35009765625,2867.35009765625,2910.949951171875,2473.331298828125,371767,HEROMOTOCO,Consumer Cyclical,Auto Manufacturers,N/A,EQUITY,0.0207,3.4,1.464,187.32,0.01778645727345503
2019-01-16,2909.0,2914.949951171875,2870.300048828125,2879.85009765625,2446.906982421875,261721,HEROMOTOCO,Consumer Cyclical,Auto Manufacturers,N/A,EQUITY,0.0207,3.4,1.464,187.32,0.015555830952927549
2019-01-17,2878.5,2936.89990234375,2864.0,2903.60009765625,2467.086669921875,515341,HEROMOTOCO,Consumer Cyclical,Auto Manufacturers,N/A,EQUITY,0.0207,3.4,1.464,187.32,0.025453876516672486
2019-01-18,2916.39990234375,2929.949951171875,2863.0,2898.75,2462.9658203125,389524,HEROMOTOCO,Consumer Cyclical,Auto Manufacturers,N/A,EQUITY,0.0207,3.4,1.464,187.32,0.023384544593739086
2019-01-21,2901.0,2909.85009765625,2780.0,2794.25,2374.175537109375,628463,HEROMOTOCO,Consumer Cyclical,Auto Manufacturers,N/A,EQUITY,0.0207,3.4,1.464,187.32,0.04670866822167266
2019-01-22,2795.0,2835.0,2742.5,2824.89990234375,2400.217529296875,842837,HEROMOTOCO,Consumer Cyclical,Auto Manufacturers,N/A,EQUITY,0.0207,3.4,1.464,187.32,0.03372835004557885
2019-01-23,2832.0,2851.449951171875,2785.10009765625,2795.949951171875,2375.6201171875,326454,HEROMOTOCO,Consumer Cyclical,Auto Manufacturers,N/A,EQUITY,0.0207,3.4,1.464,187.32,0.02382314860836079
2019-01-24,2795.0,2828.0,2780.050048828125,2790.199951171875,2370.73486328125,240737,HEROMOTOCO,Consumer Cyclical,Auto Manufacturers,N/A,EQUITY,0.0207,3.4,1.464,187.32,0.01724787335828265
2019-01-25,2755.0,2788.75,2652.699951171875,2670.14990234375,2268.73193359375,775065,HEROMOTOCO,Consumer Cyclical,Auto Manufacturers,N/A,EQUITY,0.0207,3.4,1.464,187.32,0.05128738693873862
2019-01-28,2680.0,2685.0,2586.75,2598.60009765625,2207.939208984375,576248,HEROMOTOCO,Consumer Cyclical,Auto Manufacturers,N/A,EQUITY,0.0207,3.4,1.464,187.32,0.03798202377500725
2019-01-29,2601.050048828125,2656.85009765625,2574.300048828125,2633.300048828125,2237.422119140625,666747,HEROMOTOCO,Consumer Cyclical,Auto Manufacturers,N/A,EQUITY,0.0207,3.4,1.464,187.32,0.032066988020958746
2019-01-30,2627.0,2650.0,2591.60009765625,2611.0,2218.474609375,696557,HEROMOTOCO,Consumer Cyclical,Auto Manufacturers,N/A,EQUITY,0.0207,3.4,1.464,187.32,0.02253430318842972
2019-01-31,2612.10009765625,2634.699951171875,2561.0,2613.949951171875,2220.980712890625,1901346,HEROMOTOCO,Consumer Cyclical,Auto Manufacturers,N/A,EQUITY,0.0207,3.4,1.464,187.32,0.02877780209756931
2019-02-01,2629.449951171875,2839.35009765625,2625.0,2807.25,2385.22119140625,3296513,HEROMOTOCO,Consumer Cyclical,Auto Manufacturers,N/A,EQUITY,0.0207,3.4,1.464,187.32,0.08165718005952381
2019-02-04,2800.0,2844.949951171875,2718.199951171875,2780.14990234375,2362.195068359375,991486,HEROMOTOCO,Consumer Cyclical,Auto Manufacturers,N/A,EQUITY,0.0207,3.4,1.464,187.32,0.046630123713068024
2019-02-05,2804.0,2873.35009765625,2800.0,2854.550048828125,2425.41064453125,767865,HEROMOTOCO,Consumer Cyclical,Auto Manufacturers,N/A,EQUITY,0.0207,3.4,1.464,187.32,0.026196463448660716
2019-02-06,2870.0,2892.0,2850.0,2880.050048828125,2447.07666015625,445829,HEROMOTOCO,Consumer Cyclical,Auto Manufacturers,N/A,EQUITY,0.0207,3.4,1.464,187.32,0.014736842105263158
2019-02-07,2885.0,2949.14990234375,2885.0,2939.050048828125,2497.206787109375,546196,HEROMOTOCO,Consumer Cyclical,Auto Manufacturers,N/A,EQUITY,0.0207,3.4,1.464,187.32,0.022235668056759098
2019-02-08,2915.0,2960.0,2912.64990234375,2938.85009765625,2497.03759765625,544587,HEROMOTOCO,Consumer Cyclical,Auto Manufacturers,N/A,EQUITY,0.0207,3.4,1.464,187.32,0.01625670754942032
2019-02-11,2915.0,2915.949951171875,2804.550048828125,2889.050048828125,2501.539794921875,478111,HEROMOTOCO,Consumer Cyclical,Auto Manufacturers,N/A,EQUITY,0.0207,3.4,1.464,187.32,0.03972113187650126
2019-02-12,2896.85009765625,2896.85009765625,2785.0,2799.550048828125,2424.044677734375,627923,HEROMOTOCO,Consumer Cyclical,Auto Manufacturers,N/A,EQUITY,0.0207,3.4,1.464,187.32,0.04016161495736086
2019-02-14,2755.199951171875,2891.64990234375,2725.10009765625,2776.199951171875,2403.826416015625,661406,HEROMOTOCO,Consumer Cyclical,Auto Manufacturers,N/A,EQUITY,0.0207,3.4,1.464,187.32,0.06111694936664633
2019-02-15,2785.39990234375,2785.39990234375,2678.0,2696.449951171875,2334.773193359375,700634,HEROMOTOCO,Consumer Cyclical,Auto Manufacturers,N/A,EQUITY,0.0207,3.4,1.464,187.32,0.04010451917242345
2019-02-18,2690.0,2704.89990234375,2660.449951171875,2683.550048828125,2323.603271484375,433854,HEROMOTOCO,Consumer Cyclical,Auto Manufacturers,N/A,EQUITY,0.0207,3.4,1.464,187.32,0.016707681778526103
2019-02-19,2687.0,2713.199951171875,2628.89990234375,2636.85009765625,2283.16748046875,684524,HEROMOTOCO,Consumer Cyclical,Auto Manufacturers,N/A,EQUITY,0.0207,3.4,1.464,187.32,0.03206666360821451
2019-02-20,2646.050048828125,2661.75,2606.60009765625,2623.75,2271.824462890625,605830,HEROMOTOCO,Consumer Cyclical,Auto Manufacturers,N/A,EQUITY,0.0207,3.4,1.464,187.32,0.02115779186586334
2019-02-21,2632.0,2657.0,2581.5,2641.25,2286.9775390625,736959,HEROMOTOCO,Consumer Cyclical,Auto Manufacturers,N/A,EQUITY,0.0207,3.4,1.464,187.32,0.02924656207631222
2019-02-22,2652.89990234375,2697.89990234375,2620.0,2679.85009765625,2320.3994140625,720407,HEROMOTOCO,Consumer Cyclical,Auto Manufacturers,N/A,EQUITY,0.0207,3.4,1.464,187.32,0.029732787154103053
2019-02-25,2690.0,2723.60009765625,2690.0,2712.5,2348.669921875,443819,HEROMOTOCO,Consumer Cyclical,Auto Manufacturers,N/A,EQUITY,0.0207,3.4,1.464,187.32,0.012490742623141263
2019-02-26,2706.550048828125,2713.0,2614.0,2689.050048828125,2328.365478515625,751767,HEROMOTOCO,Consumer Cyclical,Auto Manufacturers,N/A,EQUITY,0.0207,3.4,1.464,187.32,0.03787299158377965
2019-02-27,2695.0,2743.0,2661.0,2678.550048828125,2319.274169921875,581837,HEROMOTOCO,Consumer Cyclical,Auto Manufacturers,N/A,EQUITY,0.0207,3.4,1.464,187.32,0.030815482901164974
2019-02-28,2700.10009765625,2707.60009765625,2620.0,2628.10009765625,2275.591064453125,870312,HEROMOTOCO,Consumer Cyclical,Auto Manufacturers,N/A,EQUITY,0.0207,3.4,1.464,187.32,0.03343515177719466
2019-03-01,2649.89990234375,2690.60009765625,2640.050048828125,2675.60009765625,2316.719970703125,918224,HEROMOTOCO,Consumer Cyclical,Auto Manufacturers,N/A,EQUITY,0.0207,3.4,1.464,187.32,0.019147382774263443
2019-03-05,2669.949951171875,2822.0,2652.050048828125,2795.64990234375,2420.667236328125,1107587,HEROMOTOCO,Consumer Cyclical,Auto Manufacturers,N/A,EQUITY,0.0207,3.4,1.464,187.32,0.06408248262395035
2019-03-06,2795.0,2815.0,2742.0,2765.85009765625,2394.8642578125,631138,HEROMOTOCO,Consumer Cyclical,Auto Manufacturers,N/A,EQUITY,0.0207,3.4,1.464,187.32,0.02662290299051787
2019-03-07,2770.0,2779.0,2721.0,2730.10009765625,2363.90966796875,394045,HEROMOTOCO,Consumer Cyclical,Auto Manufacturers,N/A,EQUITY,0.0207,3.4,1.464,187.32,0.0213156927600147
2019-03-08,2731.0,2758.449951171875,2699.949951171875,2740.35009765625,2372.784912109375,674840,HEROMOTOCO,Consumer Cyclical,Auto Manufacturers,N/A,EQUITY,0.0207,3.4,1.464,187.32,0.02166706830051013
2019-03-11,2745.0,2828.39990234375,2745.0,2814.75,2437.20556640625,857601,HEROMOTOCO,Consumer Cyclical,Auto Manufacturers,N/A,EQUITY,0.0207,3.4,1.464,187.32,0.03038247808515483
2019-03-12,2840.0,2849.39990234375,2790.10009765625,2808.449951171875,2431.750244140625,840207,HEROMOTOCO,Consumer Cyclical,Auto Manufacturers,N/A,EQUITY,0.0207,3.4,1.464,187.32,0.021253647758843218
2019-03-13,2814.0,2828.0,2790.60009765625,2803.64990234375,2427.594482421875,380361,HEROMOTOCO,Consumer Cyclical,Auto Manufacturers,N/A,EQUITY,0.0207,3.4,1.464,187.32,0.013402100277700547
2019-03-14,2813.0,2818.0,2744.10009765625,2751.699951171875,2382.61279296875,497697,HEROMOTOCO,Consumer Cyclical,Auto Manufacturers,N/A,EQUITY,0.0207,3.4,1.464,187.32,0.026930468901942856
2019-03-15,2771.0,2771.0,2717.10009765625,2735.85009765625,2368.888427734375,916870,HEROMOTOCO,Consumer Cyclical,Auto Manufacturers,N/A,EQUITY,0.0207,3.4,1.464,187.32,0.019837289907075433
2019-03-18,2745.0,2763.14990234375,2662.0,2669.5,2311.43798828125,830642,HEROMOTOCO,Consumer Cyclical,Auto Manufacturers,N/A,EQUITY,0.0207,3.4,1.464,187.32,0.037997709370304285
2019-03-19,2659.0,2659.0,2601.0,2614.050048828125,2263.425537109375,978189,HEROMOTOCO,Consumer Cyclical,Auto Manufacturers,N/A,EQUITY,0.0207,3.4,1.464,187.32,0.02229911572472126
2019-03-20,2614.050048828125,2645.0,2593.050048828125,2609.14990234375,2259.182861328125,877100,HEROMOTOCO,Consumer Cyclical,Auto Manufacturers,N/A,EQUITY,0.0207,3.4,1.464,187.32,0.020034303308319366
2019-03-22,2624.449951171875,2637.949951171875,2594.050048828125,2603.300048828125,2254.1171875,566228,HEROMOTOCO,Consumer Cyclical,Auto Manufacturers,N/A,EQUITY,0.0207,3.4,1.464,187.32,0.016923305841219986
2019-03-25,2594.0,2608.800048828125,2537.050048828125,2575.699951171875,2230.21923828125,854446,HEROMOTOCO,Consumer Cyclical,Auto Manufacturers,N/A,EQUITY,0.0207,3.4,1.464,187.32,0.028280876852682373
2019-03-26,2586.0,2604.699951171875,2546.800048828125,2574.449951171875,2229.13671875,555742,HEROMOTOCO,Consumer Cyclical,Auto Manufacturers,N/A,EQUITY,0.0207,3.4,1.464,187.32,0.022734373030341287
2019-03-27,2593.800048828125,2594.0,2535.0,2543.199951171875,2202.07861328125,760530,HEROMOTOCO,Consumer Cyclical,Auto Manufacturers,N/A,EQUITY,0.0207,3.4,1.464,187.32,0.023274161735700197
2019-03-28,2550.0,2558.0,2515.0,2525.75,2186.96923828125,1147361,HEROMOTOCO,Consumer Cyclical,Auto Manufacturers,N/A,EQUITY,0.0207,3.4,1.464,187.32,0.01709741550695825
2019-04-01,2573.0,2593.39990234375,2545.0,2558.5,2215.326416015625,832495,HEROMOTOCO,Consumer Cyclical,Auto Manufacturers,N/A,EQUITY,0.0207,3.4,1.464,187.32,0.01901764335707269
2019-04-02,2550.39990234375,2599.0,2545.0,2569.949951171875,2225.240478515625,1063757,HEROMOTOCO,Consumer Cyclical,Auto Manufacturers,N/A,EQUITY,0.0207,3.4,1.464,187.32,0.021218074656188603
2019-04-03,2586.949951171875,2594.0,2567.0,2580.449951171875,2234.332275390625,1427316,HEROMOTOCO,Consumer Cyclical,Auto Manufacturers,N/A,EQUITY,0.0207,3.4,1.464,187.32,0.010518114530580444
2019-04-04,2599.949951171875,2648.699951171875,2595.0,2637.199951171875,2283.47021484375,2007440,HEROMOTOCO,Consumer Cyclical,Auto Manufacturers,N/A,EQUITY,0.0207,3.4,1.464,187.32,0.02069362280226397
2019-04-05,2652.0,2664.0,2605.10009765625,2618.39990234375,2267.191650390625,722753,HEROMOTOCO,Consumer Cyclical,Auto Manufacturers,N/A,EQUITY,0.0207,3.4,1.464,187.32,0.022609458422246775
2019-04-08,2628.0,2643.949951171875,2581.0,2586.85009765625,2239.8740234375,723035,HEROMOTOCO,Consumer Cyclical,Auto Manufacturers,N/A,EQUITY,0.0207,3.4,1.464,187.32,0.024389752488134443
2019-04-09,2590.0,2631.949951171875,2568.800048828125,2623.64990234375,2271.738037109375,769508,HEROMOTOCO,Consumer Cyclical,Auto Manufacturers,N/A,EQUITY,0.0207,3.4,1.464,187.32,0.024583424612031873
2019-04-10,2619.0,2619.0,2586.800048828125,2594.39990234375,2246.4111328125,672025,HEROMOTOCO,Consumer Cyclical,Auto Manufacturers,N/A,EQUITY,0.0207,3.4,1.464,187.32,0.012447792857612732
2019-04-11,2600.0,2612.0,2589.64990234375,2601.10009765625,2252.212646484375,608414,HEROMOTOCO,Consumer Cyclical,Auto Manufacturers,N/A,EQUITY,0.0207,3.4,1.464,187.32,0.008630547950138802
2019-04-12,2597.0,2644.800048828125,2591.14990234375,2639.89990234375,2285.808349609375,925046,HEROMOTOCO,Consumer Cyclical,Auto Manufacturers,N/A,EQUITY,0.0207,3.4,1.464,187.32,0.020705149646435855
2019-04-15,2653.0,2710.89990234375,2646.050048828125,2700.699951171875,2338.453125,958245,HEROMOTOCO,Consumer Cyclical,Auto Manufacturers,N/A,EQUITY,0.0207,3.4,1.464,187.32,0.024508173435474328
2019-04-16,2723.75,2749.89990234375,2715.0,2739.64990234375,2372.178466796875,741047,HEROMOTOCO,Consumer Cyclical,Auto Manufacturers,N/A,EQUITY,0.0207,3.4,1.464,187.32,0.012854476001381215
2019-04-18,2742.89990234375,2759.89990234375,2732.550048828125,2741.550048828125,2373.823486328125,563893,HEROMOTOCO,Consumer Cyclical,Auto Manufacturers,N/A,EQUITY,0.0207,3.4,1.464,187.32,0.010008912198096498
2019-04-22,2741.550048828125,2749.949951171875,2685.0,2689.5,2328.755615234375,453998,HEROMOTOCO,Consumer Cyclical,Auto Manufacturers,N/A,EQUITY,0.0207,3.4,1.464,187.32,0.024189925948556797
2019-04-23,2689.0,2727.35009765625,2615.0,2638.050048828125,2284.20654296875,395502,HEROMOTOCO,Consumer Cyclical,Auto Manufacturers,N/A,EQUITY,0.0207,3.4,1.464,187.32,0.04296370847275335
2019-04-24,2650.0,2661.60009765625,2582.14990234375,2611.89990234375,2261.563720703125,940782,HEROMOTOCO,Consumer Cyclical,Auto Manufacturers,N/A,EQUITY,0.0207,3.4,1.464,187.32,0.03076900966918502
2019-04-25,2618.0,2638.0,2597.64990234375,2612.25,2261.866943359375,690718,HEROMOTOCO,Consumer Cyclical,Auto Manufacturers,N/A,EQUITY,0.0207,3.4,1.464,187.32,0.015533308634024858
2019-04-26,2610.0,2616.75,2573.699951171875,2604.0,2254.723388671875,727578,HEROMOTOCO,Consumer Cyclical,Auto Manufacturers,N/A,EQUITY,0.0207,3.4,1.464,187.32,0.016726910535364913
2019-04-30,2573.0,2574.0,2477.0,2511.85009765625,2174.933349609375,1634120,HEROMOTOCO,Consumer Cyclical,Auto Manufacturers,N/A,EQUITY,0.0207,3.4,1.464,187.32,0.03916027452563585
2019-05-02,2510.0,2569.39990234375,2492.5,2551.699951171875,2209.4384765625,937946,HEROMOTOCO,Consumer Cyclical,Auto Manufacturers,N/A,EQUITY,0.0207,3.4,1.464,187.32,0.030852518492978938
2019-05-03,2550.0,2587.0,2537.39990234375,2565.39990234375,2221.301025390625,674666,HEROMOTOCO,Consumer Cyclical,Auto Manufacturers,N/A,EQUITY,0.0207,3.4,1.464,187.32,0.019547607616140952
2019-05-06,2540.0,2563.0,2525.10009765625,2531.300048828125,2191.77490234375,463670,HEROMOTOCO,Consumer Cyclical,Auto Manufacturers,N/A,EQUITY,0.0207,3.4,1.464,187.32,0.01500926730743386
2019-05-07,2567.89990234375,2568.0,2521.5,2527.35009765625,2188.354736328125,347427,HEROMOTOCO,Consumer Cyclical,Auto Manufacturers,N/A,EQUITY,0.0207,3.4,1.464,187.32,0.018441403926234383
2019-05-08,2525.800048828125,2540.85009765625,2481.60009765625,2499.699951171875,2164.4130859375,406025,HEROMOTOCO,Consumer Cyclical,Auto Manufacturers,N/A,EQUITY,0.0207,3.4,1.464,187.32,0.023875724398930646
2019-05-09,2499.0,2555.0,2490.60009765625,2537.75,2197.35986328125,585480,HEROMOTOCO,Consumer Cyclical,Auto Manufacturers,N/A,EQUITY,0.0207,3.4,1.464,187.32,0.025857182935290483
2019-05-10,2535.0,2560.0,2500.050048828125,2507.300048828125,2170.993896484375,332771,HEROMOTOCO,Consumer Cyclical,Auto Manufacturers,N/A,EQUITY,0.0207,3.4,1.464,187.32,0.023979500410392176
2019-05-13,2507.300048828125,2537.5,2500.0,2510.75,2173.9814453125,313902,HEROMOTOCO,Consumer Cyclical,Auto Manufacturers,N/A,EQUITY,0.0207,3.4,1.464,187.32,0.015
2019-05-14,2508.0,2534.800048828125,2475.0,2509.75,2173.115478515625,396304,HEROMOTOCO,Consumer Cyclical,Auto Manufacturers,N/A,EQUITY,0.0207,3.4,1.464,187.32,0.024161635890151516
2019-05-15,2525.0,2538.60009765625,2483.0,2493.39990234375,2158.958251953125,438740,HEROMOTOCO,Consumer Cyclical,Auto Manufacturers,N/A,EQUITY,0.0207,3.4,1.464,187.32,0.022392306748389046
2019-05-16,2495.0,2561.0,2488.0,2520.300048828125,2182.25048828125,283127,HEROMOTOCO,Consumer Cyclical,Auto Manufacturers,N/A,EQUITY,0.0207,3.4,1.464,187.32,0.029340836012861738
2019-05-17,2523.0,2637.0,2521.800048828125,2622.550048828125,2270.78515625,962165,HEROMOTOCO,Consumer Cyclical,Auto Manufacturers,N/A,EQUITY,0.0207,3.4,1.464,187.32,0.04568163571311221
2019-05-20,2690.0,2742.0,2633.550048828125,2713.449951171875,2349.49267578125,722330,HEROMOTOCO,Consumer Cyclical,Auto Manufacturers,N/A,EQUITY,0.0207,3.4,1.464,187.32,0.041180136758795595
2019-05-21,2725.0,2726.949951171875,2648.0,2657.199951171875,2300.78759765625,445944,HEROMOTOCO,Consumer Cyclical,Auto Manufacturers,N/A,EQUITY,0.0207,3.4,1.464,187.32,0.02981493624315521
2019-05-22,2657.39990234375,2714.699951171875,2638.0,2699.64990234375,2337.5439453125,463923,HEROMOTOCO,Consumer Cyclical,Auto Manufacturers,N/A,EQUITY,0.0207,3.4,1.464,187.32,0.029075038351734268
2019-05-23,2740.0,2800.14990234375,2707.89990234375,2743.5,2375.51220703125,1177415,HEROMOTOCO,Consumer Cyclical,Auto Manufacturers,N/A,EQUITY,0.0207,3.4,1.464,187.32,0.03406699040838086
2019-05-24,2753.0,2845.0,2750.0,2828.449951171875,2449.067626953125,756746,HEROMOTOCO,Consumer Cyclical,Auto Manufacturers,N/A,EQUITY,0.0207,3.4,1.464,187.32,0.034545454545454546
2019-05-27,2840.0,2850.0,2800.35009765625,2821.199951171875,2442.79052734375,422121,HEROMOTOCO,Consumer Cyclical,Auto Manufacturers,N/A,EQUITY,0.0207,3.4,1.464,187.32,0.01772989112515054
2019-05-28,2828.0,2828.0,2735.0,2743.10009765625,2375.165771484375,842709,HEROMOTOCO,Consumer Cyclical,Auto Manufacturers,N/A,EQUITY,0.0207,3.4,1.464,187.32,0.0340036563071298
2019-05-29,2757.949951171875,2757.949951171875,2702.800048828125,2725.5,2359.926513671875,528550,HEROMOTOCO,Consumer Cyclical,Auto Manufacturers,N/A,EQUITY,0.0207,3.4,1.464,187.32,0.02040472892830596
2019-05-30,2730.0,2743.949951171875,2701.199951171875,2715.199951171875,2351.008056640625,406544,HEROMOTOCO,Consumer Cyclical,Auto Manufacturers,N/A,EQUITY,0.0207,3.4,1.464,187.32,0.015826299708562322
2019-05-31,2737.699951171875,2763.14990234375,2665.0,2680.25,2320.746337890625,683661,HEROMOTOCO,Consumer Cyclical,Auto Manufacturers,N/A,EQUITY,0.0207,3.4,1.464,187.32,0.03682923164868668
2019-06-03,2712.0,2859.14990234375,2712.0,2840.25,2459.28515625,1911409,HEROMOTOCO,Consumer Cyclical,Auto Manufacturers,N/A,EQUITY,0.0207,3.4,1.464,187.32,0.054258813548580385
2019-06-04,2833.0,2835.0,2745.0,2752.699951171875,2383.478515625,1051402,HEROMOTOCO,Consumer Cyclical,Auto Manufacturers,N/A,EQUITY,0.0207,3.4,1.464,187.32,0.03278688524590164
2019-06-06,2765.0,2796.0,2716.10009765625,2788.75,2414.692626953125,1231094,HEROMOTOCO,Consumer Cyclical,Auto Manufacturers,N/A,EQUITY,0.0207,3.4,1.464,187.32,0.02941714203121469
2019-06-07,2790.0,2812.0,2731.89990234375,2762.800048828125,2392.223388671875,841021,HEROMOTOCO,Consumer Cyclical,Auto Manufacturers,N/A,EQUITY,0.0207,3.4,1.464,187.32,0.029320290098305054
2019-06-10,2794.0,2794.0,2717.199951171875,2745.0,2376.811279296875,493407,HEROMOTOCO,Consumer Cyclical,Auto Manufacturers,N/A,EQUITY,0.0207,3.4,1.464,187.32,0.02826440829096977
2019-06-11,2760.0,2793.0,2745.300048828125,2776.14990234375,2403.782958984375,465376,HEROMOTOCO,Consumer Cyclical,Auto Manufacturers,N/A,EQUITY,0.0207,3.4,1.464,187.32,0.017375132161687203
2019-06-12,2767.0,2769.89990234375,2720.050048828125,2728.050048828125,2362.134521484375,521559,HEROMOTOCO,Consumer Cyclical,Auto Manufacturers,N/A,EQUITY,0.0207,3.4,1.464,187.32,0.018326814808831086
2019-06-13,2730.0,2772.0,2685.35009765625,2705.10009765625,2342.26318359375,480205,HEROMOTOCO,Consumer Cyclical,Auto Manufacturers,N/A,EQUITY,0.0207,3.4,1.464,187.32,0.03226763706504313
2019-06-14,2700.0,2719.5,2660.10009765625,2670.300048828125,2312.130615234375,320455,HEROMOTOCO,Consumer Cyclical,Auto Manufacturers,N/A,EQUITY,0.0207,3.4,1.464,187.32,0.02232995006318966
2019-06-17,2665.0,2684.199951171875,2636.0,2648.25,2293.038330078125,484673,HEROMOTOCO,Consumer Cyclical,Auto Manufacturers,N/A,EQUITY,0.0207,3.4,1.464,187.32,0.01828526220480842
2019-06-18,2650.050048828125,2683.0,2635.0,2667.800048828125,2309.966064453125,469539,HEROMOTOCO,Consumer Cyclical,Auto Manufacturers,N/A,EQUITY,0.0207,3.4,1.464,187.32,0.018216318785578747
2019-06-19,2680.0,2680.0,2572.550048828125,2606.14990234375,2256.5849609375,552137,HEROMOTOCO,Consumer Cyclical,Auto Manufacturers,N/A,EQUITY,0.0207,3.4,1.464,187.32,0.041767875894512425
2019-06-20,2610.0,2669.699951171875,2600.0,2665.699951171875,2308.1474609375,692167,HEROMOTOCO,Consumer Cyclical,Auto Manufacturers,N/A,EQUITY,0.0207,3.4,1.464,187.32,0.02680767352764423
2019-06-21,2659.949951171875,2699.0,2592.89990234375,2606.0,2256.45556640625,903440,HEROMOTOCO,Consumer Cyclical,Auto Manufacturers,N/A,EQUITY,0.0207,3.4,1.464,187.32,0.04091947304265197
2019-06-24,2606.0,2606.0,2540.699951171875,2586.25,2239.35400390625,725058,HEROMOTOCO,Consumer Cyclical,Auto Manufacturers,N/A,EQUITY,0.0207,3.4,1.464,187.32,0.025701598017509285
2019-06-25,2571.0,2603.5,2550.0,2584.64990234375,2237.96923828125,412936,HEROMOTOCO,Consumer Cyclical,Auto Manufacturers,N/A,EQUITY,0.0207,3.4,1.464,187.32,0.020980392156862746
2019-06-26,2577.0,2603.949951171875,2557.800048828125,2573.60009765625,2228.40087890625,470716,HEROMOTOCO,Consumer Cyclical,Auto Manufacturers,N/A,EQUITY,0.0207,3.4,1.464,187.32,0.018042810799418788
2019-06-27,2585.0,2617.800048828125,2571.050048828125,2598.39990234375,2249.874267578125,1174382,HEROMOTOCO,Consumer Cyclical,Auto Manufacturers,N/A,EQUITY,0.0207,3.4,1.464,187.32,0.01818323218612896
2019-06-28,2598.550048828125,2600.60009765625,2572.050048828125,2581.5,2235.2412109375,265726,HEROMOTOCO,Consumer Cyclical,Auto Manufacturers,N/A,EQUITY,0.0207,3.4,1.464,187.32,0.011100114028159346
2019-07-01,2596.0,2639.5,2590.0,2616.5,2265.546630859375,728762,HEROMOTOCO,Consumer Cyclical,Auto Manufacturers,N/A,EQUITY,0.0207,3.4,1.464,187.32,0.01911196911196911
2019-07-02,2596.5,2618.800048828125,2571.050048828125,2597.050048828125,2248.705810546875,532893,HEROMOTOCO,Consumer Cyclical,Auto Manufacturers,N/A,EQUITY,0.0207,3.4,1.464,187.32,0.018572178329147763
2019-07-03,2601.0,2613.800048828125,2582.39990234375,2587.5,2240.4365234375,419366,HEROMOTOCO,Consumer Cyclical,Auto Manufacturers,N/A,EQUITY,0.0207,3.4,1.464,187.32,0.012159288906368323
2019-07-04,2590.25,2618.0,2585.0,2606.14990234375,2256.5849609375,446710,HEROMOTOCO,Consumer Cyclical,Auto Manufacturers,N/A,EQUITY,0.0207,3.4,1.464,187.32,0.01276595744680851
2019-07-05,2618.0,2620.0,2500.0,2512.300048828125,2175.323486328125,501715,HEROMOTOCO,Consumer Cyclical,Auto Manufacturers,N/A,EQUITY,0.0207,3.4,1.464,187.32,0.048
2019-07-08,2499.0,2499.0,2360.0,2380.14990234375,2060.898681640625,1256185,HEROMOTOCO,Consumer Cyclical,Auto Manufacturers,N/A,EQUITY,0.0207,3.4,1.464,187.32,0.058898305084745764
2019-07-09,2380.0,2458.5,2373.60009765625,2444.10009765625,2116.271240234375,763513,HEROMOTOCO,Consumer Cyclical,Auto Manufacturers,N/A,EQUITY,0.0207,3.4,1.464,187.32,0.03576841036852931
2019-07-10,2450.0,2459.0,2392.0,2400.0,2078.086669921875,458641,HEROMOTOCO,Consumer Cyclical,Auto Manufacturers,N/A,EQUITY,0.0207,3.4,1.464,187.32,0.028010033444816052
2019-07-11,2428.0,2520.0,2385.25,2507.800048828125,2171.427001953125,1163266,HEROMOTOCO,Consumer Cyclical,Auto Manufacturers,N/A,EQUITY,0.0207,3.4,1.464,187.32,0.05649303008070433
2019-07-12,2502.0,2584.39990234375,2472.39990234375,2569.800048828125,2225.1103515625,1397898,HEROMOTOCO,Consumer Cyclical,Auto Manufacturers,N/A,EQUITY,0.0207,3.4,1.464,187.32,0.045300115039572625
2019-07-15,2552.0,2579.89990234375,2514.199951171875,2545.550048828125,2204.11328125,769562,HEROMOTOCO,Consumer Cyclical,Auto Manufacturers,N/A,EQUITY,0.0207,3.4,1.464,187.32,0.026131553753810266
2019-07-16,2515.0,2569.449951171875,2487.14990234375,2544.35009765625,2231.1220703125,632082,HEROMOTOCO,Consumer Cyclical,Auto Manufacturers,N/A,EQUITY,0.0207,3.4,1.464,187.32,0.033090103958177214
2019-07-17,2521.0,2556.60009765625,2505.050048828125,2522.949951171875,2240.534912109375,497857,HEROMOTOCO,Consumer Cyclical,Auto Manufacturers,N/A,EQUITY,0.0207,3.4,1.464,187.32,0.020578450658995964
2019-07-18,2519.89990234375,2555.0,2466.64990234375,2479.449951171875,2201.904541015625,977841,HEROMOTOCO,Consumer Cyclical,Auto Manufacturers,N/A,EQUITY,0.0207,3.4,1.464,187.32,0.03581785058848518
2019-07-19,2480.050048828125,2507.35009765625,2378.949951171875,2387.39990234375,2120.158203125,1059276,HEROMOTOCO,Consumer Cyclical,Auto Manufacturers,N/A,EQUITY,0.0207,3.4,1.464,187.32,0.05397345430538581
2019-07-22,2387.39990234375,2454.0,2360.64990234375,2403.699951171875,2134.6337890625,1136002,HEROMOTOCO,Consumer Cyclical,Auto Manufacturers,N/A,EQUITY,0.0207,3.4,1.464,187.32,0.03954423634083487
2019-07-23,2415.550048828125,2480.0,2401.699951171875,2469.300048828125,2192.890869140625,812373,HEROMOTOCO,Consumer Cyclical,Auto Manufacturers,N/A,EQUITY,0.0207,3.4,1.464,187.32,0.032601927976023654
2019-07-24,2452.550048828125,2492.64990234375,2396.300048828125,2403.39990234375,2134.36767578125,619043,HEROMOTOCO,Consumer Cyclical,Auto Manufacturers,N/A,EQUITY,0.0207,3.4,1.464,187.32,0.04020775844107814
2019-07-25,2416.0,2448.0,2380.10009765625,2386.5,2119.359130859375,812832,HEROMOTOCO,Consumer Cyclical,Auto Manufacturers,N/A,EQUITY,0.0207,3.4,1.464,187.32,0.028528170899456244
2019-07-26,2397.800048828125,2487.550048828125,2366.5,2467.300048828125,2191.114501953125,1085566,HEROMOTOCO,Consumer Cyclical,Auto Manufacturers,N/A,EQUITY,0.0207,3.4,1.464,187.32,0.05115151017457215
2019-07-29,2430.10009765625,2451.0,2331.050048828125,2404.550048828125,2135.388916015625,936006,HEROMOTOCO,Consumer Cyclical,Auto Manufacturers,N/A,EQUITY,0.0207,3.4,1.464,187.32,0.05145747566946352
2019-07-30,2408.0,2424.64990234375,2245.300048828125,2258.800048828125,2005.95361328125,1582385,HEROMOTOCO,Consumer Cyclical,Auto Manufacturers,N/A,EQUITY,0.0207,3.4,1.464,187.32,0.07987790033195426
2019-07-31,2270.0,2369.89990234375,2225.60009765625,2356.10009765625,2092.362060546875,2930738,HEROMOTOCO,Consumer Cyclical,Auto Manufacturers,N/A,EQUITY,0.0207,3.4,1.464,187.32,0.06483635799596711
2019-08-01,2335.0,2381.0,2301.39990234375,2368.550048828125,2103.418701171875,968967,HEROMOTOCO,Consumer Cyclical,Auto Manufacturers,N/A,EQUITY,0.0207,3.4,1.464,187.32,0.03458768620576768
2019-08-02,2337.0,2430.0,2288.550048828125,2401.949951171875,2133.07958984375,2090929,HEROMOTOCO,Consumer Cyclical,Auto Manufacturers,N/A,EQUITY,0.0207,3.4,1.464,187.32,0.06180767217405006
2019-08-05,2389.949951171875,2435.0,2346.0,2399.25,2130.681884765625,1093274,HEROMOTOCO,Consumer Cyclical,Auto Manufacturers,N/A,EQUITY,0.0207,3.4,1.464,187.32,0.03793691389599318
2019-08-06,2399.25,2484.0,2380.050048828125,2468.550048828125,2192.224609375,1169931,HEROMOTOCO,Consumer Cyclical,Auto Manufacturers,N/A,EQUITY,0.0207,3.4,1.464,187.32,0.043675531622982995
2019-08-07,2475.0,2528.800048828125,2468.60009765625,2505.25,2224.816650390625,1079213,HEROMOTOCO,Consumer Cyclical,Auto Manufacturers,N/A,EQUITY,0.0207,3.4,1.464,187.32,0.024386271080937865
2019-08-08,2500.5,2629.0,2495.0,2587.89990234375,2298.21484375,1692331,HEROMOTOCO,Consumer Cyclical,Auto Manufacturers,N/A,EQUITY,0.0207,3.4,1.464,187.32,0.053707414829659315
2019-08-09,2613.85009765625,2641.89990234375,2600.0,2622.25,2328.7197265625,1091395,HEROMOTOCO,Consumer Cyclical,Auto Manufacturers,N/A,EQUITY,0.0207,3.4,1.464,187.32,0.01611534705528846
2019-08-13,2615.60009765625,2651.050048828125,2546.85009765625,2566.800048828125,2279.476806640625,1179168,HEROMOTOCO,Consumer Cyclical,Auto Manufacturers,N/A,EQUITY,0.0207,3.4,1.464,187.32,0.04091326429763788
2019-08-14,2588.949951171875,2647.699951171875,2580.0,2634.14990234375,2339.287353515625,998006,HEROMOTOCO,Consumer Cyclical,Auto Manufacturers,N/A,EQUITY,0.0207,3.4,1.464,187.32,0.026240291151889535
2019-08-16,2561.550048828125,2680.0,2547.050048828125,2669.0,2370.23681640625,1373556,HEROMOTOCO,Consumer Cyclical,Auto Manufacturers,N/A,EQUITY,0.0207,3.4,1.464,187.32,0.05219762023641588
2019-08-19,2672.0,2699.949951171875,2616.199951171875,2631.5,2336.93408203125,1215957,HEROMOTOCO,Consumer Cyclical,Auto Manufacturers,N/A,EQUITY,0.0207,3.4,1.464,187.32,0.03201207918472969
2019-08-20,2655.0,2677.800048828125,2631.60009765625,2669.25,2370.45849609375,1017915,HEROMOTOCO,Consumer Cyclical,Auto Manufacturers,N/A,EQUITY,0.0207,3.4,1.464,187.32,0.01755584034710346
2019-08-21,2663.800048828125,2722.0,2663.550048828125,2714.25,2410.421630859375,1398096,HEROMOTOCO,Consumer Cyclical,Auto Manufacturers,N/A,EQUITY,0.0207,3.4,1.464,187.32,0.02194437878033907
2019-08-22,2713.0,2714.25,2606.0,2626.25,2332.2724609375,1102826,HEROMOTOCO,Consumer Cyclical,Auto Manufacturers,N/A,EQUITY,0.0207,3.4,1.464,187.32,0.04153875671527245
2019-08-23,2625.0,2670.0,2612.60009765625,2640.199951171875,2344.660400390625,1202938,HEROMOTOCO,Consumer Cyclical,Auto Manufacturers,N/A,EQUITY,0.0207,3.4,1.464,187.32,0.02197041269164889
2019-08-26,2695.0,2695.0,2557.35009765625,2590.949951171875,2300.923583984375,1195915,HEROMOTOCO,Consumer Cyclical,Auto Manufacturers,N/A,EQUITY,0.0207,3.4,1.464,187.32,0.0538252085507975
2019-08-27,2638.0,2638.0,2581.39990234375,2614.449951171875,2321.792724609375,5531848,HEROMOTOCO,Consumer Cyclical,Auto Manufacturers,N/A,EQUITY,0.0207,3.4,1.464,187.32,0.02192612527987649
2019-08-28,2597.75,2626.0,2555.0,2568.5,2280.986328125,631760,HEROMOTOCO,Consumer Cyclical,Auto Manufacturers,N/A,EQUITY,0.0207,3.4,1.464,187.32,0.027788649706457925
2019-08-29,2564.89990234375,2577.800048828125,2533.300048828125,2547.75,2262.55908203125,547796,HEROMOTOCO,Consumer Cyclical,Auto Manufacturers,N/A,EQUITY,0.0207,3.4,1.464,187.32,0.017566020266957787
2019-08-30,2559.85009765625,2579.0,2520.550048828125,2572.050048828125,2284.139404296875,544092,HEROMOTOCO,Consumer Cyclical,Auto Manufacturers,N/A,EQUITY,0.0207,3.4,1.464,187.32,0.023189363448287818
2019-09-03,2571.85009765625,2619.949951171875,2548.949951171875,2557.449951171875,2271.17333984375,867231,HEROMOTOCO,Consumer Cyclical,Auto Manufacturers,N/A,EQUITY,0.0207,3.4,1.464,187.32,0.02785460733246562
2019-09-04,2562.10009765625,2589.25,2530.25,2566.10009765625,2278.85498046875,532877,HEROMOTOCO,Consumer Cyclical,Auto Manufacturers,N/A,EQUITY,0.0207,3.4,1.464,187.32,0.02331785396699931
2019-09-05,2574.949951171875,2614.0,2567.14990234375,2605.89990234375,2314.2001953125,577091,HEROMOTOCO,Consumer Cyclical,Auto Manufacturers,N/A,EQUITY,0.0207,3.4,1.464,187.32,0.018249848835658923
2019-09-06,2612.39990234375,2670.0,2590.10009765625,2659.949951171875,2362.19970703125,1021359,HEROMOTOCO,Consumer Cyclical,Auto Manufacturers,N/A,EQUITY,0.0207,3.4,1.464,187.32,0.0308481909313275
2019-09-09,2637.949951171875,2697.699951171875,2621.0,2691.60009765625,2390.306884765625,619224,HEROMOTOCO,Consumer Cyclical,Auto Manufacturers,N/A,EQUITY,0.0207,3.4,1.464,187.32,0.029263621202546736
2019-09-11,2687.0,2770.0,2680.0,2760.14990234375,2451.18359375,1063773,HEROMOTOCO,Consumer Cyclical,Auto Manufacturers,N/A,EQUITY,0.0207,3.4,1.464,187.32,0.033582089552238806
2019-09-12,2747.0,2766.0,2720.0,2740.75,2433.95556640625,701793,HEROMOTOCO,Consumer Cyclical,Auto Manufacturers,N/A,EQUITY,0.0207,3.4,1.464,187.32,0.016911764705882352
2019-09-13,2742.0,2785.0,2718.0,2776.60009765625,2465.79248046875,855456,HEROMOTOCO,Consumer Cyclical,Auto Manufacturers,N/A,EQUITY,0.0207,3.4,1.464,187.32,0.024650478292862398
2019-09-16,2755.0,2794.0,2722.39990234375,2738.64990234375,2432.090087890625,858330,HEROMOTOCO,Consumer Cyclical,Auto Manufacturers,N/A,EQUITY,0.0207,3.4,1.464,187.32,0.026300360059008425
2019-09-17,2744.89990234375,2762.0,2555.0,2568.949951171875,2281.385986328125,1327205,HEROMOTOCO,Consumer Cyclical,Auto Manufacturers,N/A,EQUITY,0.0207,3.4,1.464,187.32,0.08101761252446184
2019-09-18,2590.0,2617.0,2517.0,2576.10009765625,2287.73583984375,1207661,HEROMOTOCO,Consumer Cyclical,Auto Manufacturers,N/A,EQUITY,0.0207,3.4,1.464,187.32,0.03972983710766786
2019-09-19,2561.0,2595.0,2513.449951171875,2532.25,2248.79443359375,706524,HEROMOTOCO,Consumer Cyclical,Auto Manufacturers,N/A,EQUITY,0.0207,3.4,1.464,187.32,0.03244546357093881
2019-09-20,2535.0,3016.550048828125,2532.85009765625,2862.89990234375,2542.431396484375,4283092,HEROMOTOCO,Consumer Cyclical,Auto Manufacturers,N/A,EQUITY,0.0207,3.4,1.464,187.32,0.19097061907432358
2019-09-23,2875.0,3022.89990234375,2770.699951171875,2820.35009765625,2504.644775390625,1380382,HEROMOTOCO,Consumer Cyclical,Auto Manufacturers,N/A,EQUITY,0.0207,3.4,1.464,187.32,0.09102391295210668
2019-09-24,2845.0,2845.300048828125,2724.64990234375,2755.949951171875,2447.45361328125,1064290,HEROMOTOCO,Consumer Cyclical,Auto Manufacturers,N/A,EQUITY,0.0207,3.4,1.464,187.32,0.04428097216475096
2019-09-25,2750.0,2750.0,2646.60009765625,2704.25,2401.540771484375,1063692,HEROMOTOCO,Consumer Cyclical,Auto Manufacturers,N/A,EQUITY,0.0207,3.4,1.464,187.32,0.039068955840860835
2019-09-26,2695.0,2775.0,2684.85009765625,2760.10009765625,2451.139404296875,1046239,HEROMOTOCO,Consumer Cyclical,Auto Manufacturers,N/A,EQUITY,0.0207,3.4,1.464,187.32,0.03357725722655678
2019-09-27,2756.39990234375,2778.449951171875,2707.0,2729.14990234375,2423.653564453125,679062,HEROMOTOCO,Consumer Cyclical,Auto Manufacturers,N/A,EQUITY,0.0207,3.4,1.464,187.32,0.026394514655291836
2019-09-30,2734.0,2758.75,2668.199951171875,2704.75,2401.98486328125,837786,HEROMOTOCO,Consumer Cyclical,Auto Manufacturers,N/A,EQUITY,0.0207,3.4,1.464,187.32,0.03393675529765128
2019-10-01,2715.699951171875,2738.89990234375,2637.0,2688.35009765625,2387.4208984375,865901,HEROMOTOCO,Consumer Cyclical,Auto Manufacturers,N/A,EQUITY,0.0207,3.4,1.464,187.32,0.03864235962978764
2019-10-03,2710.0,2734.0,2655.0,2667.449951171875,2368.8603515625,937439,HEROMOTOCO,Consumer Cyclical,Auto Manufacturers,N/A,EQUITY,0.0207,3.4,1.464,187.32,0.02975517890772128
2019-10-04,2681.800048828125,2715.0,2659.0,2668.300048828125,2369.614990234375,689443,HEROMOTOCO,Consumer Cyclical,Auto Manufacturers,N/A,EQUITY,0.0207,3.4,1.464,187.32,0.021060549078600978
2019-10-07,2649.0,2684.0,2606.300048828125,2674.0,2374.6767578125,581314,HEROMOTOCO,Consumer Cyclical,Auto Manufacturers,N/A,EQUITY,0.0207,3.4,1.464,187.32,0.029812358407011255
2019-10-09,2680.0,2690.0,2583.0,2604.35009765625,2312.823486328125,1065595,HEROMOTOCO,Consumer Cyclical,Auto Manufacturers,N/A,EQUITY,0.0207,3.4,1.464,187.32,0.041424699961285325
2019-10-10,2604.35009765625,2635.0,2581.14990234375,2601.85009765625,2310.603515625,654085,HEROMOTOCO,Consumer Cyclical,Auto Manufacturers,N/A,EQUITY,0.0207,3.4,1.464,187.32,0.020862832339707482
2019-10-11,2614.85009765625,2635.0,2567.89990234375,2597.85009765625,2307.051025390625,594047,HEROMOTOCO,Consumer Cyclical,Auto Manufacturers,N/A,EQUITY,0.0207,3.4,1.464,187.32,0.026130340047525614
2019-10-14,2590.0,2628.449951171875,2571.85009765625,2609.199951171875,2317.13037109375,708591,HEROMOTOCO,Consumer Cyclical,Auto Manufacturers,N/A,EQUITY,0.0207,3.4,1.464,187.32,0.022007446533219396
2019-10-15,2620.14990234375,2699.949951171875,2610.0,2675.699951171875,2376.1865234375,1011239,HEROMOTOCO,Consumer Cyclical,Auto Manufacturers,N/A,EQUITY,0.0207,3.4,1.464,187.32,0.03446358282447318
2019-10-16,2692.39990234375,2692.39990234375,2592.300048828125,2602.35009765625,2311.04736328125,926034,HEROMOTOCO,Consumer Cyclical,Auto Manufacturers,N/A,EQUITY,0.0207,3.4,1.464,187.32,0.03861430067128076
2019-10-17,2609.0,2644.0,2582.0,2629.199951171875,2334.8916015625,1107128,HEROMOTOCO,Consumer Cyclical,Auto Manufacturers,N/A,EQUITY,0.0207,3.4,1.464,187.32,0.024012393493415957
2019-10-18,2629.0,2662.050048828125,2605.85009765625,2646.14990234375,2349.9443359375,1179162,HEROMOTOCO,Consumer Cyclical,Auto Manufacturers,N/A,EQUITY,0.0207,3.4,1.464,187.32,0.021566839636102737
2019-10-22,2660.0,2713.449951171875,2641.199951171875,2674.64990234375,2375.254150390625,799030,HEROMOTOCO,Consumer Cyclical,Auto Manufacturers,N/A,EQUITY,0.0207,3.4,1.464,187.32,0.027354990661704114
2019-10-23,2670.050048828125,2738.0,2634.0,2712.89990234375,2409.22265625,1119172,HEROMOTOCO,Consumer Cyclical,Auto Manufacturers,N/A,EQUITY,0.0207,3.4,1.464,187.32,0.039483675018982534
2019-10-24,2730.0,2749.75,2650.0,2696.0,2394.214111328125,1427292,HEROMOTOCO,Consumer Cyclical,Auto Manufacturers,N/A,EQUITY,0.0207,3.4,1.464,187.32,0.037641509433962266
2019-10-25,2705.0,2708.0,2630.0,2657.550048828125,2360.068115234375,799469,HEROMOTOCO,Consumer Cyclical,Auto Manufacturers,N/A,EQUITY,0.0207,3.4,1.464,187.32,0.029657794676806085
2019-10-27,2662.0,2691.949951171875,2650.0,2668.89990234375,2370.147705078125,69656,HEROMOTOCO,Consumer Cyclical,Auto Manufacturers,N/A,EQUITY,0.0207,3.4,1.464,187.32,0.015830170253537737
2019-10-29,2684.5,2720.0,2665.75,2701.550048828125,2399.14306640625,1088620,HEROMOTOCO,Consumer Cyclical,Auto Manufacturers,N/A,EQUITY,0.0207,3.4,1.464,187.32,0.020350745568789273
2019-10-30,2717.0,2717.0,2677.0,2684.5,2384.00146484375,739316,HEROMOTOCO,Consumer Cyclical,Auto Manufacturers,N/A,EQUITY,0.0207,3.4,1.464,187.32,0.014942099364960777
2019-10-31,2695.0,2716.0,2689.449951171875,2704.199951171875,2401.496337890625,673886,HEROMOTOCO,Consumer Cyclical,Auto Manufacturers,N/A,EQUITY,0.0207,3.4,1.464,187.32,0.009871925230122367
2019-11-01,2708.0,2759.0,2671.10009765625,2707.14990234375,2404.1162109375,1427332,HEROMOTOCO,Consumer Cyclical,Auto Manufacturers,N/A,EQUITY,0.0207,3.4,1.464,187.32,0.0329077530343687
2019-11-04,2712.0,2714.949951171875,2638.0,2643.5,2347.591064453125,760461,HEROMOTOCO,Consumer Cyclical,Auto Manufacturers,N/A,EQUITY,0.0207,3.4,1.464,187.32,0.029169807115949582
2019-11-05,2659.0,2679.0,2638.050048828125,2665.0,2366.684326171875,508321,HEROMOTOCO,Consumer Cyclical,Auto Manufacturers,N/A,EQUITY,0.0207,3.4,1.464,187.32,0.015522810566109537
2019-11-06,2660.0,2696.89990234375,2641.0,2678.35009765625,2378.5400390625,601239,HEROMOTOCO,Consumer Cyclical,Auto Manufacturers,N/A,EQUITY,0.0207,3.4,1.464,187.32,0.021166187937807647
2019-11-07,2670.0,2673.5,2643.0,2660.85009765625,2362.9990234375,440308,HEROMOTOCO,Consumer Cyclical,Auto Manufacturers,N/A,EQUITY,0.0207,3.4,1.464,187.32,0.01153991676125615
2019-11-08,2660.800048828125,2692.0,2640.64990234375,2646.949951171875,2350.655029296875,444717,HEROMOTOCO,Consumer Cyclical,Auto Manufacturers,N/A,EQUITY,0.0207,3.4,1.464,187.32,0.019446007443346965
2019-11-11,2635.0,2656.949951171875,2585.64990234375,2594.0,2303.632080078125,570373,HEROMOTOCO,Consumer Cyclical,Auto Manufacturers,N/A,EQUITY,0.0207,3.4,1.464,187.32,0.027575291134153704
2019-11-13,2585.0,2627.699951171875,2575.39990234375,2589.10009765625,2299.2802734375,692298,HEROMOTOCO,Consumer Cyclical,Auto Manufacturers,N/A,EQUITY,0.0207,3.4,1.464,187.32,0.020307544774125833
2019-11-14,2595.0,2608.14990234375,2577.0,2591.64990234375,2301.544677734375,461170,HEROMOTOCO,Consumer Cyclical,Auto Manufacturers,N/A,EQUITY,0.0207,3.4,1.464,187.32,0.012087660979336438
2019-11-15,2600.0,2614.949951171875,2530.25,2543.199951171875,2258.518310546875,682624,HEROMOTOCO,Consumer Cyclical,Auto Manufacturers,N/A,EQUITY,0.0207,3.4,1.464,187.32,0.03347493377013141
2019-11-18,2546.0,2552.5,2496.75,2502.89990234375,2222.7294921875,808951,HEROMOTOCO,Consumer Cyclical,Auto Manufacturers,N/A,EQUITY,0.0207,3.4,1.464,187.32,0.022329027736056873
2019-11-19,2520.0,2520.0,2463.10009765625,2468.949951171875,2192.580078125,1011599,HEROMOTOCO,Consumer Cyclical,Auto Manufacturers,N/A,EQUITY,0.0207,3.4,1.464,187.32,0.023100929758353223
2019-11-20,2478.0,2485.0,2436.300048828125,2470.5,2193.956787109375,918063,HEROMOTOCO,Consumer Cyclical,Auto Manufacturers,N/A,EQUITY,0.0207,3.4,1.464,187.32,0.019989307636922624
2019-11-21,2477.0,2499.89990234375,2436.550048828125,2443.449951171875,2169.934326171875,677663,HEROMOTOCO,Consumer Cyclical,Auto Manufacturers,N/A,EQUITY,0.0207,3.4,1.464,187.32,0.02599981623447199
2019-11-22,2449.949951171875,2458.39990234375,2426.0,2441.60009765625,2168.291259765625,471953,HEROMOTOCO,Consumer Cyclical,Auto Manufacturers,N/A,EQUITY,0.0207,3.4,1.464,187.32,0.013355277140869745
2019-11-25,2458.0,2499.0,2427.699951171875,2479.0,2201.50439453125,1144301,HEROMOTOCO,Consumer Cyclical,Auto Manufacturers,N/A,EQUITY,0.0207,3.4,1.464,187.32,0.029369382651141775
2019-11-26,2489.0,2514.75,2471.5,2494.60009765625,2215.35888671875,1342442,HEROMOTOCO,Consumer Cyclical,Auto Manufacturers,N/A,EQUITY,0.0207,3.4,1.464,187.32,0.017499494234270687
2019-11-27,2495.89990234375,2534.0,2491.550048828125,2523.25,2240.8017578125,1008253,HEROMOTOCO,Consumer Cyclical,Auto Manufacturers,N/A,EQUITY,0.0207,3.4,1.464,187.32,0.01703756711282637
2019-11-28,2517.0,2520.0,2460.0,2466.300048828125,2190.2265625,544359,HEROMOTOCO,Consumer Cyclical,Auto Manufacturers,N/A,EQUITY,0.0207,3.4,1.464,187.32,0.024390243902439025
2019-11-29,2476.75,2483.75,2424.0,2433.550048828125,2161.14208984375,757233,HEROMOTOCO,Consumer Cyclical,Auto Manufacturers,N/A,EQUITY,0.0207,3.4,1.464,187.32,0.0246493399339934
2019-12-02,2431.0,2447.0,2400.0,2406.949951171875,2137.519775390625,671750,HEROMOTOCO,Consumer Cyclical,Auto Manufacturers,N/A,EQUITY,0.0207,3.4,1.464,187.32,0.019583333333333335
2019-12-03,2402.0,2434.89990234375,2400.0,2422.39990234375,2151.240478515625,506622,HEROMOTOCO,Consumer Cyclical,Auto Manufacturers,N/A,EQUITY,0.0207,3.4,1.464,187.32,0.0145416259765625
2019-12-04,2420.0,2458.75,2412.0,2439.0,2165.982177734375,457308,HEROMOTOCO,Consumer Cyclical,Auto Manufacturers,N/A,EQUITY,0.0207,3.4,1.464,187.32,0.019382255389718075
2019-12-05,2445.0,2475.0,2391.0,2396.60009765625,2128.328857421875,948025,HEROMOTOCO,Consumer Cyclical,Auto Manufacturers,N/A,EQUITY,0.0207,3.4,1.464,187.32,0.03513174404015056
2019-12-06,2411.0,2416.60009765625,2351.0,2362.199951171875,2097.779296875,750661,HEROMOTOCO,Consumer Cyclical,Auto Manufacturers,N/A,EQUITY,0.0207,3.4,1.464,187.32,0.027903061529668226
2019-12-09,2376.699951171875,2395.0,2359.60009765625,2381.75,2115.14111328125,428294,HEROMOTOCO,Consumer Cyclical,Auto Manufacturers,N/A,EQUITY,0.0207,3.4,1.464,187.32,0.01500250079617818
2019-12-10,2400.0,2406.10009765625,2322.0,2330.0,2069.183349609375,805888,HEROMOTOCO,Consumer Cyclical,Auto Manufacturers,N/A,EQUITY,0.0207,3.4,1.464,187.32,0.03621881897340654
2019-12-11,2337.0,2343.949951171875,2263.0,2296.300048828125,2039.255859375,1264067,HEROMOTOCO,Consumer Cyclical,Auto Manufacturers,N/A,EQUITY,0.0207,3.4,1.464,187.32,0.035771078732600534
2019-12-12,2312.0,2344.39990234375,2307.35009765625,2334.050048828125,2072.78076171875,871422,HEROMOTOCO,Consumer Cyclical,Auto Manufacturers,N/A,EQUITY,0.0207,3.4,1.464,187.32,0.01605729651739209
2019-12-13,2348.0,2359.0,2320.199951171875,2338.14990234375,2076.421630859375,924706,HEROMOTOCO,Consumer Cyclical,Auto Manufacturers,N/A,EQUITY,0.0207,3.4,1.464,187.32,0.016722717716000323
2019-12-16,2340.25,2347.949951171875,2304.14990234375,2308.449951171875,2050.046142578125,593867,HEROMOTOCO,Consumer Cyclical,Auto Manufacturers,N/A,EQUITY,0.0207,3.4,1.464,187.32,0.01900920108694846
2019-12-17,2318.0,2328.25,2297.0,2304.949951171875,2046.9376220703125,810022,HEROMOTOCO,Consumer Cyclical,Auto Manufacturers,N/A,EQUITY,0.0207,3.4,1.464,187.32,0.013604701784936874
2019-12-18,2314.949951171875,2320.0,2290.050048828125,2311.949951171875,2053.154296875,952321,HEROMOTOCO,Consumer Cyclical,Auto Manufacturers,N/A,EQUITY,0.0207,3.4,1.464,187.32,0.013078295466599573
2019-12-19,2311.10009765625,2376.60009765625,2295.75,2363.699951171875,2099.111328125,1767354,HEROMOTOCO,Consumer Cyclical,Auto Manufacturers,N/A,EQUITY,0.0207,3.4,1.464,187.32,0.03521729180278776
2019-12-20,2369.0,2425.0,2365.0,2393.199951171875,2125.30908203125,1615264,HEROMOTOCO,Consumer Cyclical,Auto Manufacturers,N/A,EQUITY,0.0207,3.4,1.464,187.32,0.02536997885835095
2019-12-23,2400.0,2435.35009765625,2381.39990234375,2420.10009765625,2149.1982421875,1192490,HEROMOTOCO,Consumer Cyclical,Auto Manufacturers,N/A,EQUITY,0.0207,3.4,1.464,187.32,0.022654823853567287
2019-12-24,2419.949951171875,2448.550048828125,2419.050048828125,2432.64990234375,2160.34326171875,1173285,HEROMOTOCO,Consumer Cyclical,Auto Manufacturers,N/A,EQUITY,0.0207,3.4,1.464,187.32,0.012194869640787656
2019-12-26,2432.64990234375,2454.949951171875,2425.050048828125,2438.64990234375,2165.67138671875,754276,HEROMOTOCO,Consumer Cyclical,Auto Manufacturers,N/A,EQUITY,0.0207,3.4,1.464,187.32,0.012329602169736147
2019-12-27,2450.0,2458.0,2421.5,2442.449951171875,2169.046142578125,599490,HEROMOTOCO,Consumer Cyclical,Auto Manufacturers,N/A,EQUITY,0.0207,3.4,1.464,187.32,0.015073301672517034
2019-12-30,2446.0,2485.0,2441.0,2479.050048828125,2201.549072265625,699880,HEROMOTOCO,Consumer Cyclical,Auto Manufacturers,N/A,EQUITY,0.0207,3.4,1.464,187.32,0.018025399426464563
2019-12-31,2466.5,2474.0,2433.449951171875,2443.050048828125,2169.579345703125,443409,HEROMOTOCO,Consumer Cyclical,Auto Manufacturers,N/A,EQUITY,0.0207,3.4,1.464,187.32,0.016663605022407525
2020-01-01,2454.89990234375,2462.550048828125,2427.35009765625,2432.550048828125,2160.2548828125,314519,HEROMOTOCO,Consumer Cyclical,Auto Manufacturers,N/A,EQUITY,0.0207,3.4,1.464,187.32,0.014501390304539355
2020-01-02,2447.800048828125,2452.0,2417.050048828125,2429.449951171875,2157.501708984375,546945,HEROMOTOCO,Consumer Cyclical,Auto Manufacturers,N/A,EQUITY,0.0207,3.4,1.464,187.32,0.014459754852333332
2020-01-03,2420.0,2449.0,2415.0,2432.35009765625,2160.0771484375,544720,HEROMOTOCO,Consumer Cyclical,Auto Manufacturers,N/A,EQUITY,0.0207,3.4,1.464,187.32,0.014078674948240166
2020-01-06,2428.949951171875,2428.949951171875,2360.050048828125,2368.14990234375,2103.06298828125,624665,HEROMOTOCO,Consumer Cyclical,Auto Manufacturers,N/A,EQUITY,0.0207,3.4,1.464,187.32,0.029194254748098253
2020-01-07,2378.0,2399.89990234375,2337.0,2348.050048828125,2085.21337890625,620687,HEROMOTOCO,Consumer Cyclical,Auto Manufacturers,N/A,EQUITY,0.0207,3.4,1.464,187.32,0.026914806308836116
2020-01-08,2322.0,2345.050048828125,2310.550048828125,2317.550048828125,2058.127197265625,595883,HEROMOTOCO,Consumer Cyclical,Auto Manufacturers,N/A,EQUITY,0.0207,3.4,1.464,187.32,0.01493150949813784
2020-01-09,2341.0,2365.0,2326.10009765625,2354.550048828125,2090.986083984375,732115,HEROMOTOCO,Consumer Cyclical,Auto Manufacturers,N/A,EQUITY,0.0207,3.4,1.464,187.32,0.016723228025717837
2020-01-10,2357.0,2387.699951171875,2351.0,2363.449951171875,2098.88916015625,578287,HEROMOTOCO,Consumer Cyclical,Auto Manufacturers,N/A,EQUITY,0.0207,3.4,1.464,187.32,0.015610357793226287
2020-01-13,2382.89990234375,2382.89990234375,2352.35009765625,2366.75,2101.820068359375,434063,HEROMOTOCO,Consumer Cyclical,Auto Manufacturers,N/A,EQUITY,0.0207,3.4,1.464,187.32,0.012986929419195771
2020-01-14,2367.0,2418.800048828125,2361.050048828125,2411.39990234375,2141.4716796875,787340,HEROMOTOCO,Consumer Cyclical,Auto Manufacturers,N/A,EQUITY,0.0207,3.4,1.464,187.32,0.024459456091861936
2020-01-15,2419.949951171875,2480.550048828125,2414.0,2476.300048828125,2199.107177734375,1051367,HEROMOTOCO,Consumer Cyclical,Auto Manufacturers,N/A,EQUITY,0.0207,3.4,1.464,187.32,0.027568371511236537
2020-01-16,2474.949951171875,2474.949951171875,2427.0,2434.5,2161.986328125,590255,HEROMOTOCO,Consumer Cyclical,Auto Manufacturers,N/A,EQUITY,0.0207,3.4,1.464,187.32,0.01975688140579934
2020-01-17,2445.0,2474.89990234375,2421.60009765625,2454.0,2179.30322265625,457663,HEROMOTOCO,Consumer Cyclical,Auto Manufacturers,N/A,EQUITY,0.0207,3.4,1.464,187.32,0.022010159620940845
2020-01-20,2454.0,2459.64990234375,2410.10009765625,2415.60009765625,2145.2021484375,320280,HEROMOTOCO,Consumer Cyclical,Auto Manufacturers,N/A,EQUITY,0.0207,3.4,1.464,187.32,0.02055923101936127
2020-01-21,2410.0,2412.64990234375,2375.0,2398.699951171875,2130.193603515625,568473,HEROMOTOCO,Consumer Cyclical,Auto Manufacturers,N/A,EQUITY,0.0207,3.4,1.464,187.32,0.015852590460526315
2020-01-22,2408.699951171875,2410.0,2379.0,2399.050048828125,2130.50439453125,346888,HEROMOTOCO,Consumer Cyclical,Auto Manufacturers,N/A,EQUITY,0.0207,3.4,1.464,187.32,0.013030685161832704
2020-01-23,2397.0,2434.85009765625,2380.0,2429.75,2157.767822265625,315469,HEROMOTOCO,Consumer Cyclical,Auto Manufacturers,N/A,EQUITY,0.0207,3.4,1.464,187.32,0.023046259519432774
2020-01-24,2440.0,2474.800048828125,2427.10009765625,2468.64990234375,2192.3134765625,519690,HEROMOTOCO,Consumer Cyclical,Auto Manufacturers,N/A,EQUITY,0.0207,3.4,1.464,187.32,0.019653063018676843
2020-01-27,2456.0,2498.5,2425.050048828125,2455.75,2180.857421875,897656,HEROMOTOCO,Consumer Cyclical,Auto Manufacturers,N/A,EQUITY,0.0207,3.4,1.464,187.32,0.03028801455350118
2020-01-28,2456.75,2508.949951171875,2440.0,2468.85009765625,2192.490966796875,904634,HEROMOTOCO,Consumer Cyclical,Auto Manufacturers,N/A,EQUITY,0.0207,3.4,1.464,187.32,0.028258176709784835
2020-01-29,2484.0,2510.0,2470.0,2486.35009765625,2208.031982421875,787135,HEROMOTOCO,Consumer Cyclical,Auto Manufacturers,N/A,EQUITY,0.0207,3.4,1.464,187.32,0.016194331983805668
2020-01-30,2486.949951171875,2522.0,2464.0,2482.300048828125,2204.435791015625,797868,HEROMOTOCO,Consumer Cyclical,Auto Manufacturers,N/A,EQUITY,0.0207,3.4,1.464,187.32,0.02353896103896104
2020-01-31,2508.0,2521.89990234375,2492.050048828125,2501.85009765625,2221.797119140625,574957,HEROMOTOCO,Consumer Cyclical,Auto Manufacturers,N/A,EQUITY,0.0207,3.4,1.464,187.32,0.011978031311875841
2020-02-03,2391.0,2469.0,2358.0,2376.14990234375,2110.167724609375,1507692,HEROMOTOCO,Consumer Cyclical,Auto Manufacturers,N/A,EQUITY,0.0207,3.4,1.464,187.32,0.047073791348600506
2020-02-04,2412.0,2484.60009765625,2400.800048828125,2462.050048828125,2186.4521484375,1187298,HEROMOTOCO,Consumer Cyclical,Auto Manufacturers,N/A,EQUITY,0.0207,3.4,1.464,187.32,0.034905051284478836
2020-02-05,2472.0,2478.89990234375,2345.550048828125,2373.25,2107.592041015625,2176980,HEROMOTOCO,Consumer Cyclical,Auto Manufacturers,N/A,EQUITY,0.0207,3.4,1.464,187.32,0.05685227376932279
2020-02-06,2395.0,2427.0,2355.0,2411.300048828125,2141.383056640625,1632634,HEROMOTOCO,Consumer Cyclical,Auto Manufacturers,N/A,EQUITY,0.0207,3.4,1.464,187.32,0.030573248407643312
2020-02-07,2480.0,2496.0,2421.35009765625,2443.449951171875,2169.934326171875,2709754,HEROMOTOCO,Consumer Cyclical,Auto Manufacturers,N/A,EQUITY,0.0207,3.4,1.464,187.32,0.0308298673603654
2020-02-10,2449.5,2457.449951171875,2375.14990234375,2385.699951171875,2118.64892578125,949025,HEROMOTOCO,Consumer Cyclical,Auto Manufacturers,N/A,EQUITY,0.0207,3.4,1.464,187.32,0.03465046511250215
2020-02-11,2415.0,2443.35009765625,2390.0,2396.449951171875,2128.1953125,680119,HEROMOTOCO,Consumer Cyclical,Auto Manufacturers,N/A,EQUITY,0.0207,3.4,1.464,187.32,0.022322216592573222
2020-02-12,2410.0,2430.0,2400.0,2423.050048828125,2151.81787109375,467714,HEROMOTOCO,Consumer Cyclical,Auto Manufacturers,N/A,EQUITY,0.0207,3.4,1.464,187.32,0.0125
2020-02-13,2419.0,2441.300048828125,2401.0,2408.949951171875,2139.295654296875,514501,HEROMOTOCO,Consumer Cyclical,Auto Manufacturers,N/A,EQUITY,0.0207,3.4,1.464,187.32,0.016784693389473138
2020-02-14,2424.0,2437.800048828125,2351.10009765625,2356.5,2092.71728515625,798770,HEROMOTOCO,Consumer Cyclical,Auto Manufacturers,N/A,EQUITY,0.0207,3.4,1.464,187.32,0.03687633344845841
2020-02-17,2335.0,2335.0,2269.550048828125,2283.35009765625,2085.2744140625,818134,HEROMOTOCO,Consumer Cyclical,Auto Manufacturers,N/A,EQUITY,0.0207,3.4,1.464,187.32,0.02883829383082778
2020-02-18,2283.199951171875,2283.199951171875,2225.0,2252.64990234375,2057.237548828125,839607,HEROMOTOCO,Consumer Cyclical,Auto Manufacturers,N/A,EQUITY,0.0207,3.4,1.464,187.32,0.0261572814255618
2020-02-19,2274.0,2278.0,2227.050048828125,2251.60009765625,2056.27880859375,729471,HEROMOTOCO,Consumer Cyclical,Auto Manufacturers,N/A,EQUITY,0.0207,3.4,1.464,187.32,0.022877775557260106
2020-02-20,2267.0,2276.0,2235.449951171875,2240.25,2045.9129638671875,886179,HEROMOTOCO,Consumer Cyclical,Auto Manufacturers,N/A,EQUITY,0.0207,3.4,1.464,187.32,0.018139546719383146
2020-02-24,2220.0,2220.0,2175.0,2184.199951171875,1994.72509765625,808263,HEROMOTOCO,Consumer Cyclical,Auto Manufacturers,N/A,EQUITY,0.0207,3.4,1.464,187.32,0.020689655172413793
2020-02-25,2190.199951171875,2214.0,2164.050048828125,2184.14990234375,1994.6796875,861921,HEROMOTOCO,Consumer Cyclical,Auto Manufacturers,N/A,EQUITY,0.0207,3.4,1.464,187.32,0.02308169868757142
2020-02-26,2180.0,2195.0,2136.0,2142.550048828125,1956.6885986328125,972076,HEROMOTOCO,Consumer Cyclical,Auto Manufacturers,N/A,EQUITY,0.0207,3.4,1.464,187.32,0.02762172284644195
2020-02-27,2147.89990234375,2158.64990234375,2101.0,2110.25,1927.1903076171875,1093297,HEROMOTOCO,Consumer Cyclical,Auto Manufacturers,N/A,EQUITY,0.0207,3.4,1.464,187.32,0.027439268131247026
2020-02-28,2080.0,2110.0,2033.949951171875,2051.75,1873.7650146484375,1879071,HEROMOTOCO,Consumer Cyclical,Auto Manufacturers,N/A,EQUITY,0.0207,3.4,1.464,187.32,0.03739032456738093
2020-03-02,2100.0,2110.0,1961.0,1975.449951171875,1804.0841064453125,1207967,HEROMOTOCO,Consumer Cyclical,Auto Manufacturers,N/A,EQUITY,0.0207,3.4,1.464,187.32,0.07598164201937786
2020-03-03,1976.0,2063.85009765625,1976.0,2054.85009765625,1876.596435546875,1689926,HEROMOTOCO,Consumer Cyclical,Auto Manufacturers,N/A,EQUITY,0.0207,3.4,1.464,187.32,0.044458551445470645
2020-03-04,2070.0,2073.35009765625,2000.5,2046.3499755859375,1868.8333740234375,976550,HEROMOTOCO,Consumer Cyclical,Auto Manufacturers,N/A,EQUITY,0.0207,3.4,1.464,187.32,0.03641594484191452
2020-03-05,2061.699951171875,2093.10009765625,2052.300048828125,2063.89990234375,1884.8609619140625,899516,HEROMOTOCO,Consumer Cyclical,Auto Manufacturers,N/A,EQUITY,0.0207,3.4,1.464,187.32,0.019880157802180075
2020-03-06,1971.0,2053.449951171875,1971.0,2038.300048828125,1861.4820556640625,606826,HEROMOTOCO,Consumer Cyclical,Auto Manufacturers,N/A,EQUITY,0.0207,3.4,1.464,187.32,0.041831532811707255
2020-03-09,1995.0,2011.5,1915.300048828125,1956.050048828125,1786.366943359375,844134,HEROMOTOCO,Consumer Cyclical,Auto Manufacturers,N/A,EQUITY,0.0207,3.4,1.464,187.32,0.05022709169288377
2020-03-11,1968.0,2049.800048828125,1948.9000244140625,2036.050048828125,1859.4271240234375,1848085,HEROMOTOCO,Consumer Cyclical,Auto Manufacturers,N/A,EQUITY,0.0207,3.4,1.464,187.32,0.05177280678848477
2020-03-12,1956.0,1978.949951171875,1793.75,1907.199951171875,1741.754638671875,2248848,HEROMOTOCO,Consumer Cyclical,Auto Manufacturers,N/A,EQUITY,0.0207,3.4,1.464,187.32,0.10324735953832753
2020-03-13,1761.0,1943.0,1535.0,1883.949951171875,1720.521240234375,1184611,HEROMOTOCO,Consumer Cyclical,Auto Manufacturers,N/A,EQUITY,0.0207,3.4,1.464,187.32,0.26579804560260584
2020-03-16,1818.0,1845.0,1775.300048828125,1783.5,1628.785400390625,883109,HEROMOTOCO,Consumer Cyclical,Auto Manufacturers,N/A,EQUITY,0.0207,3.4,1.464,187.32,0.0392609413929121
2020-03-17,1783.0,1903.5999755859375,1756.3499755859375,1841.1500244140625,1681.434326171875,1236906,HEROMOTOCO,Consumer Cyclical,Auto Manufacturers,N/A,EQUITY,0.0207,3.4,1.464,187.32,0.08383864380496023
2020-03-18,1841.0,1860.0,1666.0,1681.1500244140625,1535.3138427734375,1118487,HEROMOTOCO,Consumer Cyclical,Auto Manufacturers,N/A,EQUITY,0.0207,3.4,1.464,187.32,0.11644657863145258
2020-03-19,1648.0,1789.0,1561.949951171875,1712.449951171875,1563.8988037109375,1276786,HEROMOTOCO,Consumer Cyclical,Auto Manufacturers,N/A,EQUITY,0.0207,3.4,1.464,187.32,0.1453632036402815
2020-03-20,1725.0,1845.699951171875,1675.0,1815.699951171875,1658.1920166015625,1244977,HEROMOTOCO,Consumer Cyclical,Auto Manufacturers,N/A,EQUITY,0.0207,3.4,1.464,187.32,0.10191041861007463
2020-03-23,1634.1500244140625,1673.1500244140625,1520.0,1616.0,1475.8155517578125,750837,HEROMOTOCO,Consumer Cyclical,Auto Manufacturers,N/A,EQUITY,0.0207,3.4,1.464,187.32,0.10075659500925165
2020-03-24,1650.0,1754.0999755859375,1475.0,1627.050048828125,1485.906982421875,1488860,HEROMOTOCO,Consumer Cyclical,Auto Manufacturers,N/A,EQUITY,0.0207,3.4,1.464,187.32,0.18922032243114406
2020-03-25,1560.0,1683.5,1525.300048828125,1667.6500244140625,1522.98486328125,1027510,HEROMOTOCO,Consumer Cyclical,Auto Manufacturers,N/A,EQUITY,0.0207,3.4,1.464,187.32,0.10371726618209884
2020-03-26,1689.9000244140625,1827.949951171875,1645.5999755859375,1801.9000244140625,1645.5892333984375,1448305,HEROMOTOCO,Consumer Cyclical,Auto Manufacturers,N/A,EQUITY,0.0207,3.4,1.464,187.32,0.11081063338069715
2020-03-27,1815.0,1830.3499755859375,1640.5999755859375,1661.199951171875,1517.094482421875,1514916,HEROMOTOCO,Consumer Cyclical,Auto Manufacturers,N/A,EQUITY,0.0207,3.4,1.464,187.32,0.11565890699969754
2020-03-30,1635.0,1640.0,1542.300048828125,1553.5,1418.7373046875,1250949,HEROMOTOCO,Consumer Cyclical,Auto Manufacturers,N/A,EQUITY,0.0207,3.4,1.464,187.32,0.06334691569653367
2020-03-31,1593.0,1633.75,1565.0,1596.449951171875,1457.96142578125,1456425,HEROMOTOCO,Consumer Cyclical,Auto Manufacturers,N/A,EQUITY,0.0207,3.4,1.464,187.32,0.0439297124600639
2020-04-01,1590.0999755859375,1647.3499755859375,1565.0,1639.6500244140625,1497.4139404296875,1641556,HEROMOTOCO,Consumer Cyclical,Auto Manufacturers,N/A,EQUITY,0.0207,3.4,1.464,187.32,0.052619792706669326
2020-04-03,1610.050048828125,1623.0,1543.1500244140625,1582.050048828125,1444.8106689453125,1592821,HEROMOTOCO,Consumer Cyclical,Auto Manufacturers,N/A,EQUITY,0.0207,3.4,1.464,187.32,0.05174479105896182
2020-04-07,1630.0,1789.0,1623.6500244140625,1769.199951171875,1615.725830078125,1374508,HEROMOTOCO,Consumer Cyclical,Auto Manufacturers,N/A,EQUITY,0.0207,3.4,1.464,187.32,0.10183843383712475
2020-04-08,1702.0,1883.800048828125,1700.0,1821.6500244140625,1663.6258544921875,1376705,HEROMOTOCO,Consumer Cyclical,Auto Manufacturers,N/A,EQUITY,0.0207,3.4,1.464,187.32,0.10811767578125
2020-04-09,1879.1500244140625,2013.4000244140625,1853.0,1990.9000244140625,1818.193603515625,2416795,HEROMOTOCO,Consumer Cyclical,Auto Manufacturers,N/A,EQUITY,0.0207,3.4,1.464,187.32,0.08656234452998515
2020-04-13,1952.0,2023.5,1888.050048828125,1919.050048828125,1752.57666015625,1560999,HEROMOTOCO,Consumer Cyclical,Auto Manufacturers,N/A,EQUITY,0.0207,3.4,1.464,187.32,0.07174065711655582
2020-04-15,1940.0,1974.0,1811.699951171875,1824.0999755859375,1665.86328125,1537624,HEROMOTOCO,Consumer Cyclical,Auto Manufacturers,N/A,EQUITY,0.0207,3.4,1.464,187.32,0.08958439763888236
2020-04-16,1800.0,1807.449951171875,1752.550048828125,1782.6500244140625,1628.009033203125,1453445,HEROMOTOCO,Consumer Cyclical,Auto Manufacturers,N/A,EQUITY,0.0207,3.4,1.464,187.32,0.03132572583616647
2020-04-17,1839.949951171875,1875.0,1812.0,1835.9000244140625,1676.6397705078125,1327762,HEROMOTOCO,Consumer Cyclical,Auto Manufacturers,N/A,EQUITY,0.0207,3.4,1.464,187.32,0.0347682119205298
2020-04-20,1874.949951171875,1879.949951171875,1787.050048828125,1805.8499755859375,1649.196533203125,2291195,HEROMOTOCO,Consumer Cyclical,Auto Manufacturers,N/A,EQUITY,0.0207,3.4,1.464,187.32,0.05198505906685154
2020-04-21,1785.0999755859375,1838.9000244140625,1758.0,1827.550048828125,1669.01416015625,1650618,HEROMOTOCO,Consumer Cyclical,Auto Manufacturers,N/A,EQUITY,0.0207,3.4,1.464,187.32,0.04601821639025171
2020-04-22,1800.0,1905.0,1796.9000244140625,1887.6500244140625,1723.9005126953125,2737381,HEROMOTOCO,Consumer Cyclical,Auto Manufacturers,N/A,EQUITY,0.0207,3.4,1.464,187.32,0.060159148598813675
2020-04-23,1900.0,1923.449951171875,1855.0,1865.0,1703.21533203125,1882834,HEROMOTOCO,Consumer Cyclical,Auto Manufacturers,N/A,EQUITY,0.0207,3.4,1.464,187.32,0.03690024321933962
2020-04-24,1842.5,1939.4000244140625,1840.0,1894.800048828125,1730.43017578125,1711725,HEROMOTOCO,Consumer Cyclical,Auto Manufacturers,N/A,EQUITY,0.0207,3.4,1.464,187.32,0.054021752398947014
2020-04-27,1909.0,1949.0,1897.449951171875,1935.199951171875,1767.32568359375,1322269,HEROMOTOCO,Consumer Cyclical,Auto Manufacturers,N/A,EQUITY,0.0207,3.4,1.464,187.32,0.02716806775129295
2020-04-28,1950.300048828125,1972.800048828125,1915.5999755859375,1943.0999755859375,1774.540283203125,1056981,HEROMOTOCO,Consumer Cyclical,Auto Manufacturers,N/A,EQUITY,0.0207,3.4,1.464,187.32,0.029860134668612807
2020-04-29,1966.25,2018.5,1941.0,1970.25,1799.335205078125,1836009,HEROMOTOCO,Consumer Cyclical,Auto Manufacturers,N/A,EQUITY,0.0207,3.4,1.464,187.32,0.03992787223080886
2020-04-30,2017.0999755859375,2198.10009765625,1975.0,2166.699951171875,1978.743408203125,2785165,HEROMOTOCO,Consumer Cyclical,Auto Manufacturers,N/A,EQUITY,0.0207,3.4,1.464,187.32,0.11296207476265822
2020-05-04,2051.0,2074.949951171875,1985.0,2000.699951171875,1827.1434326171875,1328847,HEROMOTOCO,Consumer Cyclical,Auto Manufacturers,N/A,EQUITY,0.0207,3.4,1.464,187.32,0.04531483686240554
2020-05-05,2034.0,2051.0,1945.1500244140625,1965.3499755859375,1794.8599853515625,1318956,HEROMOTOCO,Consumer Cyclical,Auto Manufacturers,N/A,EQUITY,0.0207,3.4,1.464,187.32,0.05441738388164825
2020-05-06,1981.0,2058.89990234375,1933.25,2026.75,1850.9339599609375,1881161,HEROMOTOCO,Consumer Cyclical,Auto Manufacturers,N/A,EQUITY,0.0207,3.4,1.464,187.32,0.0649941302696237
2020-05-07,2000.0,2051.39990234375,1983.4000244140625,2000.300048828125,1826.778564453125,1112730,HEROMOTOCO,Consumer Cyclical,Auto Manufacturers,N/A,EQUITY,0.0207,3.4,1.464,187.32,0.03428449989546414
2020-05-08,2040.0,2040.0,1955.0,1962.5999755859375,1792.3487548828125,1139464,HEROMOTOCO,Consumer Cyclical,Auto Manufacturers,N/A,EQUITY,0.0207,3.4,1.464,187.32,0.043478260869565216
2020-05-11,2015.0,2134.800048828125,1990.0,2088.64990234375,1907.4639892578125,4445410,HEROMOTOCO,Consumer Cyclical,Auto Manufacturers,N/A,EQUITY,0.0207,3.4,1.464,187.32,0.07276384363222362
2020-05-12,2093.0,2134.0,2020.0,2114.300048828125,1930.88916015625,2919966,HEROMOTOCO,Consumer Cyclical,Auto Manufacturers,N/A,EQUITY,0.0207,3.4,1.464,187.32,0.05643564356435644
2020-05-13,2199.85009765625,2265.0,2148.0,2187.60009765625,1997.8310546875,3253820,HEROMOTOCO,Consumer Cyclical,Auto Manufacturers,N/A,EQUITY,0.0207,3.4,1.464,187.32,0.05446927374301676
2020-05-14,2135.949951171875,2255.0,2118.699951171875,2241.35009765625,2046.9178466796875,2570474,HEROMOTOCO,Consumer Cyclical,Auto Manufacturers,N/A,EQUITY,0.0207,3.4,1.464,187.32,0.06433192616667406
2020-05-15,2249.0,2249.0,2170.0,2193.550048828125,2003.2640380859375,2080650,HEROMOTOCO,Consumer Cyclical,Auto Manufacturers,N/A,EQUITY,0.0207,3.4,1.464,187.32,0.03640552995391705
2020-05-18,2197.0,2218.5,2060.14990234375,2070.550048828125,1890.9344482421875,1803530,HEROMOTOCO,Consumer Cyclical,Auto Manufacturers,N/A,EQUITY,0.0207,3.4,1.464,187.32,0.07686338624005051
2020-05-19,2119.0,2127.949951171875,2062.800048828125,2073.5,1893.62841796875,1389745,HEROMOTOCO,Consumer Cyclical,Auto Manufacturers,N/A,EQUITY,0.0207,3.4,1.464,187.32,0.031583236766336904
2020-05-20,2059.0,2067.800048828125,1991.3499755859375,2023.5999755859375,1848.05712890625,2782627,HEROMOTOCO,Consumer Cyclical,Auto Manufacturers,N/A,EQUITY,0.0207,3.4,1.464,187.32,0.0383910785042658
2020-05-21,2043.0,2130.0,2020.0,2119.5,1935.637939453125,2636698,HEROMOTOCO,Consumer Cyclical,Auto Manufacturers,N/A,EQUITY,0.0207,3.4,1.464,187.32,0.054455445544554455
2020-05-22,2119.0,2159.89990234375,2083.85009765625,2150.60009765625,1964.040283203125,2241339,HEROMOTOCO,Consumer Cyclical,Auto Manufacturers,N/A,EQUITY,0.0207,3.4,1.464,187.32,0.03649485381555747
2020-05-26,2158.0,2169.89990234375,2101.0,2113.64990234375,1930.29541015625,1513568,HEROMOTOCO,Consumer Cyclical,Auto Manufacturers,N/A,EQUITY,0.0207,3.4,1.464,187.32,0.03279386118217516
2020-05-27,2125.0,2187.0,2115.25,2175.64990234375,1986.9166259765625,1403554,HEROMOTOCO,Consumer Cyclical,Auto Manufacturers,N/A,EQUITY,0.0207,3.4,1.464,187.32,0.033920340385297246
2020-05-28,2197.60009765625,2335.0,2166.14990234375,2298.10009765625,2098.7451171875,3727629,HEROMOTOCO,Consumer Cyclical,Auto Manufacturers,N/A,EQUITY,0.0207,3.4,1.464,187.32,0.07794940575144688
2020-05-29,2275.0,2391.89990234375,2250.0,2360.85009765625,2156.0517578125,3368722,HEROMOTOCO,Consumer Cyclical,Auto Manufacturers,N/A,EQUITY,0.0207,3.4,1.464,187.32,0.06306662326388889
2020-06-01,2360.75,2399.0,2312.35009765625,2326.300048828125,2124.498779296875,2028590,HEROMOTOCO,Consumer Cyclical,Auto Manufacturers,N/A,EQUITY,0.0207,3.4,1.464,187.32,0.037472657116920376
2020-06-02,2359.89990234375,2391.550048828125,2281.89990234375,2318.25,2117.14697265625,2408304,HEROMOTOCO,Consumer Cyclical,Auto Manufacturers,N/A,EQUITY,0.0207,3.4,1.464,187.32,0.0480521281287373
2020-06-03,2348.800048828125,2371.0,2290.800048828125,2300.199951171875,2100.662841796875,1562885,HEROMOTOCO,Consumer Cyclical,Auto Manufacturers,N/A,EQUITY,0.0207,3.4,1.464,187.32,0.0350095815708149
2020-06-04,2280.0,2341.64990234375,2263.050048828125,2329.25,2127.192626953125,1532156,HEROMOTOCO,Consumer Cyclical,Auto Manufacturers,N/A,EQUITY,0.0207,3.4,1.464,187.32,0.03473182290260277
2020-06-05,2343.89990234375,2363.949951171875,2308.0,2340.64990234375,2137.60400390625,1138282,HEROMOTOCO,Consumer Cyclical,Auto Manufacturers,N/A,EQUITY,0.0207,3.4,1.464,187.32,0.024241746608264732
2020-06-08,2359.0,2439.800048828125,2355.0,2384.300048828125,2177.46728515625,2354805,HEROMOTOCO,Consumer Cyclical,Auto Manufacturers,N/A,EQUITY,0.0207,3.4,1.464,187.32,0.03600851330281316
2020-06-09,2385.0,2429.5,2370.0,2387.300048828125,2180.20703125,1980625,HEROMOTOCO,Consumer Cyclical,Auto Manufacturers,N/A,EQUITY,0.0207,3.4,1.464,187.32,0.02510548523206751
2020-06-10,2387.0,2393.14990234375,2282.199951171875,2292.25,2093.402099609375,3106338,HEROMOTOCO,Consumer Cyclical,Auto Manufacturers,N/A,EQUITY,0.0207,3.4,1.464,187.32,0.048615350778052506
2020-06-11,2316.0,2345.0,2300.0,2309.949951171875,2109.566650390625,2056461,HEROMOTOCO,Consumer Cyclical,Auto Manufacturers,N/A,EQUITY,0.0207,3.4,1.464,187.32,0.01956521739130435
2020-06-12,2242.0,2415.0,2230.699951171875,2401.85009765625,2193.494873046875,3296719,HEROMOTOCO,Consumer Cyclical,Auto Manufacturers,N/A,EQUITY,0.0207,3.4,1.464,187.32,0.08261982913986476
2020-06-15,2394.949951171875,2394.949951171875,2316.0,2348.14990234375,2144.452880859375,1416097,HEROMOTOCO,Consumer Cyclical,Auto Manufacturers,N/A,EQUITY,0.0207,3.4,1.464,187.32,0.03408892537645725
2020-06-16,2380.0,2435.699951171875,2360.0,2395.949951171875,2188.1064453125,2145404,HEROMOTOCO,Consumer Cyclical,Auto Manufacturers,N/A,EQUITY,0.0207,3.4,1.464,187.32,0.032076250496557206
2020-06-17,2377.25,2390.0,2341.0,2363.300048828125,2158.2890625,1731506,HEROMOTOCO,Consumer Cyclical,Auto Manufacturers,N/A,EQUITY,0.0207,3.4,1.464,187.32,0.02093122597180692
2020-06-18,2360.25,2380.0,2342.199951171875,2364.949951171875,2159.795654296875,1087739,HEROMOTOCO,Consumer Cyclical,Auto Manufacturers,N/A,EQUITY,0.0207,3.4,1.464,187.32,0.01613869422600426
2020-06-19,2375.0,2382.800048828125,2332.25,2355.85009765625,2151.4853515625,3602756,HEROMOTOCO,Consumer Cyclical,Auto Manufacturers,N/A,EQUITY,0.0207,3.4,1.464,187.32,0.02167436974086183
2020-06-22,2371.14990234375,2447.10009765625,2361.0,2412.60009765625,2203.312255859375,3042752,HEROMOTOCO,Consumer Cyclical,Auto Manufacturers,N/A,EQUITY,0.0207,3.4,1.464,187.32,0.03646763983746294
2020-06-23,2444.949951171875,2444.949951171875,2405.60009765625,2418.85009765625,2209.02001953125,996657,HEROMOTOCO,Consumer Cyclical,Auto Manufacturers,N/A,EQUITY,0.0207,3.4,1.464,187.32,0.01635760389017407
2020-06-24,2450.0,2545.0,2439.75,2493.800048828125,2277.46875,3354520,HEROMOTOCO,Consumer Cyclical,Auto Manufacturers,N/A,EQUITY,0.0207,3.4,1.464,187.32,0.04313966594938006
2020-06-25,2472.949951171875,2585.0,2454.14990234375,2559.699951171875,2337.651611328125,3281309,HEROMOTOCO,Consumer Cyclical,Auto Manufacturers,N/A,EQUITY,0.0207,3.4,1.464,187.32,0.053317891271142885
2020-06-26,2580.0,2590.64990234375,2530.800048828125,2540.449951171875,2320.071533203125,1351753,HEROMOTOCO,Consumer Cyclical,Auto Manufacturers,N/A,EQUITY,0.0207,3.4,1.464,187.32,0.023648590311723044
2020-06-29,2530.0,2530.0,2468.0,2504.050048828125,2286.828857421875,1131627,HEROMOTOCO,Consumer Cyclical,Auto Manufacturers,N/A,EQUITY,0.0207,3.4,1.464,187.32,0.025121555915721232
2020-06-30,2549.0,2568.35009765625,2512.0,2546.949951171875,2326.0078125,1441648,HEROMOTOCO,Consumer Cyclical,Auto Manufacturers,N/A,EQUITY,0.0207,3.4,1.464,187.32,0.02243236371666003
2020-07-01,2556.0,2575.050048828125,2530.0,2547.449951171875,2326.46435546875,1336764,HEROMOTOCO,Consumer Cyclical,Auto Manufacturers,N/A,EQUITY,0.0207,3.4,1.464,187.32,0.017806343410326088
2020-07-02,2550.0,2685.0,2550.0,2671.39990234375,2439.661376953125,3353340,HEROMOTOCO,Consumer Cyclical,Auto Manufacturers,N/A,EQUITY,0.0207,3.4,1.464,187.32,0.052941176470588235
2020-07-03,2680.0,2750.0,2677.60009765625,2738.25,2500.712890625,2637811,HEROMOTOCO,Consumer Cyclical,Auto Manufacturers,N/A,EQUITY,0.0207,3.4,1.464,187.32,0.02703910207021687
2020-07-06,2750.300048828125,2779.050048828125,2715.0,2770.949951171875,2530.576171875,1716058,HEROMOTOCO,Consumer Cyclical,Auto Manufacturers,N/A,EQUITY,0.0207,3.4,1.464,187.32,0.0235911782055709
2020-07-07,2762.0,2788.5,2727.60009765625,2749.300048828125,2510.80419921875,1223502,HEROMOTOCO,Consumer Cyclical,Auto Manufacturers,N/A,EQUITY,0.0207,3.4,1.464,187.32,0.022327284119134462
2020-07-08,2760.0,2777.949951171875,2710.0,2719.199951171875,2483.31494140625,974918,HEROMOTOCO,Consumer Cyclical,Auto Manufacturers,N/A,EQUITY,0.0207,3.4,1.464,187.32,0.02507378272024908
2020-07-09,2725.0,2727.699951171875,2666.550048828125,2691.449951171875,2457.972900390625,1383528,HEROMOTOCO,Consumer Cyclical,Auto Manufacturers,N/A,EQUITY,0.0207,3.4,1.464,187.32,0.022932216243465482
2020-07-10,2690.0,2734.5,2671.60009765625,2681.25,2448.657470703125,1205528,HEROMOTOCO,Consumer Cyclical,Auto Manufacturers,N/A,EQUITY,0.0207,3.4,1.464,187.32,0.02354390629006603
2020-07-13,2701.949951171875,2714.35009765625,2670.35009765625,2689.699951171875,2456.374267578125,713590,HEROMOTOCO,Consumer Cyclical,Auto Manufacturers,N/A,EQUITY,0.0207,3.4,1.464,187.32,0.016477240208547385
2020-07-14,2672.0,2681.64990234375,2604.0,2611.85009765625,2385.27783203125,921721,HEROMOTOCO,Consumer Cyclical,Auto Manufacturers,N/A,EQUITY,0.0207,3.4,1.464,187.32,0.029819470946140552
2020-07-15,2606.14990234375,2680.0,2606.14990234375,2648.050048828125,2418.33740234375,1188285,HEROMOTOCO,Consumer Cyclical,Auto Manufacturers,N/A,EQUITY,0.0207,3.4,1.464,187.32,0.02833685721217935
2020-07-16,2650.0,2725.0,2613.050048828125,2714.800048828125,2479.297119140625,1607439,HEROMOTOCO,Consumer Cyclical,Auto Manufacturers,N/A,EQUITY,0.0207,3.4,1.464,187.32,0.042842635647978196
2020-07-17,2715.300048828125,2775.0,2703.0,2764.050048828125,2524.274658203125,969122,HEROMOTOCO,Consumer Cyclical,Auto Manufacturers,N/A,EQUITY,0.0207,3.4,1.464,187.32,0.026637069922308545
2020-07-20,2764.050048828125,2873.449951171875,2742.199951171875,2860.14990234375,2612.038330078125,1674943,HEROMOTOCO,Consumer Cyclical,Auto Manufacturers,N/A,EQUITY,0.0207,3.4,1.464,187.32,0.04786303053645323
2020-07-21,2860.199951171875,2885.699951171875,2847.0,2869.14990234375,2620.25732421875,1289304,HEROMOTOCO,Consumer Cyclical,Auto Manufacturers,N/A,EQUITY,0.0207,3.4,1.464,187.32,0.013593238908280646
2020-07-22,2860.0,2860.0,2753.050048828125,2768.0,2527.882080078125,1349352,HEROMOTOCO,Consumer Cyclical,Auto Manufacturers,N/A,EQUITY,0.0207,3.4,1.464,187.32,0.03884780489820727
2020-07-23,2775.0,2792.949951171875,2745.35009765625,2771.199951171875,2530.804443359375,1117663,HEROMOTOCO,Consumer Cyclical,Auto Manufacturers,N/A,EQUITY,0.0207,3.4,1.464,187.32,0.017338354607764513
2020-07-24,2753.0,2795.0,2728.10009765625,2740.699951171875,2502.9501953125,701462,HEROMOTOCO,Consumer Cyclical,Auto Manufacturers,N/A,EQUITY,0.0207,3.4,1.464,187.32,0.02452252481542912
2020-07-27,2759.0,2759.0,2688.39990234375,2743.60009765625,2505.5986328125,662841,HEROMOTOCO,Consumer Cyclical,Auto Manufacturers,N/A,EQUITY,0.0207,3.4,1.464,187.32,0.026261010348460716
2020-07-28,2752.60009765625,2850.0,2745.050048828125,2841.25,2594.777587890625,1836163,HEROMOTOCO,Consumer Cyclical,Auto Manufacturers,N/A,EQUITY,0.0207,3.4,1.464,187.32,0.03823243631447763
2020-07-29,2859.25,2880.449951171875,2768.39990234375,2780.0,2538.8408203125,1092469,HEROMOTOCO,Consumer Cyclical,Auto Manufacturers,N/A,EQUITY,0.0207,3.4,1.464,187.32,0.04047466145814502
2020-07-30,2773.0,2789.949951171875,2688.0,2703.949951171875,2491.79638671875,1497969,HEROMOTOCO,Consumer Cyclical,Auto Manufacturers,N/A,EQUITY,0.0207,3.4,1.464,187.32,0.037927809215727304
2020-07-31,2705.0,2709.699951171875,2646.449951171875,2676.5,2466.500244140625,1260570,HEROMOTOCO,Consumer Cyclical,Auto Manufacturers,N/A,EQUITY,0.0207,3.4,1.464,187.32,0.023899941871937634
2020-08-03,2700.0,2769.800048828125,2620.75,2631.300048828125,2424.8466796875,2281990,HEROMOTOCO,Consumer Cyclical,Auto Manufacturers,N/A,EQUITY,0.0207,3.4,1.464,187.32,0.05687305116021177
2020-08-04,2663.75,2732.800048828125,2640.050048828125,2706.10009765625,2493.77783203125,2033677,HEROMOTOCO,Consumer Cyclical,Auto Manufacturers,N/A,EQUITY,0.0207,3.4,1.464,187.32,0.03513190973071522
2020-08-05,2719.199951171875,2740.0,2672.0,2695.75,2484.23974609375,997234,HEROMOTOCO,Consumer Cyclical,Auto Manufacturers,N/A,EQUITY,0.0207,3.4,1.464,187.32,0.025449101796407185
2020-08-06,2717.0,2733.0,2675.0,2704.449951171875,2492.25732421875,859485,HEROMOTOCO,Consumer Cyclical,Auto Manufacturers,N/A,EQUITY,0.0207,3.4,1.464,187.32,0.021682242990654205
2020-08-07,2710.0,2720.0,2670.10009765625,2706.199951171875,2493.86962890625,854109,HEROMOTOCO,Consumer Cyclical,Auto Manufacturers,N/A,EQUITY,0.0207,3.4,1.464,187.32,0.01868840137774271
2020-08-10,2718.0,2718.0,2674.14990234375,2702.14990234375,2490.13720703125,684596,HEROMOTOCO,Consumer Cyclical,Auto Manufacturers,N/A,EQUITY,0.0207,3.4,1.464,187.32,0.01639777097679443
2020-08-11,2725.0,2775.0,2704.0,2712.85009765625,2499.998291015625,1617202,HEROMOTOCO,Consumer Cyclical,Auto Manufacturers,N/A,EQUITY,0.0207,3.4,1.464,187.32,0.02625739644970414
2020-08-12,2721.0,2796.0,2705.300048828125,2774.0,2556.350341796875,1798834,HEROMOTOCO,Consumer Cyclical,Auto Manufacturers,N/A,EQUITY,0.0207,3.4,1.464,187.32,0.03352676210949842
2020-08-13,2790.0,2820.0,2746.300048828125,2809.64990234375,2589.203125,1299029,HEROMOTOCO,Consumer Cyclical,Auto Manufacturers,N/A,EQUITY,0.0207,3.4,1.464,187.32,0.026836088505086522
2020-08-14,2800.5,2843.5,2756.050048828125,2803.800048828125,2583.81201171875,2158769,HEROMOTOCO,Consumer Cyclical,Auto Manufacturers,N/A,EQUITY,0.0207,3.4,1.464,187.32,0.03173017529527768
2020-08-17,2812.800048828125,2934.10009765625,2810.0,2927.199951171875,2697.5302734375,2723654,HEROMOTOCO,Consumer Cyclical,Auto Manufacturers,N/A,EQUITY,0.0207,3.4,1.464,187.32,0.044163735820729536
2020-08-18,2927.0,2964.0,2905.300048828125,2924.14990234375,2694.71923828125,1530968,HEROMOTOCO,Consumer Cyclical,Auto Manufacturers,N/A,EQUITY,0.0207,3.4,1.464,187.32,0.02020443678288997
2020-08-19,2945.949951171875,2998.800048828125,2921.449951171875,2933.050048828125,2702.9208984375,2016727,HEROMOTOCO,Consumer Cyclical,Auto Manufacturers,N/A,EQUITY,0.0207,3.4,1.464,187.32,0.026476612281248466
2020-08-20,2912.0,2964.89990234375,2892.64990234375,2956.050048828125,2724.116455078125,1185217,HEROMOTOCO,Consumer Cyclical,Auto Manufacturers,N/A,EQUITY,0.0207,3.4,1.464,187.32,0.024977097968703343
2020-08-21,2978.699951171875,3049.75,2957.050048828125,3033.449951171875,2795.44384765625,2012976,HEROMOTOCO,Consumer Cyclical,Auto Manufacturers,N/A,EQUITY,0.0207,3.4,1.464,187.32,0.03134879343980392
2020-08-24,3037.0,3075.5,3001.050048828125,3015.050048828125,2778.4873046875,1706107,HEROMOTOCO,Consumer Cyclical,Auto Manufacturers,N/A,EQUITY,0.0207,3.4,1.464,187.32,0.02480796719833008
2020-08-25,3044.0,3052.949951171875,2957.85009765625,2969.75,2736.741455078125,1323587,HEROMOTOCO,Consumer Cyclical,Auto Manufacturers,N/A,EQUITY,0.0207,3.4,1.464,187.32,0.03215168124678817
2020-08-26,3110.0,3181.35009765625,3070.0,3160.75,2912.755615234375,4651022,HEROMOTOCO,Consumer Cyclical,Auto Manufacturers,N/A,EQUITY,0.0207,3.4,1.464,187.32,0.03627039011604234
2020-08-27,3159.0,3170.0,3107.5,3141.75,2895.24658203125,1431518,HEROMOTOCO,Consumer Cyclical,Auto Manufacturers,N/A,EQUITY,0.0207,3.4,1.464,187.32,0.02011263073209976
2020-08-28,3119.050048828125,3164.0,3050.64990234375,3059.300048828125,2819.265625,1838010,HEROMOTOCO,Consumer Cyclical,Auto Manufacturers,N/A,EQUITY,0.0207,3.4,1.464,187.32,0.03715604913207691
2020-08-31,3070.0,3088.89990234375,2966.10009765625,3006.050048828125,2770.193359375,1808588,HEROMOTOCO,Consumer Cyclical,Auto Manufacturers,N/A,EQUITY,0.0207,3.4,1.464,187.32,0.041401099303605374
2020-09-01,3030.050048828125,3074.300048828125,2975.5,2995.60009765625,2760.5634765625,1357833,HEROMOTOCO,Consumer Cyclical,Auto Manufacturers,N/A,EQUITY,0.0207,3.4,1.464,187.32,0.033204519854856326
2020-09-02,3034.949951171875,3039.800048828125,2876.14990234375,2943.550048828125,2712.59716796875,2809547,HEROMOTOCO,Consumer Cyclical,Auto Manufacturers,N/A,EQUITY,0.0207,3.4,1.464,187.32,0.05689903240127293
2020-09-03,2975.0,3006.14990234375,2930.949951171875,2941.39990234375,2710.6162109375,1512714,HEROMOTOCO,Consumer Cyclical,Auto Manufacturers,N/A,EQUITY,0.0207,3.4,1.464,187.32,0.025657193887533965
2020-09-04,2918.85009765625,2976.5,2867.60009765625,2915.199951171875,2686.4716796875,1508195,HEROMOTOCO,Consumer Cyclical,Auto Manufacturers,N/A,EQUITY,0.0207,3.4,1.464,187.32,0.037975972463090715
2020-09-07,2930.0,2934.89990234375,2852.0,2860.14990234375,2635.740966796875,1476038,HEROMOTOCO,Consumer Cyclical,Auto Manufacturers,N/A,EQUITY,0.0207,3.4,1.464,187.32,0.029067286936798737
2020-09-08,2871.0,2903.199951171875,2852.0,2863.199951171875,2638.55126953125,1263479,HEROMOTOCO,Consumer Cyclical,Auto Manufacturers,N/A,EQUITY,0.0207,3.4,1.464,187.32,0.017952297044836956
2020-09-09,2847.0,2920.0,2830.199951171875,2904.0,2676.150390625,1995585,HEROMOTOCO,Consumer Cyclical,Auto Manufacturers,N/A,EQUITY,0.0207,3.4,1.464,187.32,0.03172922421645238
2020-09-10,2920.0,2957.39990234375,2888.25,2948.75,2717.389404296875,1629594,HEROMOTOCO,Consumer Cyclical,Auto Manufacturers,N/A,EQUITY,0.0207,3.4,1.464,187.32,0.023941799478490434
2020-09-11,2949.14990234375,3007.699951171875,2948.75,2992.25,2757.4765625,1525239,HEROMOTOCO,Consumer Cyclical,Auto Manufacturers,N/A,EQUITY,0.0207,3.4,1.464,187.32,0.01999150527236117
2020-09-14,3014.949951171875,3039.0,2956.0,3028.5,2790.88232421875,1537220,HEROMOTOCO,Consumer Cyclical,Auto Manufacturers,N/A,EQUITY,0.0207,3.4,1.464,187.32,0.02807848443843031
2020-09-15,3028.5,3051.699951171875,3005.050048828125,3037.14990234375,2798.853271484375,915275,HEROMOTOCO,Consumer Cyclical,Auto Manufacturers,N/A,EQUITY,0.0207,3.4,1.464,187.32,0.015523835405650563
2020-09-16,3033.0,3105.0,3024.64990234375,3056.199951171875,2816.40869140625,1603512,HEROMOTOCO,Consumer Cyclical,Auto Manufacturers,N/A,EQUITY,0.0207,3.4,1.464,187.32,0.02656509025854135
2020-09-17,3042.800048828125,3098.0,3030.050048828125,3061.0,2820.83203125,914287,HEROMOTOCO,Consumer Cyclical,Auto Manufacturers,N/A,EQUITY,0.0207,3.4,1.464,187.32,0.022425356042602238
2020-09-18,3080.0,3121.85009765625,3075.10009765625,3112.64990234375,2868.4296875,1362732,HEROMOTOCO,Consumer Cyclical,Auto Manufacturers,N/A,EQUITY,0.0207,3.4,1.464,187.32,0.015202757151102647
2020-09-21,3122.0,3124.449951171875,3033.050048828125,3055.35009765625,2815.62548828125,826132,HEROMOTOCO,Consumer Cyclical,Auto Manufacturers,N/A,EQUITY,0.0207,3.4,1.464,187.32,0.030134650227438234
2020-09-22,3040.0,3052.0,2960.0,3000.14990234375,2764.756591796875,1099375,HEROMOTOCO,Consumer Cyclical,Auto Manufacturers,N/A,EQUITY,0.0207,3.4,1.464,187.32,0.031081081081081083
2020-09-23,3000.5,3043.0,2924.949951171875,2956.75,2724.76171875,1256820,HEROMOTOCO,Consumer Cyclical,Auto Manufacturers,N/A,EQUITY,0.0207,3.4,1.464,187.32,0.04035968163517755
2020-09-24,2911.35009765625,2949.0,2900.0,2918.300048828125,2689.328369140625,1020064,HEROMOTOCO,Consumer Cyclical,Auto Manufacturers,N/A,EQUITY,0.0207,3.4,1.464,187.32,0.01689655172413793
2020-09-25,2934.550048828125,3015.14990234375,2925.10009765625,3002.0,2766.461181640625,1263899,HEROMOTOCO,Consumer Cyclical,Auto Manufacturers,N/A,EQUITY,0.0207,3.4,1.464,187.32,0.03078520449937861
2020-09-28,3047.0,3095.75,2992.5,3088.89990234375,2846.543212890625,1422073,HEROMOTOCO,Consumer Cyclical,Auto Manufacturers,N/A,EQUITY,0.0207,3.4,1.464,187.32,0.03450292397660819
2020-09-29,3105.0,3222.050048828125,3104.5,3174.949951171875,2925.841552734375,3394236,HEROMOTOCO,Consumer Cyclical,Auto Manufacturers,N/A,EQUITY,0.0207,3.4,1.464,187.32,0.0378644061292076
2020-09-30,3198.0,3198.0,3135.0,3147.300048828125,2900.36083984375,1175373,HEROMOTOCO,Consumer Cyclical,Auto Manufacturers,N/A,EQUITY,0.0207,3.4,1.464,187.32,0.020095693779904306
2020-10-01,3165.0,3199.0,3111.699951171875,3151.449951171875,2904.185302734375,1459005,HEROMOTOCO,Consumer Cyclical,Auto Manufacturers,N/A,EQUITY,0.0207,3.4,1.464,187.32,0.02805541993059053
2020-10-05,3225.0,3230.0,3094.199951171875,3129.199951171875,2883.68115234375,1374983,HEROMOTOCO,Consumer Cyclical,Auto Manufacturers,N/A,EQUITY,0.0207,3.4,1.464,187.32,0.04388858217669258
2020-10-06,3142.60009765625,3177.89990234375,3117.0,3136.35009765625,2890.27001953125,849216,HEROMOTOCO,Consumer Cyclical,Auto Manufacturers,N/A,EQUITY,0.0207,3.4,1.464,187.32,0.01953798599414501
2020-10-07,3140.0,3249.949951171875,3138.050048828125,3233.64990234375,2979.935791015625,2071160,HEROMOTOCO,Consumer Cyclical,Auto Manufacturers,N/A,EQUITY,0.0207,3.4,1.464,187.32,0.035659055975075335
2020-10-08,3250.0,3292.800048828125,3235.64990234375,3279.14990234375,3021.86572265625,1414044,HEROMOTOCO,Consumer Cyclical,Auto Manufacturers,N/A,EQUITY,0.0207,3.4,1.464,187.32,0.01766264837335404
2020-10-09,3300.0,3340.0,3267.050048828125,3327.39990234375,3066.330078125,1358012,HEROMOTOCO,Consumer Cyclical,Auto Manufacturers,N/A,EQUITY,0.0207,3.4,1.464,187.32,0.02232899713245648
2020-10-12,3350.800048828125,3355.550048828125,3273.75,3284.699951171875,3026.980712890625,1438726,HEROMOTOCO,Consumer Cyclical,Auto Manufacturers,N/A,EQUITY,0.0207,3.4,1.464,187.32,0.02498665103570065
2020-10-13,3283.5,3303.0,3256.199951171875,3288.050048828125,3030.0673828125,847392,HEROMOTOCO,Consumer Cyclical,Auto Manufacturers,N/A,EQUITY,0.0207,3.4,1.464,187.32,0.014372596747715728
2020-10-14,3303.0,3332.949951171875,3270.0,3310.800048828125,3051.03271484375,1188612,HEROMOTOCO,Consumer Cyclical,Auto Manufacturers,N/A,EQUITY,0.0207,3.4,1.464,187.32,0.019250749593845564
2020-10-15,3312.0,3379.550048828125,3290.10009765625,3314.300048828125,3054.25830078125,1817305,HEROMOTOCO,Consumer Cyclical,Auto Manufacturers,N/A,EQUITY,0.0207,3.4,1.464,187.32,0.02718760782858733
2020-10-16,3315.0,3394.89990234375,3301.0,3346.449951171875,3083.88525390625,1461910,HEROMOTOCO,Consumer Cyclical,Auto Manufacturers,N/A,EQUITY,0.0207,3.4,1.464,187.32,0.028445895893289913
2020-10-19,3352.050048828125,3358.5,3230.550048828125,3248.699951171875,2993.80517578125,1056638,HEROMOTOCO,Consumer Cyclical,Auto Manufacturers,N/A,EQUITY,0.0207,3.4,1.464,187.32,0.039606243283025
2020-10-20,3249.0,3292.5,3230.449951171875,3237.60009765625,2983.575927734375,1198126,HEROMOTOCO,Consumer Cyclical,Auto Manufacturers,N/A,EQUITY,0.0207,3.4,1.464,187.32,0.01920786570478078
2020-10-21,3250.0,3280.0,3132.14990234375,3178.35009765625,2928.974365234375,2045833,HEROMOTOCO,Consumer Cyclical,Auto Manufacturers,N/A,EQUITY,0.0207,3.4,1.464,187.32,0.04720402990470397
2020-10-22,3176.89990234375,3176.89990234375,3062.39990234375,3081.5,2839.7236328125,1640304,HEROMOTOCO,Consumer Cyclical,Auto Manufacturers,N/A,EQUITY,0.0207,3.4,1.464,187.32,0.03738897715885165
2020-10-23,3100.0,3152.949951171875,3089.89990234375,3111.050048828125,2866.955322265625,1707899,HEROMOTOCO,Consumer Cyclical,Auto Manufacturers,N/A,EQUITY,0.0207,3.4,1.464,187.32,0.020405207553908233
2020-10-26,3120.0,3120.0,2875.0,2897.949951171875,2670.5751953125,4182675,HEROMOTOCO,Consumer Cyclical,Auto Manufacturers,N/A,EQUITY,0.0207,3.4,1.464,187.32,0.08521739130434783
2020-10-27,2925.0,2977.89990234375,2855.550048828125,2911.949951171875,2683.476318359375,3089586,HEROMOTOCO,Consumer Cyclical,Auto Manufacturers,N/A,EQUITY,0.0207,3.4,1.464,187.32,0.04284633482989925
2020-10-28,2995.0,3035.0,2930.35009765625,2946.199951171875,2715.039306640625,5321192,HEROMOTOCO,Consumer Cyclical,Auto Manufacturers,N/A,EQUITY,0.0207,3.4,1.464,187.32,0.03571242304032238
2020-10-29,2935.0,2962.35009765625,2885.0,2894.0,2666.934814453125,2345545,HEROMOTOCO,Consumer Cyclical,Auto Manufacturers,N/A,EQUITY,0.0207,3.4,1.464,187.32,0.02681112570407279
2020-10-30,2913.89990234375,2928.5,2787.0,2799.800048828125,2580.12646484375,3110768,HEROMOTOCO,Consumer Cyclical,Auto Manufacturers,N/A,EQUITY,0.0207,3.4,1.464,187.32,0.050771438823107286
2020-11-02,2888.0,2888.0,2812.0,2835.64990234375,2613.162841796875,2671709,HEROMOTOCO,Consumer Cyclical,Auto Manufacturers,N/A,EQUITY,0.0207,3.4,1.464,187.32,0.02702702702702703
2020-11-03,2860.0,2949.449951171875,2847.0,2937.39990234375,2706.929931640625,2352020,HEROMOTOCO,Consumer Cyclical,Auto Manufacturers,N/A,EQUITY,0.0207,3.4,1.464,187.32,0.035985230478354405
2020-11-04,2940.0,2978.0,2910.10009765625,2968.0,2735.12890625,1868196,HEROMOTOCO,Consumer Cyclical,Auto Manufacturers,N/A,EQUITY,0.0207,3.4,1.464,187.32,0.02333249718744573
2020-11-05,2990.0,2995.89990234375,2926.800048828125,2944.35009765625,2713.334716796875,1195194,HEROMOTOCO,Consumer Cyclical,Auto Manufacturers,N/A,EQUITY,0.0207,3.4,1.464,187.32,0.023609352317488244
2020-11-06,2943.0,2983.0,2925.199951171875,2945.449951171875,2714.34814453125,1182126,HEROMOTOCO,Consumer Cyclical,Auto Manufacturers,N/A,EQUITY,0.0207,3.4,1.464,187.32,0.01975934971726275
2020-11-09,2970.0,2989.0,2930.0,2954.25,2722.4580078125,1175877,HEROMOTOCO,Consumer Cyclical,Auto Manufacturers,N/A,EQUITY,0.0207,3.4,1.464,187.32,0.020136518771331057
2020-11-10,2987.0,2987.0,2922.949951171875,2951.25,2719.693115234375,1352612,HEROMOTOCO,Consumer Cyclical,Auto Manufacturers,N/A,EQUITY,0.0207,3.4,1.464,187.32,0.021912810652965825
2020-11-11,2980.0,3075.0,2953.199951171875,3060.14990234375,2820.048828125,2829916,HEROMOTOCO,Consumer Cyclical,Auto Manufacturers,N/A,EQUITY,0.0207,3.4,1.464,187.32,0.041243414208981304
2020-11-12,3060.0,3100.0,3037.0,3085.800048828125,2843.6865234375,2093558,HEROMOTOCO,Consumer Cyclical,Auto Manufacturers,N/A,EQUITY,0.0207,3.4,1.464,187.32,0.02074415541652947
2020-11-13,3089.0,3134.89990234375,3071.10009765625,3128.89990234375,2883.40478515625,1274593,HEROMOTOCO,Consumer Cyclical,Auto Manufacturers,N/A,EQUITY,0.0207,3.4,1.464,187.32,0.02077425113437027
2020-11-14,3156.949951171875,3156.949951171875,3098.0,3115.699951171875,2871.239990234375,199281,HEROMOTOCO,Consumer Cyclical,Auto Manufacturers,N/A,EQUITY,0.0207,3.4,1.464,187.32,0.019028389661676887
2020-11-17,3146.39990234375,3148.0,3001.0,3031.300048828125,2793.46240234375,1933560,HEROMOTOCO,Consumer Cyclical,Auto Manufacturers,N/A,EQUITY,0.0207,3.4,1.464,187.32,0.048983672109296904
2020-11-18,3041.85009765625,3048.949951171875,2943.699951171875,2983.0,2748.951904296875,1956934,HEROMOTOCO,Consumer Cyclical,Auto Manufacturers,N/A,EQUITY,0.0207,3.4,1.464,187.32,0.035754323384114065
2020-11-19,3029.0,3136.75,2975.14990234375,2988.5,2754.020263671875,4282399,HEROMOTOCO,Consumer Cyclical,Auto Manufacturers,N/A,EQUITY,0.0207,3.4,1.464,187.32,0.05431662368640498
2020-11-20,2999.0,3018.949951171875,2965.64990234375,2998.64990234375,2763.3740234375,1531471,HEROMOTOCO,Consumer Cyclical,Auto Manufacturers,N/A,EQUITY,0.0207,3.4,1.464,187.32,0.017972468289666296
2020-11-23,3024.60009765625,3074.0,2982.0,3059.75,2819.68017578125,1653325,HEROMOTOCO,Consumer Cyclical,Auto Manufacturers,N/A,EQUITY,0.0207,3.4,1.464,187.32,0.03085177733065057
2020-11-24,3056.0,3109.64990234375,3041.64990234375,3074.14990234375,2832.949951171875,1517541,HEROMOTOCO,Consumer Cyclical,Auto Manufacturers,N/A,EQUITY,0.0207,3.4,1.464,187.32,0.022356287601542325
2020-11-25,3079.5,3094.85009765625,3001.0,3008.75,2772.681640625,1110258,HEROMOTOCO,Consumer Cyclical,Auto Manufacturers,N/A,EQUITY,0.0207,3.4,1.464,187.32,0.03127294157155948
2020-11-26,3008.0,3049.64990234375,2976.10009765625,3024.550048828125,2787.24169921875,859782,HEROMOTOCO,Consumer Cyclical,Auto Manufacturers,N/A,EQUITY,0.0207,3.4,1.464,187.32,0.024713484854028342
2020-11-27,3049.0,3118.550048828125,3032.0,3108.85009765625,2864.927734375,3266924,HEROMOTOCO,Consumer Cyclical,Auto Manufacturers,N/A,EQUITY,0.0207,3.4,1.464,187.32,0.028545530616136214
2020-12-01,3120.0,3129.89990234375,3075.050048828125,3110.25,2866.218017578125,1503427,HEROMOTOCO,Consumer Cyclical,Auto Manufacturers,N/A,EQUITY,0.0207,3.4,1.464,187.32,0.01783706042005001
2020-12-02,3113.0,3177.10009765625,3091.0,3126.199951171875,2880.91650390625,1748207,HEROMOTOCO,Consumer Cyclical,Auto Manufacturers,N/A,EQUITY,0.0207,3.4,1.464,187.32,0.027855094680119704
2020-12-03,3156.0,3167.0,3125.5,3139.85009765625,2893.495849609375,974736,HEROMOTOCO,Consumer Cyclical,Auto Manufacturers,N/A,EQUITY,0.0207,3.4,1.464,187.32,0.013277875539913614
2020-12-04,3151.0,3202.0,3150.0,3180.449951171875,2930.909912109375,1089915,HEROMOTOCO,Consumer Cyclical,Auto Manufacturers,N/A,EQUITY,0.0207,3.4,1.464,187.32,0.01650793650793651
2020-12-07,3179.89990234375,3217.949951171875,3135.60009765625,3174.050048828125,2925.012451171875,991744,HEROMOTOCO,Consumer Cyclical,Auto Manufacturers,N/A,EQUITY,0.0207,3.4,1.464,187.32,0.026262868653811625
2020-12-08,3175.0,3204.800048828125,3154.64990234375,3167.949951171875,2919.390869140625,644753,HEROMOTOCO,Consumer Cyclical,Auto Manufacturers,N/A,EQUITY,0.0207,3.4,1.464,187.32,0.015897214599666323
2020-12-09,3174.949951171875,3204.0,3156.14990234375,3190.699951171875,2940.356201171875,669455,HEROMOTOCO,Consumer Cyclical,Auto Manufacturers,N/A,EQUITY,0.0207,3.4,1.464,187.32,0.015160907794879015
2020-12-10,3180.0,3207.75,3166.0,3194.300048828125,2943.67333984375,559968,HEROMOTOCO,Consumer Cyclical,Auto Manufacturers,N/A,EQUITY,0.0207,3.4,1.464,187.32,0.013186986734049274
2020-12-11,3200.0,3239.5,3169.0,3185.300048828125,2935.37939453125,1276394,HEROMOTOCO,Consumer Cyclical,Auto Manufacturers,N/A,EQUITY,0.0207,3.4,1.464,187.32,0.022246765541180182
2020-12-14,3214.0,3214.0,3105.0,3113.64990234375,2869.35107421875,1421591,HEROMOTOCO,Consumer Cyclical,Auto Manufacturers,N/A,EQUITY,0.0207,3.4,1.464,187.32,0.03510466988727858
2020-12-15,3082.550048828125,3135.0,3081.10009765625,3112.35009765625,2868.1533203125,1058918,HEROMOTOCO,Consumer Cyclical,Auto Manufacturers,N/A,EQUITY,0.0207,3.4,1.464,187.32,0.017493719981623093
2020-12-16,3130.10009765625,3145.0,3105.0,3117.5,2872.899169921875,1025407,HEROMOTOCO,Consumer Cyclical,Auto Manufacturers,N/A,EQUITY,0.0207,3.4,1.464,187.32,0.01288244766505636
2020-12-17,3135.0,3157.5,3101.050048828125,3112.64990234375,2868.4296875,969196,HEROMOTOCO,Consumer Cyclical,Auto Manufacturers,N/A,EQUITY,0.0207,3.4,1.464,187.32,0.01820349568147319
2020-12-18,3101.0,3144.0,3101.0,3135.300048828125,2889.302490234375,1109264,HEROMOTOCO,Consumer Cyclical,Auto Manufacturers,N/A,EQUITY,0.0207,3.4,1.464,187.32,0.013866494679135763
2020-12-21,3148.0,3152.85009765625,2944.949951171875,2994.10009765625,2759.181396484375,1397172,HEROMOTOCO,Consumer Cyclical,Auto Manufacturers,N/A,EQUITY,0.0207,3.4,1.464,187.32,0.07059547697971774
2020-12-22,3020.0,3060.0,2900.60009765625,3049.10009765625,2809.865966796875,1073505,HEROMOTOCO,Consumer Cyclical,Auto Manufacturers,N/A,EQUITY,0.0207,3.4,1.464,187.32,0.054954111899999145
2020-12-23,3046.60009765625,3073.5,3012.0,3040.050048828125,2801.52587890625,711716,HEROMOTOCO,Consumer Cyclical,Auto Manufacturers,N/A,EQUITY,0.0207,3.4,1.464,187.32,0.02041832669322709
2020-12-24,3045.0,3083.699951171875,3030.0,3073.10009765625,2831.982666015625,640601,HEROMOTOCO,Consumer Cyclical,Auto Manufacturers,N/A,EQUITY,0.0207,3.4,1.464,187.32,0.017722756162334985
2020-12-28,3096.0,3124.0,3062.699951171875,3082.60009765625,2840.7373046875,742559,HEROMOTOCO,Consumer Cyclical,Auto Manufacturers,N/A,EQUITY,0.0207,3.4,1.464,187.32,0.020015035689235534
2020-12-29,3096.0,3106.0,3061.0,3074.0,2832.81201171875,478502,HEROMOTOCO,Consumer Cyclical,Auto Manufacturers,N/A,EQUITY,0.0207,3.4,1.464,187.32,0.01470107807905913
2020-12-30,3080.0,3107.949951171875,3065.60009765625,3101.39990234375,2858.06201171875,505754,HEROMOTOCO,Consumer Cyclical,Auto Manufacturers,N/A,EQUITY,0.0207,3.4,1.464,187.32,0.013814539459338753
2020-12-31,3107.0,3117.800048828125,3085.0,3110.0,2865.987548828125,605742,HEROMOTOCO,Consumer Cyclical,Auto Manufacturers,N/A,EQUITY,0.0207,3.4,1.464,187.32,0.010632106589343599
2021-01-01,3115.0,3120.800048828125,3093.0,3102.64990234375,2859.2138671875,408952,HEROMOTOCO,Consumer Cyclical,Auto Manufacturers,N/A,EQUITY,0.0207,3.4,1.464,187.32,0.008988053290696735
2021-01-04,3112.0,3123.949951171875,3037.25,3043.85009765625,2805.028076171875,1599835,HEROMOTOCO,Consumer Cyclical,Auto Manufacturers,N/A,EQUITY,0.0207,3.4,1.464,187.32,0.028545543228866575
2021-01-05,3052.0,3074.35009765625,3031.0,3067.199951171875,2826.545654296875,1150326,HEROMOTOCO,Consumer Cyclical,Auto Manufacturers,N/A,EQUITY,0.0207,3.4,1.464,187.32,0.01430224271073903
2021-01-06,3081.300048828125,3123.60009765625,3046.0,3083.550048828125,2841.61279296875,1370394,HEROMOTOCO,Consumer Cyclical,Auto Manufacturers,N/A,EQUITY,0.0207,3.4,1.464,187.32,0.025476066203627707
2021-01-07,3094.0,3114.75,3034.0,3055.25,2815.533447265625,880259,HEROMOTOCO,Consumer Cyclical,Auto Manufacturers,N/A,EQUITY,0.0207,3.4,1.464,187.32,0.02661502966381015
2021-01-08,3070.0,3165.949951171875,3063.10009765625,3161.10009765625,2913.078369140625,1576465,HEROMOTOCO,Consumer Cyclical,Auto Manufacturers,N/A,EQUITY,0.0207,3.4,1.464,187.32,0.03357704620698527
2021-01-11,3161.0,3224.89990234375,3147.050048828125,3197.699951171875,2946.806640625,1596027,HEROMOTOCO,Consumer Cyclical,Auto Manufacturers,N/A,EQUITY,0.0207,3.4,1.464,187.32,0.024737405604532456
2021-01-12,3190.0,3295.0,3180.449951171875,3248.25,2993.390380859375,1586336,HEROMOTOCO,Consumer Cyclical,Auto Manufacturers,N/A,EQUITY,0.0207,3.4,1.464,187.32,0.03601693175077874
2021-01-13,3260.0,3318.0,3216.699951171875,3256.800048828125,3001.269775390625,1424073,HEROMOTOCO,Consumer Cyclical,Auto Manufacturers,N/A,EQUITY,0.0207,3.4,1.464,187.32,0.031491917295929456
2021-01-14,3265.0,3295.0,3238.050048828125,3266.60009765625,3010.300537109375,803208,HEROMOTOCO,Consumer Cyclical,Auto Manufacturers,N/A,EQUITY,0.0207,3.4,1.464,187.32,0.01758773036645484
2021-01-15,3250.0,3270.85009765625,3174.0,3203.0,2951.690673828125,1199320,HEROMOTOCO,Consumer Cyclical,Auto Manufacturers,N/A,EQUITY,0.0207,3.4,1.464,187.32,0.030513578341603655
2021-01-18,3200.0,3217.550048828125,3082.25,3163.14990234375,2914.967529296875,1280163,HEROMOTOCO,Consumer Cyclical,Auto Manufacturers,N/A,EQUITY,0.0207,3.4,1.464,187.32,0.04389652001885798
2021-01-19,3170.5,3240.75,3170.5,3232.89990234375,2979.24462890625,770832,HEROMOTOCO,Consumer Cyclical,Auto Manufacturers,N/A,EQUITY,0.0207,3.4,1.464,187.32,0.022157388424538717
2021-01-20,3239.0,3292.5,3230.300048828125,3275.60009765625,3018.5947265625,841752,HEROMOTOCO,Consumer Cyclical,Auto Manufacturers,N/A,EQUITY,0.0207,3.4,1.464,187.32,0.019255162130972833
2021-01-21,3275.60009765625,3346.0,3219.699951171875,3247.300048828125,2992.51513671875,1300181,HEROMOTOCO,Consumer Cyclical,Auto Manufacturers,N/A,EQUITY,0.0207,3.4,1.464,187.32,0.039227272958200825
2021-01-22,3265.0,3483.949951171875,3258.89990234375,3374.89990234375,3110.103515625,3813020,HEROMOTOCO,Consumer Cyclical,Auto Manufacturers,N/A,EQUITY,0.0207,3.4,1.464,187.32,0.06905706084015423
2021-01-25,3417.949951171875,3520.14990234375,3357.050048828125,3474.949951171875,3202.30322265625,2266967,HEROMOTOCO,Consumer Cyclical,Auto Manufacturers,N/A,EQUITY,0.0207,3.4,1.464,187.32,0.04858427820358523
2021-01-27,3450.0,3484.0,3329.949951171875,3358.550048828125,3095.0361328125,1333633,HEROMOTOCO,Consumer Cyclical,Auto Manufacturers,N/A,EQUITY,0.0207,3.4,1.464,187.32,0.046261971226898395
2021-01-28,3338.949951171875,3464.10009765625,3325.14990234375,3397.39990234375,3130.83740234375,1986409,HEROMOTOCO,Consumer Cyclical,Auto Manufacturers,N/A,EQUITY,0.0207,3.4,1.464,187.32,0.04178764849505287
2021-01-29,3419.89990234375,3485.0,3226.39990234375,3256.050048828125,3000.578125,1718833,HEROMOTOCO,Consumer Cyclical,Auto Manufacturers,N/A,EQUITY,0.0207,3.4,1.464,187.32,0.08015128486347753
2021-02-01,3300.0,3360.800048828125,3217.25,3340.64990234375,3078.540771484375,1285163,HEROMOTOCO,Consumer Cyclical,Auto Manufacturers,N/A,EQUITY,0.0207,3.4,1.464,187.32,0.044618866680589016
2021-02-02,3400.0,3400.0,3261.0,3293.85009765625,3035.41259765625,1751516,HEROMOTOCO,Consumer Cyclical,Auto Manufacturers,N/A,EQUITY,0.0207,3.4,1.464,187.32,0.042624961668199936
2021-02-03,3296.550048828125,3422.0,3268.0,3380.800048828125,3115.54052734375,1077971,HEROMOTOCO,Consumer Cyclical,Auto Manufacturers,N/A,EQUITY,0.0207,3.4,1.464,187.32,0.047123623011015914
2021-02-04,3441.0,3515.0,3404.10009765625,3440.699951171875,3170.74072265625,2425660,HEROMOTOCO,Consumer Cyclical,Auto Manufacturers,N/A,EQUITY,0.0207,3.4,1.464,187.32,0.03257833176530427
2021-02-05,3500.0,3560.0,3366.0,3429.199951171875,3160.142822265625,2719249,HEROMOTOCO,Consumer Cyclical,Auto Manufacturers,N/A,EQUITY,0.0207,3.4,1.464,187.32,0.05763517528223411
2021-02-08,3478.0,3506.89990234375,3415.39990234375,3495.0,3220.7802734375,1004959,HEROMOTOCO,Consumer Cyclical,Auto Manufacturers,N/A,EQUITY,0.0207,3.4,1.464,187.32,0.026790420628989873
2021-02-09,3461.0,3538.0,3456.35009765625,3499.449951171875,3224.881103515625,1543021,HEROMOTOCO,Consumer Cyclical,Auto Manufacturers,N/A,EQUITY,0.0207,3.4,1.464,187.32,0.02362315738764912
2021-02-10,3490.0,3568.75,3485.25,3538.949951171875,3261.28173828125,1477082,HEROMOTOCO,Consumer Cyclical,Auto Manufacturers,N/A,EQUITY,0.0207,3.4,1.464,187.32,0.023958109174377736
2021-02-11,3524.0,3554.0,3473.550048828125,3541.5,3263.632080078125,757116,HEROMOTOCO,Consumer Cyclical,Auto Manufacturers,N/A,EQUITY,0.0207,3.4,1.464,187.32,0.02316072894905213
2021-02-12,3535.949951171875,3580.0,3502.89990234375,3515.75,3239.902099609375,566161,HEROMOTOCO,Consumer Cyclical,Auto Manufacturers,N/A,EQUITY,0.0207,3.4,1.464,187.32,0.022010362786747978
2021-02-15,3488.949951171875,3506.14990234375,3452.0,3465.39990234375,3198.050537109375,809861,HEROMOTOCO,Consumer Cyclical,Auto Manufacturers,N/A,EQUITY,0.0207,3.4,1.464,187.32,0.015686530227042295
2021-02-16,3470.0,3485.300048828125,3432.0,3461.550048828125,3194.498046875,759332,HEROMOTOCO,Consumer Cyclical,Auto Manufacturers,N/A,EQUITY,0.0207,3.4,1.464,187.32,0.01553031725761218
2021-02-17,3463.449951171875,3595.0,3457.25,3584.0,3307.501220703125,1946207,HEROMOTOCO,Consumer Cyclical,Auto Manufacturers,N/A,EQUITY,0.0207,3.4,1.464,187.32,0.039843806493600406
2021-02-18,3579.64990234375,3629.050048828125,3506.0,3522.85009765625,3251.06884765625,1701157,HEROMOTOCO,Consumer Cyclical,Auto Manufacturers,N/A,EQUITY,0.0207,3.4,1.464,187.32,0.035096990538541074
2021-02-19,3522.85009765625,3522.85009765625,3370.0,3389.699951171875,3128.19091796875,995322,HEROMOTOCO,Consumer Cyclical,Auto Manufacturers,N/A,EQUITY,0.0207,3.4,1.464,187.32,0.04535611206416914
2021-02-22,3400.0,3432.949951171875,3350.14990234375,3414.14990234375,3150.75439453125,921345,HEROMOTOCO,Consumer Cyclical,Auto Manufacturers,N/A,EQUITY,0.0207,3.4,1.464,187.32,0.024715326550074208
2021-02-23,3414.14990234375,3479.550048828125,3377.050048828125,3405.449951171875,3142.7255859375,1069537,HEROMOTOCO,Consumer Cyclical,Auto Manufacturers,N/A,EQUITY,0.0207,3.4,1.464,187.32,0.0303519339417456
2021-02-24,3440.0,3500.0,3351.10009765625,3441.60009765625,3176.087158203125,823330,HEROMOTOCO,Consumer Cyclical,Auto Manufacturers,N/A,EQUITY,0.0207,3.4,1.464,187.32,0.04443314076111608
2021-02-25,3450.0,3460.0,3402.25,3434.39990234375,3169.4423828125,897962,HEROMOTOCO,Consumer Cyclical,Auto Manufacturers,N/A,EQUITY,0.0207,3.4,1.464,187.32,0.016974061282974504
2021-02-26,3405.0,3423.64990234375,3199.800048828125,3224.0,2975.2744140625,1880371,HEROMOTOCO,Consumer Cyclical,Auto Manufacturers,N/A,EQUITY,0.0207,3.4,1.464,187.32,0.06995745049682288
2021-03-01,3255.0,3363.050048828125,3250.0,3350.199951171875,3091.73828125,1176879,HEROMOTOCO,Consumer Cyclical,Auto Manufacturers,N/A,EQUITY,0.0207,3.4,1.464,187.32,0.034784630408653844
2021-03-02,3352.0,3490.0,3351.5,3476.39990234375,3208.201904296875,1402320,HEROMOTOCO,Consumer Cyclical,Auto Manufacturers,N/A,EQUITY,0.0207,3.4,1.464,187.32,0.04132477994927644
2021-03-03,3510.0,3510.89990234375,3394.0,3424.35009765625,3160.167724609375,965062,HEROMOTOCO,Consumer Cyclical,Auto Manufacturers,N/A,EQUITY,0.0207,3.4,1.464,187.32,0.03444310617081615
2021-03-04,3398.0,3460.0,3368.25,3419.85009765625,3156.014892578125,934953,HEROMOTOCO,Consumer Cyclical,Auto Manufacturers,N/A,EQUITY,0.0207,3.4,1.464,187.32,0.027239664514213613
2021-03-05,3415.0,3491.5,3394.0,3461.699951171875,3194.635986328125,1017875,HEROMOTOCO,Consumer Cyclical,Auto Manufacturers,N/A,EQUITY,0.0207,3.4,1.464,187.32,0.028727165586328814
2021-03-08,3461.64990234375,3489.5,3422.699951171875,3463.949951171875,3196.71240234375,749107,HEROMOTOCO,Consumer Cyclical,Auto Manufacturers,N/A,EQUITY,0.0207,3.4,1.464,187.32,0.019516770321995003
2021-03-09,3465.050048828125,3490.0,3416.5,3448.85009765625,3182.77783203125,564852,HEROMOTOCO,Consumer Cyclical,Auto Manufacturers,N/A,EQUITY,0.0207,3.4,1.464,187.32,0.02151324454851456
2021-03-10,3449.0,3475.0,3407.85009765625,3419.35009765625,3155.55322265625,787897,HEROMOTOCO,Consumer Cyclical,Auto Manufacturers,N/A,EQUITY,0.0207,3.4,1.464,187.32,0.019704476552513964
2021-03-12,3355.0,3419.0,3310.0,3350.550048828125,3092.061279296875,1098158,HEROMOTOCO,Consumer Cyclical,Auto Manufacturers,N/A,EQUITY,0.0207,3.4,1.464,187.32,0.03293051359516616
2021-03-15,3360.0,3369.39990234375,3243.0,3264.14990234375,3012.326904296875,781236,HEROMOTOCO,Consumer Cyclical,Auto Manufacturers,N/A,EQUITY,0.0207,3.4,1.464,187.32,0.038976226439639224
2021-03-16,3298.949951171875,3300.0,3248.0,3255.050048828125,3003.9287109375,523881,HEROMOTOCO,Consumer Cyclical,Auto Manufacturers,N/A,EQUITY,0.0207,3.4,1.464,187.32,0.01600985221674877
2021-03-17,3257.0,3278.89990234375,3175.0,3190.550048828125,2944.40478515625,991815,HEROMOTOCO,Consumer Cyclical,Auto Manufacturers,N/A,EQUITY,0.0207,3.4,1.464,187.32,0.03272437869094488
2021-03-18,3217.699951171875,3217.699951171875,3072.300048828125,3107.199951171875,2867.4853515625,1472097,HEROMOTOCO,Consumer Cyclical,Auto Manufacturers,N/A,EQUITY,0.0207,3.4,1.464,187.32,0.04732607493828939
2021-03-19,3085.0,3132.050048828125,3036.0,3119.14990234375,2878.51318359375,1554560,HEROMOTOCO,Consumer Cyclical,Auto Manufacturers,N/A,EQUITY,0.0207,3.4,1.464,187.32,0.03163703848093709
2021-03-22,3131.60009765625,3143.949951171875,3081.14990234375,3095.85009765625,2857.010986328125,619756,HEROMOTOCO,Consumer Cyclical,Auto Manufacturers,N/A,EQUITY,0.0207,3.4,1.464,187.32,0.020382016720560933
2021-03-23,3107.89990234375,3132.0,3060.550048828125,3067.449951171875,2830.8017578125,944310,HEROMOTOCO,Consumer Cyclical,Auto Manufacturers,N/A,EQUITY,0.0207,3.4,1.464,187.32,0.023345460793635104
2021-03-24,3068.0,3085.949951171875,3023.0,3033.85009765625,2799.794189453125,975533,HEROMOTOCO,Consumer Cyclical,Auto Manufacturers,N/A,EQUITY,0.0207,3.4,1.464,187.32,0.020823668928837247
2021-03-25,3033.10009765625,3049.60009765625,2927.10009765625,2941.64990234375,2714.70703125,1075251,HEROMOTOCO,Consumer Cyclical,Auto Manufacturers,N/A,EQUITY,0.0207,3.4,1.464,187.32,0.041850294118088625
2021-03-26,2972.0,2982.800048828125,2931.0,2937.800048828125,2711.154296875,611318,HEROMOTOCO,Consumer Cyclical,Auto Manufacturers,N/A,EQUITY,0.0207,3.4,1.464,187.32,0.01767316575507506
2021-03-30,2934.949951171875,2976.35009765625,2916.60009765625,2963.85009765625,2735.1943359375,899455,HEROMOTOCO,Consumer Cyclical,Auto Manufacturers,N/A,EQUITY,0.0207,3.4,1.464,187.32,0.020486181855378285
2021-03-31,2955.60009765625,2962.0,2902.0,2913.60009765625,2688.8212890625,1212659,HEROMOTOCO,Consumer Cyclical,Auto Manufacturers,N/A,EQUITY,0.0207,3.4,1.464,187.32,0.02067539627842867
2021-04-01,2949.0,3004.949951171875,2933.0,2956.10009765625,2728.042236328125,1067722,HEROMOTOCO,Consumer Cyclical,Auto Manufacturers,N/A,EQUITY,0.0207,3.4,1.464,187.32,0.024531180079057278
2021-04-05,2961.0,2972.949951171875,2866.60009765625,2886.89990234375,2664.18115234375,1152927,HEROMOTOCO,Consumer Cyclical,Auto Manufacturers,N/A,EQUITY,0.0207,3.4,1.464,187.32,0.03709964762876318
2021-04-06,2900.0,2928.0,2868.0,2887.949951171875,2665.150146484375,788062,HEROMOTOCO,Consumer Cyclical,Auto Manufacturers,N/A,EQUITY,0.0207,3.4,1.464,187.32,0.02092050209205021
2021-04-07,2880.0,2948.89990234375,2875.050048828125,2941.60009765625,2714.6611328125,649751,HEROMOTOCO,Consumer Cyclical,Auto Manufacturers,N/A,EQUITY,0.0207,3.4,1.464,187.32,0.025686458413385297
2021-04-08,2969.0,2990.35009765625,2913.39990234375,2928.0,2702.1103515625,953450,HEROMOTOCO,Consumer Cyclical,Auto Manufacturers,N/A,EQUITY,0.0207,3.4,1.464,187.32,0.026412506999329437
2021-04-09,2928.0,2948.0,2901.14990234375,2912.89990234375,2688.17529296875,557093,HEROMOTOCO,Consumer Cyclical,Auto Manufacturers,N/A,EQUITY,0.0207,3.4,1.464,187.32,0.016148802796574296
2021-04-12,2874.0,2889.949951171875,2741.10009765625,2786.10009765625,2571.157470703125,859305,HEROMOTOCO,Consumer Cyclical,Auto Manufacturers,N/A,EQUITY,0.0207,3.4,1.464,187.32,0.05430296166232586
2021-04-13,2799.0,2879.0,2773.25,2865.35009765625,2644.29345703125,714921,HEROMOTOCO,Consumer Cyclical,Auto Manufacturers,N/A,EQUITY,0.0207,3.4,1.464,187.32,0.038132155413323716
2021-04-15,2852.0,2890.0,2820.0,2862.550048828125,2641.709716796875,683426,HEROMOTOCO,Consumer Cyclical,Auto Manufacturers,N/A,EQUITY,0.0207,3.4,1.464,187.32,0.024822695035460994
2021-04-16,2838.25,2924.949951171875,2838.25,2894.85009765625,2671.517822265625,709663,HEROMOTOCO,Consumer Cyclical,Auto Manufacturers,N/A,EQUITY,0.0207,3.4,1.464,187.32,0.03054697478089492
2021-04-19,2761.35009765625,2822.550048828125,2743.10009765625,2785.550048828125,2570.64990234375,740714,HEROMOTOCO,Consumer Cyclical,Auto Manufacturers,N/A,EQUITY,0.0207,3.4,1.464,187.32,0.028963562518100724
2021-04-20,2841.25,2848.85009765625,2800.85009765625,2823.699951171875,2605.85693359375,740095,HEROMOTOCO,Consumer Cyclical,Auto Manufacturers,N/A,EQUITY,0.0207,3.4,1.464,187.32,0.017137654043023
2021-04-22,2753.300048828125,2882.550048828125,2750.0,2851.14990234375,2631.18896484375,1436707,HEROMOTOCO,Consumer Cyclical,Auto Manufacturers,N/A,EQUITY,0.0207,3.4,1.464,187.32,0.04820001775568182
2021-04-23,2818.0,2873.800048828125,2812.050048828125,2864.050048828125,2643.09375,682515,HEROMOTOCO,Consumer Cyclical,Auto Manufacturers,N/A,EQUITY,0.0207,3.4,1.464,187.32,0.021959068625301774
2021-04-26,2860.050048828125,2878.39990234375,2830.0,2864.550048828125,2643.55517578125,831133,HEROMOTOCO,Consumer Cyclical,Auto Manufacturers,N/A,EQUITY,0.0207,3.4,1.464,187.32,0.017102438990724382
2021-04-27,2875.0,2939.0,2870.25,2905.5,2681.346435546875,811184,HEROMOTOCO,Consumer Cyclical,Auto Manufacturers,N/A,EQUITY,0.0207,3.4,1.464,187.32,0.023952617367825103
2021-04-28,2928.0,3009.0,2915.050048828125,2926.25,2700.4951171875,1389833,HEROMOTOCO,Consumer Cyclical,Auto Manufacturers,N/A,EQUITY,0.0207,3.4,1.464,187.32,0.032229275517805835
2021-04-29,2963.800048828125,2963.800048828125,2850.050048828125,2860.10009765625,2639.44873046875,1009327,HEROMOTOCO,Consumer Cyclical,Auto Manufacturers,N/A,EQUITY,0.0207,3.4,1.464,187.32,0.0399115798148076
2021-04-30,2834.800048828125,2860.0,2805.0,2819.14990234375,2601.65771484375,670258,HEROMOTOCO,Consumer Cyclical,Auto Manufacturers,N/A,EQUITY,0.0207,3.4,1.464,187.32,0.0196078431372549
2021-05-03,2779.949951171875,2848.0,2766.64990234375,2793.25,2577.755615234375,668727,HEROMOTOCO,Consumer Cyclical,Auto Manufacturers,N/A,EQUITY,0.0207,3.4,1.464,187.32,0.02940382792464445
2021-05-04,2794.0,2819.75,2766.75,2776.75,2562.528564453125,642256,HEROMOTOCO,Consumer Cyclical,Auto Manufacturers,N/A,EQUITY,0.0207,3.4,1.464,187.32,0.019156049516580825
2021-05-05,2786.89990234375,2800.0,2768.0,2788.199951171875,2573.095458984375,365152,HEROMOTOCO,Consumer Cyclical,Auto Manufacturers,N/A,EQUITY,0.0207,3.4,1.464,187.32,0.011560693641618497
2021-05-06,2818.0,2922.0,2802.14990234375,2913.300048828125,2688.544189453125,2249529,HEROMOTOCO,Consumer Cyclical,Auto Manufacturers,N/A,EQUITY,0.0207,3.4,1.464,187.32,0.042770765959382125
2021-05-07,2948.949951171875,2995.0,2820.0,2860.800048828125,2640.0947265625,2287493,HEROMOTOCO,Consumer Cyclical,Auto Manufacturers,N/A,EQUITY,0.0207,3.4,1.464,187.32,0.06205673758865248
2021-05-10,2860.800048828125,2879.0,2830.0,2836.300048828125,2617.48486328125,781259,HEROMOTOCO,Consumer Cyclical,Auto Manufacturers,N/A,EQUITY,0.0207,3.4,1.464,187.32,0.017314487632508833
2021-05-11,2830.5,2843.64990234375,2801.10009765625,2838.35009765625,2619.376708984375,684120,HEROMOTOCO,Consumer Cyclical,Auto Manufacturers,N/A,EQUITY,0.0207,3.4,1.464,187.32,0.015190390633702266
2021-05-12,2839.800048828125,2858.0,2815.0,2840.14990234375,2621.03759765625,486996,HEROMOTOCO,Consumer Cyclical,Auto Manufacturers,N/A,EQUITY,0.0207,3.4,1.464,187.32,0.0152753108348135
2021-05-14,2840.14990234375,2851.89990234375,2802.75,2812.35009765625,2595.38232421875,518143,HEROMOTOCO,Consumer Cyclical,Auto Manufacturers,N/A,EQUITY,0.0207,3.4,1.464,187.32,0.017536313386406207
2021-05-17,2835.0,2884.39990234375,2813.0,2854.75,2634.51123046875,926624,HEROMOTOCO,Consumer Cyclical,Auto Manufacturers,N/A,EQUITY,0.0207,3.4,1.464,187.32,0.025382119567632422
2021-05-18,2876.199951171875,2919.699951171875,2856.550048828125,2906.949951171875,2682.684326171875,1288013,HEROMOTOCO,Consumer Cyclical,Auto Manufacturers,N/A,EQUITY,0.0207,3.4,1.464,187.32,0.02210705265593253
2021-05-19,2915.0,2943.949951171875,2894.0,2915.0,2690.11328125,717841,HEROMOTOCO,Consumer Cyclical,Auto Manufacturers,N/A,EQUITY,0.0207,3.4,1.464,187.32,0.017259831089106774
2021-05-20,2911.35009765625,2916.800048828125,2861.75,2865.10009765625,2644.06298828125,637388,HEROMOTOCO,Consumer Cyclical,Auto Manufacturers,N/A,EQUITY,0.0207,3.4,1.464,187.32,0.019236498236437496
2021-05-21,2874.0,2890.10009765625,2835.0,2884.39990234375,2661.873779296875,1658538,HEROMOTOCO,Consumer Cyclical,Auto Manufacturers,N/A,EQUITY,0.0207,3.4,1.464,187.32,0.0194356605489418
2021-05-24,2920.0,2963.699951171875,2892.0,2900.449951171875,2676.685546875,1587246,HEROMOTOCO,Consumer Cyclical,Auto Manufacturers,N/A,EQUITY,0.0207,3.4,1.464,187.32,0.0247925142364713
2021-05-25,2924.89990234375,2944.85009765625,2907.39990234375,2929.699951171875,2703.678955078125,501532,HEROMOTOCO,Consumer Cyclical,Auto Manufacturers,N/A,EQUITY,0.0207,3.4,1.464,187.32,0.012880992147764116
2021-05-26,2942.0,2986.75,2920.5,2964.699951171875,2735.97900390625,817054,HEROMOTOCO,Consumer Cyclical,Auto Manufacturers,N/A,EQUITY,0.0207,3.4,1.464,187.32,0.02268447183701421
2021-05-27,2970.0,3028.449951171875,2935.14990234375,2991.300048828125,2760.52685546875,2097924,HEROMOTOCO,Consumer Cyclical,Auto Manufacturers,N/A,EQUITY,0.0207,3.4,1.464,187.32,0.03178714952637474
2021-05-28,3025.0,3033.39990234375,2956.550048828125,2991.550048828125,2760.75732421875,1077246,HEROMOTOCO,Consumer Cyclical,Auto Manufacturers,N/A,EQUITY,0.0207,3.4,1.464,187.32,0.02599308391416734
2021-05-31,2989.0,3015.0,2960.0,3007.5,2775.477294921875,662303,HEROMOTOCO,Consumer Cyclical,Auto Manufacturers,N/A,EQUITY,0.0207,3.4,1.464,187.32,0.018581081081081082
2021-06-01,3016.5,3055.0,2966.0,2976.75,2747.09912109375,971553,HEROMOTOCO,Consumer Cyclical,Auto Manufacturers,N/A,EQUITY,0.0207,3.4,1.464,187.32,0.030006743088334457
2021-06-02,2972.0,2993.0,2942.10009765625,2972.60009765625,2743.26953125,793261,HEROMOTOCO,Consumer Cyclical,Auto Manufacturers,N/A,EQUITY,0.0207,3.4,1.464,187.32,0.0173005338548128
2021-06-03,2984.0,3014.0,2962.0,3008.35009765625,2776.261474609375,851280,HEROMOTOCO,Consumer Cyclical,Auto Manufacturers,N/A,EQUITY,0.0207,3.4,1.464,187.32,0.017555705604321403
2021-06-04,3005.0,3055.0,3004.85009765625,3048.39990234375,2813.2216796875,1023321,HEROMOTOCO,Consumer Cyclical,Auto Manufacturers,N/A,EQUITY,0.0207,3.4,1.464,187.32,0.01668965196728661
2021-06-07,3065.25,3076.60009765625,3040.75,3052.25,2816.7744140625,612460,HEROMOTOCO,Consumer Cyclical,Auto Manufacturers,N/A,EQUITY,0.0207,3.4,1.464,187.32,0.011789886592534736
2021-06-08,3058.0,3078.0,3040.35009765625,3055.949951171875,2820.18896484375,555729,HEROMOTOCO,Consumer Cyclical,Auto Manufacturers,N/A,EQUITY,0.0207,3.4,1.464,187.32,0.01238341017791787
2021-06-09,3055.949951171875,3090.0,3010.60009765625,3023.5,2790.242431640625,845692,HEROMOTOCO,Consumer Cyclical,Auto Manufacturers,N/A,EQUITY,0.0207,3.4,1.464,187.32,0.02637344707640273
2021-06-10,3038.949951171875,3043.89990234375,2999.0,3009.0,2776.86083984375,567660,HEROMOTOCO,Consumer Cyclical,Auto Manufacturers,N/A,EQUITY,0.0207,3.4,1.464,187.32,0.014971624656135378
2021-06-11,3019.0,3038.0,2995.0,3004.35009765625,2772.5703125,467264,HEROMOTOCO,Consumer Cyclical,Auto Manufacturers,N/A,EQUITY,0.0207,3.4,1.464,187.32,0.014357262103505844
2021-06-14,3010.0,3016.949951171875,2943.0,2985.64990234375,2755.312744140625,489598,HEROMOTOCO,Consumer Cyclical,Auto Manufacturers,N/A,EQUITY,0.0207,3.4,1.464,187.32,0.025127404407704723
2021-06-15,2985.0,3025.0,2972.300048828125,3007.050048828125,2775.0615234375,454939,HEROMOTOCO,Consumer Cyclical,Auto Manufacturers,N/A,EQUITY,0.0207,3.4,1.464,187.32,0.017730360430015392
2021-06-16,3008.0,3014.85009765625,2970.0,2975.39990234375,2745.853271484375,444814,HEROMOTOCO,Consumer Cyclical,Auto Manufacturers,N/A,EQUITY,0.0207,3.4,1.464,187.32,0.015101042981902357
2021-06-17,2947.0,2958.949951171875,2902.0,2914.10009765625,2689.282958984375,782315,HEROMOTOCO,Consumer Cyclical,Auto Manufacturers,N/A,EQUITY,0.0207,3.4,1.464,187.32,0.01962438014192798
2021-06-18,2914.10009765625,2945.0,2852.0,2891.35009765625,2668.287841796875,904203,HEROMOTOCO,Consumer Cyclical,Auto Manufacturers,N/A,EQUITY,0.0207,3.4,1.464,187.32,0.03260869565217391
2021-06-21,2870.0,2913.0,2865.0,2894.85009765625,2671.517822265625,577938,HEROMOTOCO,Consumer Cyclical,Auto Manufacturers,N/A,EQUITY,0.0207,3.4,1.464,187.32,0.016753926701570682
2021-06-22,2901.0,2942.050048828125,2896.550048828125,2907.050048828125,2682.776611328125,522538,HEROMOTOCO,Consumer Cyclical,Auto Manufacturers,N/A,EQUITY,0.0207,3.4,1.464,187.32,0.01570834241873646
2021-06-23,2958.949951171875,2995.0,2921.0,2928.35009765625,2702.43310546875,1911546,HEROMOTOCO,Consumer Cyclical,Auto Manufacturers,N/A,EQUITY,0.0207,3.4,1.464,187.32,0.02533378979801438
2021-06-24,2940.0,2940.0,2893.5,2906.949951171875,2682.684326171875,844653,HEROMOTOCO,Consumer Cyclical,Auto Manufacturers,N/A,EQUITY,0.0207,3.4,1.464,187.32,0.01607050285121825
2021-06-25,2908.0,2949.300048828125,2901.949951171875,2939.199951171875,2712.4462890625,631005,HEROMOTOCO,Consumer Cyclical,Auto Manufacturers,N/A,EQUITY,0.0207,3.4,1.464,187.32,0.016316648616606543
2021-06-28,2957.0,2958.39990234375,2929.39990234375,2943.64990234375,2716.552734375,407079,HEROMOTOCO,Consumer Cyclical,Auto Manufacturers,N/A,EQUITY,0.0207,3.4,1.464,187.32,0.009899638481177569
2021-06-29,2943.64990234375,2957.550048828125,2915.0,2927.5,2701.648681640625,470337,HEROMOTOCO,Consumer Cyclical,Auto Manufacturers,N/A,EQUITY,0.0207,3.4,1.464,187.32,0.014596929272084048
2021-06-30,2925.0,2930.0,2897.39990234375,2902.60009765625,2678.669921875,758083,HEROMOTOCO,Consumer Cyclical,Auto Manufacturers,N/A,EQUITY,0.0207,3.4,1.464,187.32,0.011251500916348928
2021-07-01,2905.0,2947.0,2905.0,2922.5,2697.03466796875,634751,HEROMOTOCO,Consumer Cyclical,Auto Manufacturers,N/A,EQUITY,0.0207,3.4,1.464,187.32,0.014457831325301205
2021-07-02,2960.0,2968.949951171875,2907.14990234375,2919.85009765625,2694.589111328125,928741,HEROMOTOCO,Consumer Cyclical,Auto Manufacturers,N/A,EQUITY,0.0207,3.4,1.464,187.32,0.02125795053715726
2021-07-05,2936.89990234375,2951.89990234375,2925.10009765625,2938.050048828125,2711.384765625,480881,HEROMOTOCO,Consumer Cyclical,Auto Manufacturers,N/A,EQUITY,0.0207,3.4,1.464,187.32,0.009162012851790429
2021-07-06,2937.0,2954.0,2912.39990234375,2919.25,2694.035400390625,452807,HEROMOTOCO,Consumer Cyclical,Auto Manufacturers,N/A,EQUITY,0.0207,3.4,1.464,187.32,0.0142837862419829
2021-07-07,2919.0,2922.0,2891.199951171875,2913.35009765625,2688.59033203125,668763,HEROMOTOCO,Consumer Cyclical,Auto Manufacturers,N/A,EQUITY,0.0207,3.4,1.464,187.32,0.01065303311714604
2021-07-08,2911.0,2934.85009765625,2890.14990234375,2900.39990234375,2676.63916015625,524837,HEROMOTOCO,Consumer Cyclical,Auto Manufacturers,N/A,EQUITY,0.0207,3.4,1.464,187.32,0.015466393378506298
2021-07-09,2900.39990234375,2919.64990234375,2876.050048828125,2896.800048828125,2673.317138671875,328728,HEROMOTOCO,Consumer Cyclical,Auto Manufacturers,N/A,EQUITY,0.0207,3.4,1.464,187.32,0.015159629622367034
2021-07-12,2914.0,2926.0,2895.10009765625,2898.199951171875,2674.609130859375,392467,HEROMOTOCO,Consumer Cyclical,Auto Manufacturers,N/A,EQUITY,0.0207,3.4,1.464,187.32,0.010673172360694972
2021-07-13,2919.0,2919.0,2896.300048828125,2904.10009765625,2680.053955078125,317264,HEROMOTOCO,Consumer Cyclical,Auto Manufacturers,N/A,EQUITY,0.0207,3.4,1.464,187.32,0.007837568894514107
2021-07-14,2920.0,2920.0,2896.0,2900.699951171875,2676.916259765625,429264,HEROMOTOCO,Consumer Cyclical,Auto Manufacturers,N/A,EQUITY,0.0207,3.4,1.464,187.32,0.008287292817679558
2021-07-15,2910.0,2913.39990234375,2882.050048828125,2884.64990234375,2662.1044921875,349469,HEROMOTOCO,Consumer Cyclical,Auto Manufacturers,N/A,EQUITY,0.0207,3.4,1.464,187.32,0.010877622867226825
2021-07-16,2887.0,2908.64990234375,2880.0,2904.699951171875,2680.607421875,459445,HEROMOTOCO,Consumer Cyclical,Auto Manufacturers,N/A,EQUITY,0.0207,3.4,1.464,187.32,0.009947882758246528
2021-07-19,2886.0,2894.39990234375,2870.10009765625,2887.10009765625,2664.36572265625,338468,HEROMOTOCO,Consumer Cyclical,Auto Manufacturers,N/A,EQUITY,0.0207,3.4,1.464,187.32,0.00846653561223995
2021-07-20,2888.0,2899.0,2828.0,2839.0,2619.97607421875,481836,HEROMOTOCO,Consumer Cyclical,Auto Manufacturers,N/A,EQUITY,0.0207,3.4,1.464,187.32,0.025106082036775106
2021-07-22,2835.050048828125,2847.0,2806.199951171875,2838.25,2628.54296875,613062,HEROMOTOCO,Consumer Cyclical,Auto Manufacturers,N/A,EQUITY,0.0207,3.4,1.464,187.32,0.014539252205134853
2021-07-23,2850.050048828125,2864.0,2821.0,2835.0,2625.533203125,430659,HEROMOTOCO,Consumer Cyclical,Auto Manufacturers,N/A,EQUITY,0.0207,3.4,1.464,187.32,0.015242821694434599
2021-07-26,2830.0,2833.85009765625,2808.0,2810.25,2602.61181640625,313614,HEROMOTOCO,Consumer Cyclical,Auto Manufacturers,N/A,EQUITY,0.0207,3.4,1.464,187.32,0.009205875233707264
2021-07-27,2821.800048828125,2826.25,2790.5,2793.85009765625,2587.423583984375,427442,HEROMOTOCO,Consumer Cyclical,Auto Manufacturers,N/A,EQUITY,0.0207,3.4,1.464,187.32,0.012811324135459596
2021-07-28,2796.300048828125,2805.949951171875,2761.0,2777.699951171875,2572.466552734375,415048,HEROMOTOCO,Consumer Cyclical,Auto Manufacturers,N/A,EQUITY,0.0207,3.4,1.464,187.32,0.016280315527662077
2021-07-29,2784.800048828125,2784.800048828125,2740.0,2745.699951171875,2542.8310546875,611448,HEROMOTOCO,Consumer Cyclical,Auto Manufacturers,N/A,EQUITY,0.0207,3.4,1.464,187.32,0.016350382783987226
2021-07-30,2764.0,2802.0,2745.699951171875,2763.300048828125,2559.130859375,745920,HEROMOTOCO,Consumer Cyclical,Auto Manufacturers,N/A,EQUITY,0.0207,3.4,1.464,187.32,0.02050480745505201
2021-08-02,2770.10009765625,2796.800048828125,2765.25,2782.199951171875,2576.63427734375,464874,HEROMOTOCO,Consumer Cyclical,Auto Manufacturers,N/A,EQUITY,0.0207,3.4,1.464,187.32,0.0114094743072507
2021-08-03,2784.300048828125,2822.0,2784.300048828125,2819.10009765625,2610.80810546875,530085,HEROMOTOCO,Consumer Cyclical,Auto Manufacturers,N/A,EQUITY,0.0207,3.4,1.464,187.32,0.013540189818170786
2021-08-04,2831.800048828125,2834.300048828125,2801.0,2805.5,2598.212890625,308031,HEROMOTOCO,Consumer Cyclical,Auto Manufacturers,N/A,EQUITY,0.0207,3.4,1.464,187.32,0.01188862864267226
2021-08-05,2806.0,2831.699951171875,2785.0,2818.800048828125,2610.530029296875,316844,HEROMOTOCO,Consumer Cyclical,Auto Manufacturers,N/A,EQUITY,0.0207,3.4,1.464,187.32,0.01676838462185817
2021-08-06,2830.0,2851.050048828125,2811.699951171875,2833.800048828125,2624.421875,445529,HEROMOTOCO,Consumer Cyclical,Auto Manufacturers,N/A,EQUITY,0.0207,3.4,1.464,187.32,0.013995126912403814
2021-08-09,2850.0,2865.89990234375,2825.0,2836.300048828125,2626.7373046875,422204,HEROMOTOCO,Consumer Cyclical,Auto Manufacturers,N/A,EQUITY,0.0207,3.4,1.464,187.32,0.01447784153761062
2021-08-10,2843.85009765625,2843.85009765625,2790.0,2797.050048828125,2590.38720703125,574570,HEROMOTOCO,Consumer Cyclical,Auto Manufacturers,N/A,EQUITY,0.0207,3.4,1.464,187.32,0.019301110271057347
2021-08-11,2810.0,2814.85009765625,2751.25,2781.60009765625,2576.07861328125,551805,HEROMOTOCO,Consumer Cyclical,Auto Manufacturers,N/A,EQUITY,0.0207,3.4,1.464,187.32,0.023116800601999093
2021-08-12,2800.0,2801.25,2775.0,2782.949951171875,2577.328857421875,410605,HEROMOTOCO,Consumer Cyclical,Auto Manufacturers,N/A,EQUITY,0.0207,3.4,1.464,187.32,0.00945945945945946
2021-08-13,2796.85009765625,2814.39990234375,2752.0,2772.199951171875,2567.373291015625,1083905,HEROMOTOCO,Consumer Cyclical,Auto Manufacturers,N/A,EQUITY,0.0207,3.4,1.464,187.32,0.022674383119095202
2021-08-16,2775.0,2777.89990234375,2741.800048828125,2747.35009765625,2544.359130859375,396756,HEROMOTOCO,Consumer Cyclical,Auto Manufacturers,N/A,EQUITY,0.0207,3.4,1.464,187.32,0.013166479273736416
2021-08-17,2754.0,2790.0,2713.0,2782.60009765625,2577.0048828125,877329,HEROMOTOCO,Consumer Cyclical,Auto Manufacturers,N/A,EQUITY,0.0207,3.4,1.464,187.32,0.02838186509399189
2021-08-18,2790.5,2795.0,2752.5,2763.60009765625,2559.408447265625,613650,HEROMOTOCO,Consumer Cyclical,Auto Manufacturers,N/A,EQUITY,0.0207,3.4,1.464,187.32,0.015440508628519528
2021-08-20,2681.199951171875,2741.0,2681.199951171875,2697.5,2498.1923828125,809463,HEROMOTOCO,Consumer Cyclical,Auto Manufacturers,N/A,EQUITY,0.0207,3.4,1.464,187.32,0.022303464835581592
2021-08-23,2701.0,2710.89990234375,2656.5,2680.60009765625,2482.541259765625,758426,HEROMOTOCO,Consumer Cyclical,Auto Manufacturers,N/A,EQUITY,0.0207,3.4,1.464,187.32,0.020478035890739696
2021-08-24,2681.0,2695.0,2652.0,2675.85009765625,2478.142333984375,567946,HEROMOTOCO,Consumer Cyclical,Auto Manufacturers,N/A,EQUITY,0.0207,3.4,1.464,187.32,0.016214177978883863
2021-08-25,2683.0,2708.0,2670.0,2673.949951171875,2476.38232421875,407780,HEROMOTOCO,Consumer Cyclical,Auto Manufacturers,N/A,EQUITY,0.0207,3.4,1.464,187.32,0.014232209737827715
2021-08-26,2675.0,2680.0,2642.5,2647.550048828125,2451.93310546875,445529,HEROMOTOCO,Consumer Cyclical,Auto Manufacturers,N/A,EQUITY,0.0207,3.4,1.464,187.32,0.014191106906338695
2021-08-27,2648.0,2679.89990234375,2636.0,2674.050048828125,2476.475341796875,517155,HEROMOTOCO,Consumer Cyclical,Auto Manufacturers,N/A,EQUITY,0.0207,3.4,1.464,187.32,0.01665398419717375
2021-08-30,2680.0,2729.0,2680.0,2726.25,2524.818603515625,518747,HEROMOTOCO,Consumer Cyclical,Auto Manufacturers,N/A,EQUITY,0.0207,3.4,1.464,187.32,0.01828358208955224
2021-08-31,2727.0,2746.0,2701.10009765625,2741.85009765625,2539.265625,708031,HEROMOTOCO,Consumer Cyclical,Auto Manufacturers,N/A,EQUITY,0.0207,3.4,1.464,187.32,0.01662282059917355
2021-09-01,2759.0,2764.0,2730.60009765625,2740.85009765625,2538.339599609375,442282,HEROMOTOCO,Consumer Cyclical,Auto Manufacturers,N/A,EQUITY,0.0207,3.4,1.464,187.32,0.012231707737950374
2021-09-02,2725.0,2738.85009765625,2702.60009765625,2730.35009765625,2528.615478515625,422436,HEROMOTOCO,Consumer Cyclical,Auto Manufacturers,N/A,EQUITY,0.0207,3.4,1.464,187.32,0.013413009209700223
2021-09-03,2732.0,2813.949951171875,2732.0,2799.449951171875,2592.60986328125,981491,HEROMOTOCO,Consumer Cyclical,Auto Manufacturers,N/A,EQUITY,0.0207,3.4,1.464,187.32,0.029996321805225108
2021-09-06,2824.800048828125,2830.0,2801.0,2817.199951171875,2609.04833984375,580935,HEROMOTOCO,Consumer Cyclical,Auto Manufacturers,N/A,EQUITY,0.0207,3.4,1.464,187.32,0.01035344519814352
2021-09-07,2818.25,2825.0,2791.0,2797.75,2591.035400390625,311022,HEROMOTOCO,Consumer Cyclical,Auto Manufacturers,N/A,EQUITY,0.0207,3.4,1.464,187.32,0.012182013615191688
2021-09-08,2799.0,2809.800048828125,2780.0,2798.35009765625,2591.59130859375,341207,HEROMOTOCO,Consumer Cyclical,Auto Manufacturers,N/A,EQUITY,0.0207,3.4,1.464,187.32,0.010719442024505395
2021-09-09,2783.0,2806.300048828125,2763.0,2796.699951171875,2590.06298828125,403669,HEROMOTOCO,Consumer Cyclical,Auto Manufacturers,N/A,EQUITY,0.0207,3.4,1.464,187.32,0.015671389369571118
2021-09-13,2770.0,2812.89990234375,2770.0,2789.800048828125,2583.673095703125,279930,HEROMOTOCO,Consumer Cyclical,Auto Manufacturers,N/A,EQUITY,0.0207,3.4,1.464,187.32,0.015487329365974729
2021-09-14,2800.0,2861.0,2800.0,2851.699951171875,2640.999267578125,880592,HEROMOTOCO,Consumer Cyclical,Auto Manufacturers,N/A,EQUITY,0.0207,3.4,1.464,187.32,0.021785714285714287
2021-09-15,2860.0,2885.0,2860.0,2874.949951171875,2662.53125,681873,HEROMOTOCO,Consumer Cyclical,Auto Manufacturers,N/A,EQUITY,0.0207,3.4,1.464,187.32,0.008741258741258742
2021-09-16,2889.0,2926.0,2881.89990234375,2920.39990234375,2704.623291015625,1118060,HEROMOTOCO,Consumer Cyclical,Auto Manufacturers,N/A,EQUITY,0.0207,3.4,1.464,187.32,0.015302439068194182
2021-09-17,2941.0,2954.449951171875,2896.64990234375,2932.10009765625,2715.458740234375,1024040,HEROMOTOCO,Consumer Cyclical,Auto Manufacturers,N/A,EQUITY,0.0207,3.4,1.464,187.32,0.019954102420647237
2021-09-20,2920.0,2920.0,2873.550048828125,2889.5,2676.00634765625,442234,HEROMOTOCO,Consumer Cyclical,Auto Manufacturers,N/A,EQUITY,0.0207,3.4,1.464,187.32,0.016164657090562234
2021-09-21,2890.0,2895.0,2814.39990234375,2850.449951171875,2639.841552734375,580932,HEROMOTOCO,Consumer Cyclical,Auto Manufacturers,N/A,EQUITY,0.0207,3.4,1.464,187.32,0.028638466619164034
2021-09-22,2850.0,2860.0,2825.10009765625,2847.199951171875,2636.831787109375,561230,HEROMOTOCO,Consumer Cyclical,Auto Manufacturers,N/A,EQUITY,0.0207,3.4,1.464,187.32,0.0123535100128677
2021-09-23,2850.0,2882.0,2847.25,2853.050048828125,2642.24951171875,448036,HEROMOTOCO,Consumer Cyclical,Auto Manufacturers,N/A,EQUITY,0.0207,3.4,1.464,187.32,0.01220475897796119
2021-09-24,2850.0,2862.300048828125,2817.35009765625,2833.449951171875,2624.09765625,603710,HEROMOTOCO,Consumer Cyclical,Auto Manufacturers,N/A,EQUITY,0.0207,3.4,1.464,187.32,0.015954691328304852
2021-09-27,2841.0,2928.0,2841.0,2912.949951171875,2697.7236328125,1187306,HEROMOTOCO,Consumer Cyclical,Auto Manufacturers,N/A,EQUITY,0.0207,3.4,1.464,187.32,0.030623020063357972
2021-09-28,2927.949951171875,2939.0,2891.0,2920.550048828125,2704.76220703125,788979,HEROMOTOCO,Consumer Cyclical,Auto Manufacturers,N/A,EQUITY,0.0207,3.4,1.464,187.32,0.016603251470079558
2021-09-29,2915.0,2920.550048828125,2865.5,2886.14990234375,2672.90380859375,613787,HEROMOTOCO,Consumer Cyclical,Auto Manufacturers,N/A,EQUITY,0.0207,3.4,1.464,187.32,0.019211323967239576
2021-09-30,2857.300048828125,2878.85009765625,2827.199951171875,2832.5,2623.218017578125,920513,HEROMOTOCO,Consumer Cyclical,Auto Manufacturers,N/A,EQUITY,0.0207,3.4,1.464,187.32,0.018269010815087913
2021-10-01,2827.199951171875,2851.0,2802.25,2847.949951171875,2637.5263671875,329726,HEROMOTOCO,Consumer Cyclical,Auto Manufacturers,N/A,EQUITY,0.0207,3.4,1.464,187.32,0.017396734766705325
2021-10-04,2861.550048828125,2870.0,2850.0,2855.550048828125,2644.56494140625,386779,HEROMOTOCO,Consumer Cyclical,Auto Manufacturers,N/A,EQUITY,0.0207,3.4,1.464,187.32,0.007017543859649123
2021-10-05,2853.0,2859.64990234375,2840.0,2844.550048828125,2634.377685546875,316991,HEROMOTOCO,Consumer Cyclical,Auto Manufacturers,N/A,EQUITY,0.0207,3.4,1.464,187.32,0.006918979698503521
2021-10-06,2840.0,2850.0,2781.0,2798.14990234375,2591.40576171875,468624,HEROMOTOCO,Consumer Cyclical,Auto Manufacturers,N/A,EQUITY,0.0207,3.4,1.464,187.32,0.02481121898597627
2021-10-07,2820.0,2859.35009765625,2810.0,2841.64990234375,2631.69189453125,552458,HEROMOTOCO,Consumer Cyclical,Auto Manufacturers,N/A,EQUITY,0.0207,3.4,1.464,187.32,0.017562312333185053
2021-10-08,2867.75,2872.0,2840.0,2842.10009765625,2632.108642578125,300133,HEROMOTOCO,Consumer Cyclical,Auto Manufacturers,N/A,EQUITY,0.0207,3.4,1.464,187.32,0.011267605633802818
2021-10-11,2845.0,2878.550048828125,2843.199951171875,2857.800048828125,2646.6484375,658779,HEROMOTOCO,Consumer Cyclical,Auto Manufacturers,N/A,EQUITY,0.0207,3.4,1.464,187.32,0.012433208449402173
2021-10-12,2873.89990234375,2927.5,2855.25,2916.64990234375,2701.150390625,956819,HEROMOTOCO,Consumer Cyclical,Auto Manufacturers,N/A,EQUITY,0.0207,3.4,1.464,187.32,0.025304264074949654
2021-10-13,2926.0,2946.85009765625,2907.050048828125,2925.199951171875,2709.06884765625,754779,HEROMOTOCO,Consumer Cyclical,Auto Manufacturers,N/A,EQUITY,0.0207,3.4,1.464,187.32,0.013690871556947906
2021-10-14,2934.0,2944.14990234375,2900.0,2927.800048828125,2711.4765625,572466,HEROMOTOCO,Consumer Cyclical,Auto Manufacturers,N/A,EQUITY,0.0207,3.4,1.464,187.32,0.015224104256465518
2021-10-18,2939.0,2950.0,2896.199951171875,2904.10009765625,2689.527587890625,440831,HEROMOTOCO,Consumer Cyclical,Auto Manufacturers,N/A,EQUITY,0.0207,3.4,1.464,187.32,0.01857608236142541
2021-10-19,2904.10009765625,2930.0,2865.5,2876.050048828125,2663.55029296875,447221,HEROMOTOCO,Consumer Cyclical,Auto Manufacturers,N/A,EQUITY,0.0207,3.4,1.464,187.32,0.022509160704938056
2021-10-20,2863.0,2876.0,2802.0,2816.0,2607.937255859375,424722,HEROMOTOCO,Consumer Cyclical,Auto Manufacturers,N/A,EQUITY,0.0207,3.4,1.464,187.32,0.026409707351891507
2021-10-21,2835.0,2835.0,2725.0,2756.89990234375,2553.203857421875,737326,HEROMOTOCO,Consumer Cyclical,Auto Manufacturers,N/A,EQUITY,0.0207,3.4,1.464,187.32,0.04036697247706422
2021-10-22,2774.0,2800.0,2727.449951171875,2744.14990234375,2541.395751953125,387942,HEROMOTOCO,Consumer Cyclical,Auto Manufacturers,N/A,EQUITY,0.0207,3.4,1.464,187.32,0.02659995604940548
2021-10-25,2743.949951171875,2754.85009765625,2679.050048828125,2686.800048828125,2488.283203125,326076,HEROMOTOCO,Consumer Cyclical,Auto Manufacturers,N/A,EQUITY,0.0207,3.4,1.464,187.32,0.028293629251637756
2021-10-26,2696.89990234375,2708.0,2685.0,2700.5,2500.970458984375,282346,HEROMOTOCO,Consumer Cyclical,Auto Manufacturers,N/A,EQUITY,0.0207,3.4,1.464,187.32,0.00856610800744879
2021-10-27,2713.949951171875,2729.35009765625,2682.0,2690.14990234375,2491.38525390625,444512,HEROMOTOCO,Consumer Cyclical,Auto Manufacturers,N/A,EQUITY,0.0207,3.4,1.464,187.32,0.01765477168391126
2021-10-28,2713.800048828125,2713.800048828125,2660.0,2667.75,2470.640625,366561,HEROMOTOCO,Consumer Cyclical,Auto Manufacturers,N/A,EQUITY,0.0207,3.4,1.464,187.32,0.020225582266212405
2021-10-29,2681.0,2702.85009765625,2639.0,2657.10009765625,2460.77734375,614962,HEROMOTOCO,Consumer Cyclical,Auto Manufacturers,N/A,EQUITY,0.0207,3.4,1.464,187.32,0.024194807751515727
2021-11-01,2675.0,2692.800048828125,2642.0,2680.699951171875,2482.634033203125,502481,HEROMOTOCO,Consumer Cyclical,Auto Manufacturers,N/A,EQUITY,0.0207,3.4,1.464,187.32,0.019227876165073807
2021-11-02,2695.0,2701.550048828125,2676.550048828125,2684.300048828125,2485.9677734375,813089,HEROMOTOCO,Consumer Cyclical,Auto Manufacturers,N/A,EQUITY,0.0207,3.4,1.464,187.32,0.009340382038043996
2021-11-03,2697.0,2697.0,2640.0,2641.449951171875,2446.28369140625,504184,HEROMOTOCO,Consumer Cyclical,Auto Manufacturers,N/A,EQUITY,0.0207,3.4,1.464,187.32,0.02159090909090909
2021-11-04,2650.0,2685.0,2650.0,2677.5,2479.670166015625,93301,HEROMOTOCO,Consumer Cyclical,Auto Manufacturers,N/A,EQUITY,0.0207,3.4,1.464,187.32,0.013207547169811321
2021-11-08,2707.699951171875,2709.699951171875,2670.5,2682.89990234375,2484.67138671875,644351,HEROMOTOCO,Consumer Cyclical,Auto Manufacturers,N/A,EQUITY,0.0207,3.4,1.464,187.32,0.01467888079830556
2021-11-09,2694.949951171875,2750.0,2683.60009765625,2714.35009765625,2513.797607421875,723569,HEROMOTOCO,Consumer Cyclical,Auto Manufacturers,N/A,EQUITY,0.0207,3.4,1.464,187.32,0.024742845404477756
2021-11-10,2714.0,2731.949951171875,2701.85009765625,2718.800048828125,2517.9189453125,390217,HEROMOTOCO,Consumer Cyclical,Auto Manufacturers,N/A,EQUITY,0.0207,3.4,1.464,187.32,0.011140460213442432
2021-11-11,2725.0,2725.0,2685.60009765625,2700.89990234375,2501.341064453125,264937,HEROMOTOCO,Consumer Cyclical,Auto Manufacturers,N/A,EQUITY,0.0207,3.4,1.464,187.32,0.01467080016050591
2021-11-12,2720.0,2720.0,2680.0,2683.050048828125,2484.81005859375,352693,HEROMOTOCO,Consumer Cyclical,Auto Manufacturers,N/A,EQUITY,0.0207,3.4,1.464,187.32,0.014925373134328358
2021-11-15,2735.0,2784.800048828125,2686.0,2693.25,2494.25634765625,2023708,HEROMOTOCO,Consumer Cyclical,Auto Manufacturers,N/A,EQUITY,0.0207,3.4,1.464,187.32,0.036783339102056965
2021-11-16,2712.199951171875,2769.0,2701.0,2750.89990234375,2547.64697265625,1246961,HEROMOTOCO,Consumer Cyclical,Auto Manufacturers,N/A,EQUITY,0.0207,3.4,1.464,187.32,0.025175860792299148
2021-11-17,2750.89990234375,2773.64990234375,2731.85009765625,2749.35009765625,2546.21142578125,570038,HEROMOTOCO,Consumer Cyclical,Auto Manufacturers,N/A,EQUITY,0.0207,3.4,1.464,187.32,0.015300914469414525
2021-11-18,2760.0,2763.0,2667.14990234375,2684.85009765625,2486.477294921875,559569,HEROMOTOCO,Consumer Cyclical,Auto Manufacturers,N/A,EQUITY,0.0207,3.4,1.464,187.32,0.035937274306188045
2021-11-22,2685.0,2698.199951171875,2618.699951171875,2634.60009765625,2439.940185546875,636253,HEROMOTOCO,Consumer Cyclical,Auto Manufacturers,N/A,EQUITY,0.0207,3.4,1.464,187.32,0.030358575431455422
2021-11-23,2624.949951171875,2646.89990234375,2600.0,2632.199951171875,2437.71728515625,626376,HEROMOTOCO,Consumer Cyclical,Auto Manufacturers,N/A,EQUITY,0.0207,3.4,1.464,187.32,0.018038423978365383
2021-11-24,2646.5,2657.89990234375,2613.0,2621.050048828125,2427.39111328125,564230,HEROMOTOCO,Consumer Cyclical,Auto Manufacturers,N/A,EQUITY,0.0207,3.4,1.464,187.32,0.01718327682500957
2021-11-25,2640.0,2640.0,2581.10009765625,2594.699951171875,2402.988037109375,625134,HEROMOTOCO,Consumer Cyclical,Auto Manufacturers,N/A,EQUITY,0.0207,3.4,1.464,187.32,0.022819689324421646
2021-11-26,2580.0,2589.699951171875,2505.14990234375,2529.39990234375,2342.5126953125,685448,HEROMOTOCO,Consumer Cyclical,Auto Manufacturers,N/A,EQUITY,0.0207,3.4,1.464,187.32,0.03375049483027833
2021-11-29,2525.0,2528.949951171875,2446.14990234375,2490.800048828125,2306.764892578125,594113,HEROMOTOCO,Consumer Cyclical,Auto Manufacturers,N/A,EQUITY,0.0207,3.4,1.464,187.32,0.03384913113819848
2021-11-30,2476.0,2512.64990234375,2424.050048828125,2449.300048828125,2268.331298828125,1527406,HEROMOTOCO,Consumer Cyclical,Auto Manufacturers,N/A,EQUITY,0.0207,3.4,1.464,187.32,0.036550340022252194
2021-12-01,2480.0,2480.0,2437.050048828125,2448.199951171875,2267.312255859375,769987,HEROMOTOCO,Consumer Cyclical,Auto Manufacturers,N/A,EQUITY,0.0207,3.4,1.464,187.32,0.017623746050077153
2021-12-02,2428.0,2483.199951171875,2408.89990234375,2472.699951171875,2290.001953125,921229,HEROMOTOCO,Consumer Cyclical,Auto Manufacturers,N/A,EQUITY,0.0207,3.4,1.464,187.32,0.030843975192092636
2021-12-03,2485.0,2497.449951171875,2451.050048828125,2462.449951171875,2280.50927734375,499760,HEROMOTOCO,Consumer Cyclical,Auto Manufacturers,N/A,EQUITY,0.0207,3.4,1.464,187.32,0.018930622149447466
2021-12-06,2474.75,2475.39990234375,2411.64990234375,2420.0,2241.195556640625,347297,HEROMOTOCO,Consumer Cyclical,Auto Manufacturers,N/A,EQUITY,0.0207,3.4,1.464,187.32,0.026434185135265645
2021-12-07,2435.0,2475.0,2430.10009765625,2461.800048828125,2279.907470703125,347226,HEROMOTOCO,Consumer Cyclical,Auto Manufacturers,N/A,EQUITY,0.0207,3.4,1.464,187.32,0.018476564972387123
2021-12-08,2460.14990234375,2500.0,2460.14990234375,2490.64990234375,2306.625732421875,308181,HEROMOTOCO,Consumer Cyclical,Auto Manufacturers,N/A,EQUITY,0.0207,3.4,1.464,187.32,0.016198239635026052
2021-12-09,2510.0,2528.89990234375,2481.39990234375,2520.949951171875,2334.687255859375,402958,HEROMOTOCO,Consumer Cyclical,Auto Manufacturers,N/A,EQUITY,0.0207,3.4,1.464,187.32,0.019142420355193434
2021-12-10,2520.699951171875,2544.800048828125,2512.89990234375,2526.85009765625,2340.1513671875,327197,HEROMOTOCO,Consumer Cyclical,Auto Manufacturers,N/A,EQUITY,0.0207,3.4,1.464,187.32,0.012694555184877096
2021-12-13,2550.0,2552.0,2490.0,2495.0,2310.654541015625,332491,HEROMOTOCO,Consumer Cyclical,Auto Manufacturers,N/A,EQUITY,0.0207,3.4,1.464,187.32,0.024899598393574297
2021-12-14,2480.0,2488.0,2460.0,2483.800048828125,2300.281982421875,365318,HEROMOTOCO,Consumer Cyclical,Auto Manufacturers,N/A,EQUITY,0.0207,3.4,1.464,187.32,0.011382113821138212
2021-12-15,2484.10009765625,2524.0,2476.14990234375,2507.14990234375,2321.90673828125,470021,HEROMOTOCO,Consumer Cyclical,Auto Manufacturers,N/A,EQUITY,0.0207,3.4,1.464,187.32,0.019324394541283003
2021-12-16,2513.0,2525.0,2459.300048828125,2471.10009765625,2288.5205078125,496003,HEROMOTOCO,Consumer Cyclical,Auto Manufacturers,N/A,EQUITY,0.0207,3.4,1.464,187.32,0.026714898494464522
2021-12-17,2469.0,2469.0,2421.0,2444.64990234375,2264.024169921875,492339,HEROMOTOCO,Consumer Cyclical,Auto Manufacturers,N/A,EQUITY,0.0207,3.4,1.464,187.32,0.01982651796778191
2021-12-20,2435.0,2435.0,2310.0,2356.64990234375,2182.526611328125,687713,HEROMOTOCO,Consumer Cyclical,Auto Manufacturers,N/A,EQUITY,0.0207,3.4,1.464,187.32,0.05411255411255411
2021-12-21,2390.0,2390.0,2333.050048828125,2347.39990234375,2173.9599609375,401977,HEROMOTOCO,Consumer Cyclical,Auto Manufacturers,N/A,EQUITY,0.0207,3.4,1.464,187.32,0.024410085501800773
2021-12-22,2355.0,2366.0,2337.300048828125,2348.800048828125,2175.256591796875,367785,HEROMOTOCO,Consumer Cyclical,Auto Manufacturers,N/A,EQUITY,0.0207,3.4,1.464,187.32,0.012279104339327154
2021-12-23,2365.0,2403.0,2352.5,2392.699951171875,2215.9130859375,472868,HEROMOTOCO,Consumer Cyclical,Auto Manufacturers,N/A,EQUITY,0.0207,3.4,1.464,187.32,0.02146652497343252
2021-12-24,2413.0,2413.0,2376.60009765625,2392.449951171875,2215.681396484375,343453,HEROMOTOCO,Consumer Cyclical,Auto Manufacturers,N/A,EQUITY,0.0207,3.4,1.464,187.32,0.015315955923609854
2021-12-27,2390.0,2410.199951171875,2371.0,2402.0,2224.52587890625,223494,HEROMOTOCO,Consumer Cyclical,Auto Manufacturers,N/A,EQUITY,0.0207,3.4,1.464,187.32,0.016533087799188106
2021-12-28,2404.0,2425.0,2395.89990234375,2417.800048828125,2239.158447265625,265463,HEROMOTOCO,Consumer Cyclical,Auto Manufacturers,N/A,EQUITY,0.0207,3.4,1.464,187.32,0.012145790242648828
2021-12-29,2421.0,2442.800048828125,2410.0,2433.25,2253.466796875,270407,HEROMOTOCO,Consumer Cyclical,Auto Manufacturers,N/A,EQUITY,0.0207,3.4,1.464,187.32,0.013609978766856847
2021-12-30,2425.0,2437.85009765625,2412.35009765625,2431.89990234375,2252.21630859375,366389,HEROMOTOCO,Consumer Cyclical,Auto Manufacturers,N/A,EQUITY,0.0207,3.4,1.464,187.32,0.01057060499832709
2021-12-31,2432.0,2483.60009765625,2432.0,2462.10009765625,2280.185302734375,253608,HEROMOTOCO,Consumer Cyclical,Auto Manufacturers,N/A,EQUITY,0.0207,3.4,1.464,187.32,0.021217145417865953
2022-01-03,2463.0,2496.5,2463.0,2476.60009765625,2293.6142578125,234912,HEROMOTOCO,Consumer Cyclical,Auto Manufacturers,N/A,EQUITY,0.0207,3.4,1.464,187.32,0.013601299228583028
2022-01-04,2492.0,2496.60009765625,2468.39990234375,2484.89990234375,2301.300537109375,181575,HEROMOTOCO,Consumer Cyclical,Auto Manufacturers,N/A,EQUITY,0.0207,3.4,1.464,187.32,0.011424484049656567
2022-01-05,2484.949951171875,2512.949951171875,2477.949951171875,2506.0,2320.841552734375,294097,HEROMOTOCO,Consumer Cyclical,Auto Manufacturers,N/A,EQUITY,0.0207,3.4,1.464,187.32,0.014124579063208182
2022-01-06,2490.0,2509.0,2464.0,2496.0,2311.58056640625,406402,HEROMOTOCO,Consumer Cyclical,Auto Manufacturers,N/A,EQUITY,0.0207,3.4,1.464,187.32,0.018262987012987012
2022-01-07,2509.0,2515.5,2482.0,2499.10009765625,2314.45166015625,308537,HEROMOTOCO,Consumer Cyclical,Auto Manufacturers,N/A,EQUITY,0.0207,3.4,1.464,187.32,0.013497179693795327
2022-01-10,2489.300048828125,2584.0,2489.300048828125,2578.10009765625,2387.61474609375,783876,HEROMOTOCO,Consumer Cyclical,Auto Manufacturers,N/A,EQUITY,0.0207,3.4,1.464,187.32,0.038042802922233665
2022-01-11,2584.64990234375,2592.14990234375,2560.800048828125,2568.25,2378.4921875,372092,HEROMOTOCO,Consumer Cyclical,Auto Manufacturers,N/A,EQUITY,0.0207,3.4,1.464,187.32,0.012242210605225247
2022-01-12,2575.0,2595.0,2562.0,2590.5,2399.098388671875,410716,HEROMOTOCO,Consumer Cyclical,Auto Manufacturers,N/A,EQUITY,0.0207,3.4,1.464,187.32,0.01288056206088993
2022-01-13,2599.0,2600.0,2570.0,2593.60009765625,2401.96923828125,243121,HEROMOTOCO,Consumer Cyclical,Auto Manufacturers,N/A,EQUITY,0.0207,3.4,1.464,187.32,0.011673151750972763
2022-01-14,2590.0,2594.800048828125,2555.0,2569.699951171875,2379.8349609375,267065,HEROMOTOCO,Consumer Cyclical,Auto Manufacturers,N/A,EQUITY,0.0207,3.4,1.464,187.32,0.015577318523727984
2022-01-17,2599.0,2724.449951171875,2591.449951171875,2701.5,2501.897216796875,2357848,HEROMOTOCO,Consumer Cyclical,Auto Manufacturers,N/A,EQUITY,0.0207,3.4,1.464,187.32,0.0513226195782235
2022-01-18,2703.0,2727.0,2655.199951171875,2692.85009765625,2493.88623046875,1082632,HEROMOTOCO,Consumer Cyclical,Auto Manufacturers,N/A,EQUITY,0.0207,3.4,1.464,187.32,0.027041296380122325
2022-01-19,2695.0,2740.0,2675.050048828125,2699.800048828125,2500.322509765625,763040,HEROMOTOCO,Consumer Cyclical,Auto Manufacturers,N/A,EQUITY,0.0207,3.4,1.464,187.32,0.0242799013051468
2022-01-20,2700.0,2759.25,2696.050048828125,2709.449951171875,2509.259765625,1022978,HEROMOTOCO,Consumer Cyclical,Auto Manufacturers,N/A,EQUITY,0.0207,3.4,1.464,187.32,0.023441683213316356
2022-01-21,2703.699951171875,2777.0,2657.25,2750.10009765625,2546.906005859375,1170753,HEROMOTOCO,Consumer Cyclical,Auto Manufacturers,N/A,EQUITY,0.0207,3.4,1.464,187.32,0.04506538714836767
2022-01-24,2740.0,2769.39990234375,2667.550048828125,2706.199951171875,2506.24951171875,593277,HEROMOTOCO,Consumer Cyclical,Auto Manufacturers,N/A,EQUITY,0.0207,3.4,1.464,187.32,0.03818104689745874
2022-01-25,2704.10009765625,2789.0,2652.85009765625,2782.050048828125,2576.49560546875,971148,HEROMOTOCO,Consumer Cyclical,Auto Manufacturers,N/A,EQUITY,0.0207,3.4,1.464,187.32,0.051322124255733945
2022-01-27,2733.0,2770.0,2689.0,2715.0,2514.3994140625,559824,HEROMOTOCO,Consumer Cyclical,Auto Manufacturers,N/A,EQUITY,0.0207,3.4,1.464,187.32,0.030122722201561918
2022-01-28,2720.199951171875,2755.0,2663.050048828125,2672.14990234375,2474.715576171875,466238,HEROMOTOCO,Consumer Cyclical,Auto Manufacturers,N/A,EQUITY,0.0207,3.4,1.464,187.32,0.034528059738245465
2022-01-31,2680.14990234375,2734.050048828125,2680.14990234375,2724.300048828125,2523.012451171875,442531,HEROMOTOCO,Consumer Cyclical,Auto Manufacturers,N/A,EQUITY,0.0207,3.4,1.464,187.32,0.02011087008127424
2022-02-01,2748.0,2769.800048828125,2678.0,2726.75,2525.28125,414159,HEROMOTOCO,Consumer Cyclical,Auto Manufacturers,N/A,EQUITY,0.0207,3.4,1.464,187.32,0.034279331153146006
2022-02-02,2703.0,2743.39990234375,2698.0,2702.39990234375,2502.730224609375,283071,HEROMOTOCO,Consumer Cyclical,Auto Manufacturers,N/A,EQUITY,0.0207,3.4,1.464,187.32,0.01682724327047813
2022-02-03,2704.300048828125,2817.949951171875,2684.0,2781.5,2575.986328125,1436881,HEROMOTOCO,Consumer Cyclical,Auto Manufacturers,N/A,EQUITY,0.0207,3.4,1.464,187.32,0.04990683724734538
2022-02-04,2765.0,2780.0,2712.75,2721.75,2520.650634765625,585251,HEROMOTOCO,Consumer Cyclical,Auto Manufacturers,N/A,EQUITY,0.0207,3.4,1.464,187.32,0.024790341903971985
2022-02-07,2721.75,2734.0,2625.0,2648.050048828125,2452.396240234375,688838,HEROMOTOCO,Consumer Cyclical,Auto Manufacturers,N/A,EQUITY,0.0207,3.4,1.464,187.32,0.041523809523809525
2022-02-08,2660.550048828125,2691.64990234375,2650.0,2671.949951171875,2474.530517578125,625615,HEROMOTOCO,Consumer Cyclical,Auto Manufacturers,N/A,EQUITY,0.0207,3.4,1.464,187.32,0.015716944280660377
2022-02-09,2680.39990234375,2736.60009765625,2673.050048828125,2728.85009765625,2527.226318359375,359950,HEROMOTOCO,Consumer Cyclical,Auto Manufacturers,N/A,EQUITY,0.0207,3.4,1.464,187.32,0.023774358005749115
2022-02-10,2745.39990234375,2751.0,2701.050048828125,2734.10009765625,2532.08837890625,448648,HEROMOTOCO,Consumer Cyclical,Auto Manufacturers,N/A,EQUITY,0.0207,3.4,1.464,187.32,0.018492789940544138
2022-02-11,2670.0,2747.0,2655.0,2718.60009765625,2517.73388671875,1235994,HEROMOTOCO,Consumer Cyclical,Auto Manufacturers,N/A,EQUITY,0.0207,3.4,1.464,187.32,0.03465160075329567
2022-02-14,2681.0,2703.14990234375,2630.75,2648.5,2452.81298828125,576694,HEROMOTOCO,Consumer Cyclical,Auto Manufacturers,N/A,EQUITY,0.0207,3.4,1.464,187.32,0.027520631889670247
2022-02-15,2650.0,2787.85009765625,2630.0,2778.64990234375,2573.3466796875,1131545,HEROMOTOCO,Consumer Cyclical,Auto Manufacturers,N/A,EQUITY,0.0207,3.4,1.464,187.32,0.0600190485384981
2022-02-16,2766.199951171875,2844.60009765625,2766.199951171875,2786.800048828125,2580.894287109375,1127829,HEROMOTOCO,Consumer Cyclical,Auto Manufacturers,N/A,EQUITY,0.0207,3.4,1.464,187.32,0.028342183453210424
2022-02-17,2800.0,2872.300048828125,2780.550048828125,2793.449951171875,2587.052978515625,1166885,HEROMOTOCO,Consumer Cyclical,Auto Manufacturers,N/A,EQUITY,0.0207,3.4,1.464,187.32,0.03299706834576434
2022-02-18,2780.0,2818.0,2748.949951171875,2774.050048828125,2569.086669921875,662754,HEROMOTOCO,Consumer Cyclical,Auto Manufacturers,N/A,EQUITY,0.0207,3.4,1.464,187.32,0.025118699887092897
2022-02-21,2719.949951171875,2748.0,2685.0,2713.35009765625,2568.424072265625,522214,HEROMOTOCO,Consumer Cyclical,Auto Manufacturers,N/A,EQUITY,0.0207,3.4,1.464,187.32,0.02346368715083799
2022-02-22,2674.949951171875,2752.0,2646.050048828125,2731.0,2585.13134765625,644900,HEROMOTOCO,Consumer Cyclical,Auto Manufacturers,N/A,EQUITY,0.0207,3.4,1.464,187.32,0.04004079636316698
2022-02-23,2745.0,2762.449951171875,2665.0,2670.64990234375,2528.00439453125,631227,HEROMOTOCO,Consumer Cyclical,Auto Manufacturers,N/A,EQUITY,0.0207,3.4,1.464,187.32,0.036566585805581614
2022-02-24,2618.60009765625,2624.60009765625,2440.0,2490.39990234375,2357.38232421875,1934361,HEROMOTOCO,Consumer Cyclical,Auto Manufacturers,N/A,EQUITY,0.0207,3.4,1.464,187.32,0.07565577772797132
2022-02-25,2584.699951171875,2592.0,2504.699951171875,2558.39990234375,2421.75,715496,HEROMOTOCO,Consumer Cyclical,Auto Manufacturers,N/A,EQUITY,0.0207,3.4,1.464,187.32,0.03485449376372603
2022-02-28,2527.0,2546.949951171875,2489.050048828125,2535.449951171875,2400.02587890625,1008620,HEROMOTOCO,Consumer Cyclical,Auto Manufacturers,N/A,EQUITY,0.0207,3.4,1.464,187.32,0.02326184737466809
2022-03-02,2498.0,2498.5,2421.0,2426.300048828125,2296.7060546875,855090,HEROMOTOCO,Consumer Cyclical,Auto Manufacturers,N/A,EQUITY,0.0207,3.4,1.464,187.32,0.03201156546881454
2022-03-03,2441.0,2468.0,2405.0,2417.39990234375,2288.28125,831912,HEROMOTOCO,Consumer Cyclical,Auto Manufacturers,N/A,EQUITY,0.0207,3.4,1.464,187.32,0.026195426195426197
2022-03-04,2400.0,2403.60009765625,2301.10009765625,2311.300048828125,2187.84814453125,1266961,HEROMOTOCO,Consumer Cyclical,Auto Manufacturers,N/A,EQUITY,0.0207,3.4,1.464,187.32,0.04454391188996941
2022-03-07,2289.800048828125,2289.800048828125,2170.10009765625,2198.699951171875,2081.262451171875,1284637,HEROMOTOCO,Consumer Cyclical,Auto Manufacturers,N/A,EQUITY,0.0207,3.4,1.464,187.32,0.05515872346218189
2022-03-08,2181.0,2259.25,2146.85009765625,2251.64990234375,2131.38427734375,1081826,HEROMOTOCO,Consumer Cyclical,Auto Manufacturers,N/A,EQUITY,0.0207,3.4,1.464,187.32,0.0523557291990059
2022-03-09,2266.0,2310.60009765625,2235.14990234375,2290.5,2168.1591796875,670764,HEROMOTOCO,Consumer Cyclical,Auto Manufacturers,N/A,EQUITY,0.0207,3.4,1.464,187.32,0.033756212607209866
2022-03-10,2350.0,2410.449951171875,2312.050048828125,2320.75,2196.793701171875,716132,HEROMOTOCO,Consumer Cyclical,Auto Manufacturers,N/A,EQUITY,0.0207,3.4,1.464,187.32,0.04255959008916114
2022-03-11,2318.0,2345.0,2287.10009765625,2331.199951171875,2206.685302734375,467988,HEROMOTOCO,Consumer Cyclical,Auto Manufacturers,N/A,EQUITY,0.0207,3.4,1.464,187.32,0.025315858454592364
2022-03-14,2330.0,2351.0,2282.300048828125,2341.89990234375,2216.813720703125,382149,HEROMOTOCO,Consumer Cyclical,Auto Manufacturers,N/A,EQUITY,0.0207,3.4,1.464,187.32,0.03010119164969121
2022-03-15,2345.0,2380.0,2300.0,2318.39990234375,2194.56884765625,612285,HEROMOTOCO,Consumer Cyclical,Auto Manufacturers,N/A,EQUITY,0.0207,3.4,1.464,187.32,0.034782608695652174
2022-03-16,2350.199951171875,2376.5,2335.0,2369.5,2242.939697265625,493507,HEROMOTOCO,Consumer Cyclical,Auto Manufacturers,N/A,EQUITY,0.0207,3.4,1.464,187.32,0.017773019271948607
2022-03-17,2383.0,2429.25,2375.0,2419.89990234375,2290.647705078125,781757,HEROMOTOCO,Consumer Cyclical,Auto Manufacturers,N/A,EQUITY,0.0207,3.4,1.464,187.32,0.022842105263157896
2022-03-21,2434.75,2447.949951171875,2380.0,2391.550048828125,2263.81201171875,516893,HEROMOTOCO,Consumer Cyclical,Auto Manufacturers,N/A,EQUITY,0.0207,3.4,1.464,187.32,0.02855039965204832
2022-03-22,2405.0,2435.0,2345.050048828125,2423.64990234375,2294.197265625,470208,HEROMOTOCO,Consumer Cyclical,Auto Manufacturers,N/A,EQUITY,0.0207,3.4,1.464,187.32,0.03835736947994992
2022-03-23,2423.0,2439.800048828125,2327.199951171875,2394.64990234375,2266.746337890625,1137046,HEROMOTOCO,Consumer Cyclical,Auto Manufacturers,N/A,EQUITY,0.0207,3.4,1.464,187.32,0.04838436748829836
2022-03-24,2361.0,2427.25,2333.0,2412.14990234375,2283.3115234375,692836,HEROMOTOCO,Consumer Cyclical,Auto Manufacturers,N/A,EQUITY,0.0207,3.4,1.464,187.32,0.040398628375482214
2022-03-25,2420.0,2438.0,2366.75,2378.39990234375,2251.3642578125,467568,HEROMOTOCO,Consumer Cyclical,Auto Manufacturers,N/A,EQUITY,0.0207,3.4,1.464,187.32,0.03010457378261329
2022-03-28,2370.0,2397.85009765625,2349.0,2377.949951171875,2250.938232421875,493636,HEROMOTOCO,Consumer Cyclical,Auto Manufacturers,N/A,EQUITY,0.0207,3.4,1.464,187.32,0.020796125013303534
2022-03-29,2385.0,2401.0,2154.050048828125,2210.64990234375,2092.57421875,2475877,HEROMOTOCO,Consumer Cyclical,Auto Manufacturers,N/A,EQUITY,0.0207,3.4,1.464,187.32,0.11464448159234926
2022-03-30,2250.0,2281.0,2226.39990234375,2271.64990234375,2150.316162109375,3115035,HEROMOTOCO,Consumer Cyclical,Auto Manufacturers,N/A,EQUITY,0.0207,3.4,1.464,187.32,0.024523940015795012
2022-03-31,2280.0,2316.89990234375,2280.0,2294.14990234375,2171.614501953125,1338490,HEROMOTOCO,Consumer Cyclical,Auto Manufacturers,N/A,EQUITY,0.0207,3.4,1.464,187.32,0.016184167694627192
2022-04-01,2185.0,2246.0,2150.0,2240.14990234375,2120.498779296875,3541517,HEROMOTOCO,Consumer Cyclical,Auto Manufacturers,N/A,EQUITY,0.0207,3.4,1.464,187.32,0.044651162790697675
2022-04-04,2250.0,2319.0,2250.0,2311.75,2188.27392578125,1417392,HEROMOTOCO,Consumer Cyclical,Auto Manufacturers,N/A,EQUITY,0.0207,3.4,1.464,187.32,0.030666666666666665
2022-04-05,2329.89990234375,2352.64990234375,2315.0,2332.25,2207.679443359375,715666,HEROMOTOCO,Consumer Cyclical,Auto Manufacturers,N/A,EQUITY,0.0207,3.4,1.464,187.32,0.016263456735961124
2022-04-06,2328.0,2349.14990234375,2306.550048828125,2346.89990234375,2221.546875,812337,HEROMOTOCO,Consumer Cyclical,Auto Manufacturers,N/A,EQUITY,0.0207,3.4,1.464,187.32,0.018469078326424544
2022-04-07,2350.0,2368.199951171875,2336.85009765625,2350.60009765625,2225.04931640625,853476,HEROMOTOCO,Consumer Cyclical,Auto Manufacturers,N/A,EQUITY,0.0207,3.4,1.464,187.32,0.013415431972751447
2022-04-08,2355.0,2380.0,2330.550048828125,2362.449951171875,2236.26611328125,694946,HEROMOTOCO,Consumer Cyclical,Auto Manufacturers,N/A,EQUITY,0.0207,3.4,1.464,187.32,0.0212181459895015
2022-04-11,2357.949951171875,2361.75,2331.14990234375,2335.39990234375,2210.66064453125,408871,HEROMOTOCO,Consumer Cyclical,Auto Manufacturers,N/A,EQUITY,0.0207,3.4,1.464,187.32,0.013126610873665612
2022-04-12,2324.949951171875,2325.949951171875,2285.5,2297.89990234375,2175.1640625,502227,HEROMOTOCO,Consumer Cyclical,Auto Manufacturers,N/A,EQUITY,0.0207,3.4,1.464,187.32,0.017698512873277183
2022-04-13,2291.550048828125,2311.14990234375,2268.89990234375,2274.39990234375,2152.91943359375,426929,HEROMOTOCO,Consumer Cyclical,Auto Manufacturers,N/A,EQUITY,0.0207,3.4,1.464,187.32,0.018621359168977083
2022-04-18,2269.89990234375,2294.949951171875,2249.14990234375,2285.39990234375,2163.33154296875,422209,HEROMOTOCO,Consumer Cyclical,Auto Manufacturers,N/A,EQUITY,0.0207,3.4,1.464,187.32,0.02036327093200795
2022-04-19,2308.0,2327.5,2242.39990234375,2263.25,2142.36474609375,484466,HEROMOTOCO,Consumer Cyclical,Auto Manufacturers,N/A,EQUITY,0.0207,3.4,1.464,187.32,0.03795045547732303
2022-04-20,2270.0,2315.0,2261.64990234375,2274.85009765625,2153.345458984375,424461,HEROMOTOCO,Consumer Cyclical,Auto Manufacturers,N/A,EQUITY,0.0207,3.4,1.464,187.32,0.023589016850469758
2022-04-21,2282.0,2321.75,2277.0,2317.64990234375,2193.859130859375,341987,HEROMOTOCO,Consumer Cyclical,Auto Manufacturers,N/A,EQUITY,0.0207,3.4,1.464,187.32,0.019653052261747912
2022-04-22,2295.0,2305.0,2273.64990234375,2294.25,2171.708984375,598737,HEROMOTOCO,Consumer Cyclical,Auto Manufacturers,N/A,EQUITY,0.0207,3.4,1.464,187.32,0.013788445452368604
2022-04-25,2268.300048828125,2332.949951171875,2266.0,2288.60009765625,2166.36083984375,596296,HEROMOTOCO,Consumer Cyclical,Auto Manufacturers,N/A,EQUITY,0.0207,3.4,1.464,187.32,0.029545432997297
2022-04-26,2311.0,2413.0,2301.300048828125,2407.25,2278.673095703125,1311255,HEROMOTOCO,Consumer Cyclical,Auto Manufacturers,N/A,EQUITY,0.0207,3.4,1.464,187.32,0.048537760744738694
2022-04-27,2390.0,2528.60009765625,2370.0,2500.0,2366.469482421875,2082863,HEROMOTOCO,Consumer Cyclical,Auto Manufacturers,N/A,EQUITY,0.0207,3.4,1.464,187.32,0.06691987242879747
2022-04-28,2539.800048828125,2541.949951171875,2498.050048828125,2517.300048828125,2382.845458984375,1182758,HEROMOTOCO,Consumer Cyclical,Auto Manufacturers,N/A,EQUITY,0.0207,3.4,1.464,187.32,0.017573668055347467
2022-04-29,2508.60009765625,2552.0,2491.449951171875,2506.64990234375,2372.764404296875,839920,HEROMOTOCO,Consumer Cyclical,Auto Manufacturers,N/A,EQUITY,0.0207,3.4,1.464,187.32,0.024303136733549377
2022-05-02,2460.199951171875,2505.60009765625,2448.10009765625,2487.300048828125,2354.447998046875,667551,HEROMOTOCO,Consumer Cyclical,Auto Manufacturers,N/A,EQUITY,0.0207,3.4,1.464,187.32,0.02348760169367628
2022-05-04,2440.0,2520.0,2398.800048828125,2409.5,2280.80322265625,1263034,HEROMOTOCO,Consumer Cyclical,Auto Manufacturers,N/A,EQUITY,0.0207,3.4,1.464,187.32,0.050525241247633065
2022-05-05,2430.10009765625,2538.14990234375,2430.10009765625,2501.64990234375,2368.03125,1675043,HEROMOTOCO,Consumer Cyclical,Auto Manufacturers,N/A,EQUITY,0.0207,3.4,1.464,187.32,0.0444631086561868
2022-05-06,2410.0,2599.0,2407.25,2563.35009765625,2426.435791015625,2491483,HEROMOTOCO,Consumer Cyclical,Auto Manufacturers,N/A,EQUITY,0.0207,3.4,1.464,187.32,0.07965520822515318
2022-05-09,2555.0,2560.0,2486.0,2492.75,2359.6064453125,996952,HEROMOTOCO,Consumer Cyclical,Auto Manufacturers,N/A,EQUITY,0.0207,3.4,1.464,187.32,0.029766693483507644
2022-05-10,2485.0,2519.35009765625,2458.60009765625,2469.75,2337.835205078125,644415,HEROMOTOCO,Consumer Cyclical,Auto Manufacturers,N/A,EQUITY,0.0207,3.4,1.464,187.32,0.024709183107050288
2022-05-11,2465.5,2519.39990234375,2407.89990234375,2470.300048828125,2338.35595703125,575504,HEROMOTOCO,Consumer Cyclical,Auto Manufacturers,N/A,EQUITY,0.0207,3.4,1.464,187.32,0.04630591159186913
2022-05-12,2459.0,2459.0,2371.0,2401.199951171875,2272.9462890625,966472,HEROMOTOCO,Consumer Cyclical,Auto Manufacturers,N/A,EQUITY,0.0207,3.4,1.464,187.32,0.037115141290594685
2022-05-13,2414.949951171875,2500.0,2414.949951171875,2449.14990234375,2318.335205078125,691344,HEROMOTOCO,Consumer Cyclical,Auto Manufacturers,N/A,EQUITY,0.0207,3.4,1.464,187.32,0.035218141389163675
2022-05-16,2450.050048828125,2511.949951171875,2440.0,2495.89990234375,2362.58837890625,473407,HEROMOTOCO,Consumer Cyclical,Auto Manufacturers,N/A,EQUITY,0.0207,3.4,1.464,187.32,0.029487684906506148
2022-05-17,2515.0,2538.85009765625,2502.050048828125,2523.5,2388.71435546875,517525,HEROMOTOCO,Consumer Cyclical,Auto Manufacturers,N/A,EQUITY,0.0207,3.4,1.464,187.32,0.014707958717836556
2022-05-18,2525.35009765625,2554.199951171875,2511.800048828125,2539.0,2403.386474609375,332168,HEROMOTOCO,Consumer Cyclical,Auto Manufacturers,N/A,EQUITY,0.0207,3.4,1.464,187.32,0.016880285659494107
2022-05-19,2510.10009765625,2549.0,2500.550048828125,2515.5,2381.141357421875,556405,HEROMOTOCO,Consumer Cyclical,Auto Manufacturers,N/A,EQUITY,0.0207,3.4,1.464,187.32,0.019375717432482873
2022-05-20,2545.0,2613.39990234375,2545.0,2590.14990234375,2451.80419921875,751633,HEROMOTOCO,Consumer Cyclical,Auto Manufacturers,N/A,EQUITY,0.0207,3.4,1.464,187.32,0.026876189526031435
2022-05-23,2615.050048828125,2699.949951171875,2610.550048828125,2624.699951171875,2484.509033203125,744827,HEROMOTOCO,Consumer Cyclical,Auto Manufacturers,N/A,EQUITY,0.0207,3.4,1.464,187.32,0.034245618996610154
2022-05-24,2629.949951171875,2654.0,2613.39990234375,2637.0,2496.151611328125,616849,HEROMOTOCO,Consumer Cyclical,Auto Manufacturers,N/A,EQUITY,0.0207,3.4,1.464,187.32,0.015535355924609551
2022-05-25,2640.199951171875,2669.25,2583.64990234375,2594.699951171875,2456.111328125,525893,HEROMOTOCO,Consumer Cyclical,Auto Manufacturers,N/A,EQUITY,0.0207,3.4,1.464,187.32,0.03313146164989232
2022-05-26,2608.0,2647.35009765625,2575.0,2636.449951171875,2495.63134765625,362813,HEROMOTOCO,Consumer Cyclical,Auto Manufacturers,N/A,EQUITY,0.0207,3.4,1.464,187.32,0.028097125303398057
2022-05-27,2645.14990234375,2726.89990234375,2638.0,2719.800048828125,2574.529296875,654718,HEROMOTOCO,Consumer Cyclical,Auto Manufacturers,N/A,EQUITY,0.0207,3.4,1.464,187.32,0.03369973553591736
2022-05-30,2724.0,2787.449951171875,2724.0,2770.550048828125,2622.56884765625,924244,HEROMOTOCO,Consumer Cyclical,Auto Manufacturers,N/A,EQUITY,0.0207,3.4,1.464,187.32,0.0232929336166942
2022-05-31,2774.89990234375,2809.949951171875,2752.14990234375,2773.89990234375,2625.73974609375,1859231,HEROMOTOCO,Consumer Cyclical,Auto Manufacturers,N/A,EQUITY,0.0207,3.4,1.464,187.32,0.02100178074562802
2022-06-01,2799.89990234375,2799.89990234375,2731.5,2757.60009765625,2610.310302734375,430807,HEROMOTOCO,Consumer Cyclical,Auto Manufacturers,N/A,EQUITY,0.0207,3.4,1.464,187.32,0.025041150409573495
2022-06-02,2730.60009765625,2733.0,2640.39990234375,2663.10009765625,2520.858154296875,1093645,HEROMOTOCO,Consumer Cyclical,Auto Manufacturers,N/A,EQUITY,0.0207,3.4,1.464,187.32,0.03507048215463633
2022-06-03,2675.0,2688.699951171875,2575.14990234375,2583.75,2445.74609375,753558,HEROMOTOCO,Consumer Cyclical,Auto Manufacturers,N/A,EQUITY,0.0207,3.4,1.464,187.32,0.04409453939934853
2022-06-06,2565.0,2594.449951171875,2525.10009765625,2540.75,2405.04296875,965347,HEROMOTOCO,Consumer Cyclical,Auto Manufacturers,N/A,EQUITY,0.0207,3.4,1.464,187.32,0.027464199767761373
2022-06-07,2525.0,2578.050048828125,2500.0,2570.85009765625,2433.53515625,550257,HEROMOTOCO,Consumer Cyclical,Auto Manufacturers,N/A,EQUITY,0.0207,3.4,1.464,187.32,0.03122001953125
2022-06-08,2584.0,2617.050048828125,2553.35009765625,2585.949951171875,2447.828369140625,539786,HEROMOTOCO,Consumer Cyclical,Auto Manufacturers,N/A,EQUITY,0.0207,3.4,1.464,187.32,0.024947597758077096
2022-06-09,2579.949951171875,2603.550048828125,2560.0,2598.10009765625,2459.329833984375,327503,HEROMOTOCO,Consumer Cyclical,Auto Manufacturers,N/A,EQUITY,0.0207,3.4,1.464,187.32,0.017011737823486327
2022-06-10,2580.0,2614.39990234375,2575.449951171875,2601.949951171875,2462.973876953125,324452,HEROMOTOCO,Consumer Cyclical,Auto Manufacturers,N/A,EQUITY,0.0207,3.4,1.464,187.32,0.015123551965803912
2022-06-13,2560.0,2612.300048828125,2536.550048828125,2598.800048828125,2459.9921875,625967,HEROMOTOCO,Consumer Cyclical,Auto Manufacturers,N/A,EQUITY,0.0207,3.4,1.464,187.32,0.02986339655903741
2022-06-14,2595.949951171875,2614.89990234375,2530.0,2557.60009765625,2420.992919921875,509259,HEROMOTOCO,Consumer Cyclical,Auto Manufacturers,N/A,EQUITY,0.0207,3.4,1.464,187.32,0.03355727365365613
2022-06-15,2567.0,2628.0,2557.60009765625,2605.300048828125,2466.145263671875,673444,HEROMOTOCO,Consumer Cyclical,Auto Manufacturers,N/A,EQUITY,0.0207,3.4,1.464,187.32,0.027525766208823466
2022-06-16,2620.5,2624.25,2511.050048828125,2519.050048828125,2384.501708984375,493824,HEROMOTOCO,Consumer Cyclical,Auto Manufacturers,N/A,EQUITY,0.0207,3.4,1.464,187.32,0.045080722793519774
2022-06-17,2518.0,2518.0,2455.64990234375,2467.39990234375,2335.610595703125,725864,HEROMOTOCO,Consumer Cyclical,Auto Manufacturers,N/A,EQUITY,0.0207,3.4,1.464,187.32,0.025390466937791536
2022-06-20,2455.10009765625,2501.449951171875,2433.89990234375,2452.550048828125,2321.553955078125,377385,HEROMOTOCO,Consumer Cyclical,Auto Manufacturers,N/A,EQUITY,0.0207,3.4,1.464,187.32,0.027753831931657074
2022-06-21,2465.0,2524.85009765625,2465.0,2499.199951171875,2365.712158203125,381831,HEROMOTOCO,Consumer Cyclical,Auto Manufacturers,N/A,EQUITY,0.0207,3.4,1.464,187.32,0.02427995848123732
2022-06-22,2495.0,2553.5,2480.0,2524.449951171875,2389.613525390625,873408,HEROMOTOCO,Consumer Cyclical,Auto Manufacturers,N/A,EQUITY,0.0207,3.4,1.464,187.32,0.029637096774193548
2022-06-23,2572.550048828125,2686.64990234375,2572.550048828125,2674.10009765625,2531.270751953125,1846048,HEROMOTOCO,Consumer Cyclical,Auto Manufacturers,N/A,EQUITY,0.0207,3.4,1.464,187.32,0.04435282165554018
2022-06-24,2715.0,2767.699951171875,2690.199951171875,2759.949951171875,2612.53515625,1354569,HEROMOTOCO,Consumer Cyclical,Auto Manufacturers,N/A,EQUITY,0.0207,3.4,1.464,187.32,0.028808267566223213
2022-06-27,2787.550048828125,2809.0,2730.60009765625,2755.5,2608.322509765625,1005184,HEROMOTOCO,Consumer Cyclical,Auto Manufacturers,N/A,EQUITY,0.0207,3.4,1.464,187.32,0.028711601677244066
2022-06-28,2748.0,2792.699951171875,2730.0,2766.699951171875,2618.924072265625,714029,HEROMOTOCO,Consumer Cyclical,Auto Manufacturers,N/A,EQUITY,0.0207,3.4,1.464,187.32,0.022967015081272895
2022-06-29,2740.050048828125,2784.75,2730.0,2752.39990234375,2605.387939453125,653929,HEROMOTOCO,Consumer Cyclical,Auto Manufacturers,N/A,EQUITY,0.0207,3.4,1.464,187.32,0.020054945054945057
2022-06-30,2745.0,2773.0,2714.0,2719.699951171875,2574.434814453125,643735,HEROMOTOCO,Consumer Cyclical,Auto Manufacturers,N/A,EQUITY,0.0207,3.4,1.464,187.32,0.021739130434782608
2022-07-01,2715.0,2770.0,2683.35009765625,2763.800048828125,2616.179443359375,393346,HEROMOTOCO,Consumer Cyclical,Auto Manufacturers,N/A,EQUITY,0.0207,3.4,1.464,187.32,0.032291687327506625
2022-07-04,2750.0,2799.0,2738.89990234375,2760.449951171875,2613.00830078125,499627,HEROMOTOCO,Consumer Cyclical,Auto Manufacturers,N/A,EQUITY,0.0207,3.4,1.464,187.32,0.02194315228709919
2022-07-05,2763.300048828125,2770.85009765625,2730.0,2737.25,2591.04736328125,401190,HEROMOTOCO,Consumer Cyclical,Auto Manufacturers,N/A,EQUITY,0.0207,3.4,1.464,187.32,0.01496340573489011
2022-07-06,2737.5,2842.0,2734.10009765625,2831.800048828125,2680.54736328125,739745,HEROMOTOCO,Consumer Cyclical,Auto Manufacturers,N/A,EQUITY,0.0207,3.4,1.464,187.32,0.03946450330631455
2022-07-07,2857.0,2868.75,2825.14990234375,2839.449951171875,2687.78857421875,382303,HEROMOTOCO,Consumer Cyclical,Auto Manufacturers,N/A,EQUITY,0.0207,3.4,1.464,187.32,0.015432843977616647
2022-07-08,2848.39990234375,2879.949951171875,2819.050048828125,2849.300048828125,2697.11279296875,532145,HEROMOTOCO,Consumer Cyclical,Auto Manufacturers,N/A,EQUITY,0.0207,3.4,1.464,187.32,0.021602987279018333
2022-07-11,2815.0,2875.39990234375,2808.050048828125,2868.10009765625,2714.90869140625,428940,HEROMOTOCO,Consumer Cyclical,Auto Manufacturers,N/A,EQUITY,0.0207,3.4,1.464,187.32,0.02398456307562321
2022-07-12,2854.5,2884.550048828125,2834.0,2875.5,2721.9130859375,422887,HEROMOTOCO,Consumer Cyclical,Auto Manufacturers,N/A,EQUITY,0.0207,3.4,1.464,187.32,0.017836996763629147
2022-07-13,2885.0,2891.800048828125,2835.0,2843.35009765625,2691.480224609375,539917,HEROMOTOCO,Consumer Cyclical,Auto Manufacturers,N/A,EQUITY,0.0207,3.4,1.464,187.32,0.020035290591931217
2022-07-14,2838.0,2866.0,2772.050048828125,2792.800048828125,2643.63037109375,620757,HEROMOTOCO,Consumer Cyclical,Auto Manufacturers,N/A,EQUITY,0.0207,3.4,1.464,187.32,0.03389186685557573
2022-07-15,2799.949951171875,2816.449951171875,2782.75,2800.050048828125,2650.492919921875,816619,HEROMOTOCO,Consumer Cyclical,Auto Manufacturers,N/A,EQUITY,0.0207,3.4,1.464,187.32,0.012110304975968017
2022-07-18,2829.949951171875,2835.85009765625,2805.25,2817.949951171875,2667.436767578125,369313,HEROMOTOCO,Consumer Cyclical,Auto Manufacturers,N/A,EQUITY,0.0207,3.4,1.464,187.32,0.010908153517957401
2022-07-19,2815.0,2846.85009765625,2783.449951171875,2801.199951171875,2651.581787109375,661056,HEROMOTOCO,Consumer Cyclical,Auto Manufacturers,N/A,EQUITY,0.0207,3.4,1.464,187.32,0.022777541395232404
2022-07-20,2820.0,2838.75,2810.0,2826.75,2675.76708984375,201509,HEROMOTOCO,Consumer Cyclical,Auto Manufacturers,N/A,EQUITY,0.0207,3.4,1.464,187.32,0.010231316725978648
2022-07-21,2820.0,2854.0,2815.050048828125,2847.800048828125,2695.692626953125,314132,HEROMOTOCO,Consumer Cyclical,Auto Manufacturers,N/A,EQUITY,0.0207,3.4,1.464,187.32,0.013836326351671596
2022-07-22,2851.050048828125,2883.39990234375,2840.300048828125,2871.60009765625,2718.221435546875,576270,HEROMOTOCO,Consumer Cyclical,Auto Manufacturers,N/A,EQUITY,0.0207,3.4,1.464,187.32,0.015174401568386234
2022-07-25,2875.0,2875.800048828125,2831.449951171875,2838.85009765625,2687.220947265625,421977,HEROMOTOCO,Consumer Cyclical,Auto Manufacturers,N/A,EQUITY,0.0207,3.4,1.464,187.32,0.015663387459098285
2022-07-26,2840.0,2847.699951171875,2785.64990234375,2800.75,2651.156005859375,347002,HEROMOTOCO,Consumer Cyclical,Auto Manufacturers,N/A,EQUITY,0.0207,3.4,1.464,187.32,0.022274891319227955
2022-07-27,2765.0,2787.949951171875,2730.35009765625,2782.550048828125,2667.259765625,498259,HEROMOTOCO,Consumer Cyclical,Auto Manufacturers,N/A,EQUITY,0.0207,3.4,1.464,187.32,0.02109614205338322
2022-07-28,2798.0,2812.0,2754.39990234375,2780.699951171875,2665.486083984375,294368,HEROMOTOCO,Consumer Cyclical,Auto Manufacturers,N/A,EQUITY,0.0207,3.4,1.464,187.32,0.020912031548954612
2022-07-29,2800.0,2846.800048828125,2789.60009765625,2818.050048828125,2701.288818359375,400652,HEROMOTOCO,Consumer Cyclical,Auto Manufacturers,N/A,EQUITY,0.0207,3.4,1.464,187.32,0.02050471363975536
2022-08-01,2834.949951171875,2908.0,2820.0,2840.800048828125,2723.095947265625,961562,HEROMOTOCO,Consumer Cyclical,Auto Manufacturers,N/A,EQUITY,0.0207,3.4,1.464,187.32,0.031205673758865248
2022-08-02,2826.10009765625,2828.949951171875,2742.050048828125,2771.449951171875,2656.619384765625,1137765,HEROMOTOCO,Consumer Cyclical,Auto Manufacturers,N/A,EQUITY,0.0207,3.4,1.464,187.32,0.03169158140672471
2022-08-03,2786.0,2807.800048828125,2749.39990234375,2801.89990234375,2685.8076171875,600314,HEROMOTOCO,Consumer Cyclical,Auto Manufacturers,N/A,EQUITY,0.0207,3.4,1.464,187.32,0.021241052069068338
2022-08-04,2819.89990234375,2827.949951171875,2779.14990234375,2807.0,2690.69677734375,396416,HEROMOTOCO,Consumer Cyclical,Auto Manufacturers,N/A,EQUITY,0.0207,3.4,1.464,187.32,0.017559343879569176
2022-08-05,2808.0,2809.89990234375,2761.0,2770.699951171875,2655.900634765625,512072,HEROMOTOCO,Consumer Cyclical,Auto Manufacturers,N/A,EQUITY,0.0207,3.4,1.464,187.32,0.017710938914795363
2022-08-08,2770.0,2793.300048828125,2730.0,2738.050048828125,2624.603515625,675310,HEROMOTOCO,Consumer Cyclical,Auto Manufacturers,N/A,EQUITY,0.0207,3.4,1.464,187.32,0.02318683107257326
2022-08-10,2785.0,2785.0,2732.89990234375,2775.449951171875,2660.45361328125,895054,HEROMOTOCO,Consumer Cyclical,Auto Manufacturers,N/A,EQUITY,0.0207,3.4,1.464,187.32,0.019064034365681916
2022-08-11,2790.35009765625,2818.0,2767.39990234375,2785.300048828125,2669.895751953125,422152,HEROMOTOCO,Consumer Cyclical,Auto Manufacturers,N/A,EQUITY,0.0207,3.4,1.464,187.32,0.018284346116148976
2022-08-12,2789.949951171875,2795.0,2751.85009765625,2761.89990234375,2647.465087890625,435760,HEROMOTOCO,Consumer Cyclical,Auto Manufacturers,N/A,EQUITY,0.0207,3.4,1.464,187.32,0.0156803244408192
2022-08-16,2805.0,2845.64990234375,2781.5,2817.0,2700.2822265625,1213957,HEROMOTOCO,Consumer Cyclical,Auto Manufacturers,N/A,EQUITY,0.0207,3.4,1.464,187.32,0.02306306034289053
2022-08-17,2815.0,2929.0,2808.050048828125,2913.449951171875,2792.73583984375,2510869,HEROMOTOCO,Consumer Cyclical,Auto Manufacturers,N/A,EQUITY,0.0207,3.4,1.464,187.32,0.043072576723606
2022-08-18,2927.949951171875,2938.60009765625,2903.14990234375,2908.199951171875,2787.703369140625,805655,HEROMOTOCO,Consumer Cyclical,Auto Manufacturers,N/A,EQUITY,0.0207,3.4,1.464,187.32,0.012210942081867907
2022-08-19,2912.0,2936.89990234375,2832.85009765625,2838.64990234375,2721.03515625,510610,HEROMOTOCO,Consumer Cyclical,Auto Manufacturers,N/A,EQUITY,0.0207,3.4,1.464,187.32,0.03672972487092956
2022-08-22,2835.0,2835.64990234375,2765.550048828125,2780.550048828125,2665.342529296875,570304,HEROMOTOCO,Consumer Cyclical,Auto Manufacturers,N/A,EQUITY,0.0207,3.4,1.464,187.32,0.025347526632298386
2022-08-23,2775.0,2810.0,2756.14990234375,2803.39990234375,2687.245849609375,396875,HEROMOTOCO,Consumer Cyclical,Auto Manufacturers,N/A,EQUITY,0.0207,3.4,1.464,187.32,0.019538159956560212
2022-08-24,2781.35009765625,2824.0,2780.0,2806.35009765625,2690.073486328125,324008,HEROMOTOCO,Consumer Cyclical,Auto Manufacturers,N/A,EQUITY,0.0207,3.4,1.464,187.32,0.015827338129496403
2022-08-25,2808.10009765625,2821.050048828125,2791.89990234375,2799.800048828125,2683.795166015625,363945,HEROMOTOCO,Consumer Cyclical,Auto Manufacturers,N/A,EQUITY,0.0207,3.4,1.464,187.32,0.01044097120384007
2022-08-26,2835.0,2840.89990234375,2817.050048828125,2826.75,2709.628173828125,475372,HEROMOTOCO,Consumer Cyclical,Auto Manufacturers,N/A,EQUITY,0.0207,3.4,1.464,187.32,0.008466251256539225
2022-08-29,2788.89990234375,2831.949951171875,2761.10009765625,2827.050048828125,2709.915771484375,339203,HEROMOTOCO,Consumer Cyclical,Auto Manufacturers,N/A,EQUITY,0.0207,3.4,1.464,187.32,0.025660009057898933
2022-08-30,2842.0,2864.0,2831.550048828125,2837.699951171875,2720.124267578125,918526,HEROMOTOCO,Consumer Cyclical,Auto Manufacturers,N/A,EQUITY,0.0207,3.4,1.464,187.32,0.011460136890500964
2022-09-01,2820.0,2882.199951171875,2792.89990234375,2876.64990234375,2757.460693359375,838699,HEROMOTOCO,Consumer Cyclical,Auto Manufacturers,N/A,EQUITY,0.0207,3.4,1.464,187.32,0.03197395250477328
2022-09-02,2888.300048828125,2889.0,2820.10009765625,2825.14990234375,2708.094482421875,776170,HEROMOTOCO,Consumer Cyclical,Auto Manufacturers,N/A,EQUITY,0.0207,3.4,1.464,187.32,0.024431722264401837
2022-09-05,2828.0,2848.0,2808.050048828125,2842.050048828125,2724.29443359375,930716,HEROMOTOCO,Consumer Cyclical,Auto Manufacturers,N/A,EQUITY,0.0207,3.4,1.464,187.32,0.01422693701223281
2022-09-06,2842.050048828125,2869.75,2827.800048828125,2866.550048828125,2747.779296875,481401,HEROMOTOCO,Consumer Cyclical,Auto Manufacturers,N/A,EQUITY,0.0207,3.4,1.464,187.32,0.014834836426733769
2022-09-07,2840.0,2875.0,2831.0,2854.75,2736.468017578125,551689,HEROMOTOCO,Consumer Cyclical,Auto Manufacturers,N/A,EQUITY,0.0207,3.4,1.464,187.32,0.015542211232779936
2022-09-08,2869.050048828125,2873.5,2846.0,2857.300048828125,2738.912353515625,519141,HEROMOTOCO,Consumer Cyclical,Auto Manufacturers,N/A,EQUITY,0.0207,3.4,1.464,187.32,0.00966268446943078
2022-09-09,2871.60009765625,2878.25,2832.699951171875,2838.449951171875,2720.843505859375,522672,HEROMOTOCO,Consumer Cyclical,Auto Manufacturers,N/A,EQUITY,0.0207,3.4,1.464,187.32,0.016080082470182257
2022-09-12,2847.0,2869.89990234375,2841.35009765625,2857.89990234375,2739.487548828125,313906,HEROMOTOCO,Consumer Cyclical,Auto Manufacturers,N/A,EQUITY,0.0207,3.4,1.464,187.32,0.010047971459430477
2022-09-13,2836.0,2903.0,2832.0,2870.0,2751.086181640625,766550,HEROMOTOCO,Consumer Cyclical,Auto Manufacturers,N/A,EQUITY,0.0207,3.4,1.464,187.32,0.025070621468926555
2022-09-14,2830.0,2869.699951171875,2830.0,2851.5,2733.352783203125,519643,HEROMOTOCO,Consumer Cyclical,Auto Manufacturers,N/A,EQUITY,0.0207,3.4,1.464,187.32,0.014028251297482332
2022-09-15,2855.0,2855.0,2766.550048828125,2790.300048828125,2674.6884765625,1010823,HEROMOTOCO,Consumer Cyclical,Auto Manufacturers,N/A,EQUITY,0.0207,3.4,1.464,187.32,0.03197120948863414
2022-09-16,2804.300048828125,2804.300048828125,2670.0,2685.199951171875,2573.943115234375,1906557,HEROMOTOCO,Consumer Cyclical,Auto Manufacturers,N/A,EQUITY,0.0207,3.4,1.464,187.32,0.05029964375585206
2022-09-19,2698.64990234375,2724.949951171875,2664.85009765625,2704.39990234375,2592.347412109375,534862,HEROMOTOCO,Consumer Cyclical,Auto Manufacturers,N/A,EQUITY,0.0207,3.4,1.464,187.32,0.022552808343134625
2022-09-20,2717.949951171875,2823.25,2714.64990234375,2771.550048828125,2656.715576171875,1009201,HEROMOTOCO,Consumer Cyclical,Auto Manufacturers,N/A,EQUITY,0.0207,3.4,1.464,187.32,0.040005194615514814
2022-09-21,2785.0,2807.949951171875,2767.60009765625,2776.64990234375,2661.60400390625,447919,HEROMOTOCO,Consumer Cyclical,Auto Manufacturers,N/A,EQUITY,0.0207,3.4,1.464,187.32,0.01457936554843866
2022-09-22,2776.64990234375,2799.35009765625,2733.0,2776.949951171875,2661.8916015625,328914,HEROMOTOCO,Consumer Cyclical,Auto Manufacturers,N/A,EQUITY,0.0207,3.4,1.464,187.32,0.02427738662870472
2022-09-23,2790.89990234375,2812.25,2742.39990234375,2762.050048828125,2647.609130859375,408930,HEROMOTOCO,Consumer Cyclical,Auto Manufacturers,N/A,EQUITY,0.0207,3.4,1.464,187.32,0.025470427415255407
2022-09-26,2740.0,2754.85009765625,2670.199951171875,2721.35009765625,2608.59521484375,610918,HEROMOTOCO,Consumer Cyclical,Auto Manufacturers,N/A,EQUITY,0.0207,3.4,1.464,187.32,0.0317018006262881
2022-09-27,2735.0,2735.0,2630.0,2638.25,2528.9384765625,740040,HEROMOTOCO,Consumer Cyclical,Auto Manufacturers,N/A,EQUITY,0.0207,3.4,1.464,187.32,0.039923954372623575
2022-09-28,2600.0,2625.0,2575.10009765625,2591.35009765625,2483.981689453125,923391,HEROMOTOCO,Consumer Cyclical,Auto Manufacturers,N/A,EQUITY,0.0207,3.4,1.464,187.32,0.01937784957919377
2022-09-29,2600.050048828125,2604.35009765625,2525.0,2536.300048828125,2431.212646484375,1057406,HEROMOTOCO,Consumer Cyclical,Auto Manufacturers,N/A,EQUITY,0.0207,3.4,1.464,187.32,0.03142578125
2022-09-30,2549.0,2592.14990234375,2510.0,2549.199951171875,2443.577880859375,706844,HEROMOTOCO,Consumer Cyclical,Auto Manufacturers,N/A,EQUITY,0.0207,3.4,1.464,187.32,0.032729044758466136
2022-10-03,2538.5,2573.949951171875,2520.449951171875,2525.550048828125,2420.908203125,658511,HEROMOTOCO,Consumer Cyclical,Auto Manufacturers,N/A,EQUITY,0.0207,3.4,1.464,187.32,0.02122636871846051
2022-10-04,2580.0,2627.89990234375,2561.10009765625,2621.800048828125,2513.169921875,391128,HEROMOTOCO,Consumer Cyclical,Auto Manufacturers,N/A,EQUITY,0.0207,3.4,1.464,187.32,0.026082465401735287
2022-10-06,2654.0,2663.64990234375,2630.25,2646.10009765625,2536.46337890625,463669,HEROMOTOCO,Consumer Cyclical,Auto Manufacturers,N/A,EQUITY,0.0207,3.4,1.464,187.32,0.012698375570287995
2022-10-07,2684.89990234375,2734.89990234375,2609.89990234375,2624.949951171875,2516.189453125,1065099,HEROMOTOCO,Consumer Cyclical,Auto Manufacturers,N/A,EQUITY,0.0207,3.4,1.464,187.32,0.04789455713904856
2022-10-10,2599.800048828125,2599.800048828125,2531.39990234375,2570.5,2463.99560546875,1076512,HEROMOTOCO,Consumer Cyclical,Auto Manufacturers,N/A,EQUITY,0.0207,3.4,1.464,187.32,0.027020679909580972
2022-10-11,2575.0,2575.5,2533.800048828125,2548.14990234375,2442.571533203125,407068,HEROMOTOCO,Consumer Cyclical,Auto Manufacturers,N/A,EQUITY,0.0207,3.4,1.464,187.32,0.01645747508417687
2022-10-12,2550.0,2564.449951171875,2516.10009765625,2550.050048828125,2444.39306640625,401910,HEROMOTOCO,Consumer Cyclical,Auto Manufacturers,N/A,EQUITY,0.0207,3.4,1.464,187.32,0.019216188402306784
2022-10-13,2553.0,2574.300048828125,2532.0,2546.449951171875,2440.942138671875,239037,HEROMOTOCO,Consumer Cyclical,Auto Manufacturers,N/A,EQUITY,0.0207,3.4,1.464,187.32,0.016706180421850316
2022-10-14,2575.5,2585.0,2529.050048828125,2535.89990234375,2430.8291015625,250851,HEROMOTOCO,Consumer Cyclical,Auto Manufacturers,N/A,EQUITY,0.0207,3.4,1.464,187.32,0.022122911801528124
2022-10-17,2524.0,2570.0,2521.550048828125,2553.699951171875,2447.8916015625,257635,HEROMOTOCO,Consumer Cyclical,Auto Manufacturers,N/A,EQUITY,0.0207,3.4,1.464,187.32,0.019214352375988657
2022-10-18,2566.5,2596.75,2534.699951171875,2562.0,2455.84765625,454003,HEROMOTOCO,Consumer Cyclical,Auto Manufacturers,N/A,EQUITY,0.0207,3.4,1.464,187.32,0.024480234356511203
2022-10-19,2574.0,2574.0,2532.199951171875,2541.199951171875,2435.90966796875,375698,HEROMOTOCO,Consumer Cyclical,Auto Manufacturers,N/A,EQUITY,0.0207,3.4,1.464,187.32,0.016507404483907515
2022-10-20,2536.449951171875,2570.0,2502.75,2565.550048828125,2459.250732421875,364460,HEROMOTOCO,Consumer Cyclical,Auto Manufacturers,N/A,EQUITY,0.0207,3.4,1.464,187.32,0.02687044251323544
2022-10-21,2571.0,2577.0,2547.949951171875,2569.85009765625,2463.37255859375,360297,HEROMOTOCO,Consumer Cyclical,Auto Manufacturers,N/A,EQUITY,0.0207,3.4,1.464,187.32,0.011401342014101985
2022-10-24,2586.0,2590.0,2575.0,2581.89990234375,2474.923095703125,35097,HEROMOTOCO,Consumer Cyclical,Auto Manufacturers,N/A,EQUITY,0.0207,3.4,1.464,187.32,0.005825242718446602
2022-10-25,2586.10009765625,2602.0,2566.050048828125,2585.60009765625,2478.469970703125,410336,HEROMOTOCO,Consumer Cyclical,Auto Manufacturers,N/A,EQUITY,0.0207,3.4,1.464,187.32,0.014009840216597794
2022-10-27,2598.0,2620.0,2577.050048828125,2610.75,2502.577880859375,473043,HEROMOTOCO,Consumer Cyclical,Auto Manufacturers,N/A,EQUITY,0.0207,3.4,1.464,187.32,0.016666324036432995
2022-10-28,2623.85009765625,2674.35009765625,2619.0,2649.85009765625,2540.057861328125,717856,HEROMOTOCO,Consumer Cyclical,Auto Manufacturers,N/A,EQUITY,0.0207,3.4,1.464,187.32,0.021134057906166476
2022-10-31,2668.0,2694.14990234375,2656.5,2676.85009765625,2565.939208984375,511816,HEROMOTOCO,Consumer Cyclical,Auto Manufacturers,N/A,EQUITY,0.0207,3.4,1.464,187.32,0.014172746976755128
2022-11-01,2690.25,2690.85009765625,2639.300048828125,2673.14990234375,2562.392578125,368266,HEROMOTOCO,Consumer Cyclical,Auto Manufacturers,N/A,EQUITY,0.0207,3.4,1.464,187.32,0.019531712148837994
2022-11-02,2649.949951171875,2657.199951171875,2630.35009765625,2643.949951171875,2534.40234375,565598,HEROMOTOCO,Consumer Cyclical,Auto Manufacturers,N/A,EQUITY,0.0207,3.4,1.464,187.32,0.010207710958153184
2022-11-03,2639.0,2668.39990234375,2628.0,2646.35009765625,2536.702880859375,311401,HEROMOTOCO,Consumer Cyclical,Auto Manufacturers,N/A,EQUITY,0.0207,3.4,1.464,187.32,0.01537286999381659
2022-11-04,2621.0,2637.199951171875,2573.449951171875,2588.89990234375,2481.633056640625,855256,HEROMOTOCO,Consumer Cyclical,Auto Manufacturers,N/A,EQUITY,0.0207,3.4,1.464,187.32,0.024772193440548585
2022-11-07,2599.0,2625.0,2590.0,2621.050048828125,2512.451171875,314060,HEROMOTOCO,Consumer Cyclical,Auto Manufacturers,N/A,EQUITY,0.0207,3.4,1.464,187.32,0.013513513513513514
2022-11-09,2630.0,2656.550048828125,2622.050048828125,2651.5,2541.639404296875,459177,HEROMOTOCO,Consumer Cyclical,Auto Manufacturers,N/A,EQUITY,0.0207,3.4,1.464,187.32,0.013157643583279088
2022-11-10,2651.449951171875,2722.0,2626.35009765625,2712.5,2600.112060546875,706321,HEROMOTOCO,Consumer Cyclical,Auto Manufacturers,N/A,EQUITY,0.0207,3.4,1.464,187.32,0.036419326741361634
2022-11-11,2726.10009765625,2731.949951171875,2660.050048828125,2668.5,2557.93505859375,474615,HEROMOTOCO,Consumer Cyclical,Auto Manufacturers,N/A,EQUITY,0.0207,3.4,1.464,187.32,0.0270295299050577
2022-11-14,2670.5,2708.0,2655.89990234375,2688.39990234375,2577.010498046875,352558,HEROMOTOCO,Consumer Cyclical,Auto Manufacturers,N/A,EQUITY,0.0207,3.4,1.464,187.32,0.019616739926935224
2022-11-15,2694.5,2754.050048828125,2692.0,2730.75,2617.60595703125,1012827,HEROMOTOCO,Consumer Cyclical,Auto Manufacturers,N/A,EQUITY,0.0207,3.4,1.464,187.32,0.0230497952556185
2022-11-16,2730.550048828125,2755.0,2709.050048828125,2739.449951171875,2625.945556640625,647740,HEROMOTOCO,Consumer Cyclical,Auto Manufacturers,N/A,EQUITY,0.0207,3.4,1.464,187.32,0.016961647198711568
2022-11-17,2741.0,2765.10009765625,2727.199951171875,2744.0,2630.306884765625,517393,HEROMOTOCO,Consumer Cyclical,Auto Manufacturers,N/A,EQUITY,0.0207,3.4,1.464,187.32,0.013897091215511847
2022-11-18,2735.0,2739.10009765625,2702.60009765625,2723.14990234375,2610.32080078125,469583,HEROMOTOCO,Consumer Cyclical,Auto Manufacturers,N/A,EQUITY,0.0207,3.4,1.464,187.32,0.013505512721491258
2022-11-21,2715.0,2722.5,2665.0,2677.449951171875,2566.51416015625,467604,HEROMOTOCO,Consumer Cyclical,Auto Manufacturers,N/A,EQUITY,0.0207,3.4,1.464,187.32,0.021575984990619138
2022-11-22,2669.800048828125,2690.85009765625,2667.0,2685.449951171875,2574.182861328125,361527,HEROMOTOCO,Consumer Cyclical,Auto Manufacturers,N/A,EQUITY,0.0207,3.4,1.464,187.32,0.008942668787495313
2022-11-23,2691.0,2697.5,2648.75,2658.85009765625,2548.68505859375,264132,HEROMOTOCO,Consumer Cyclical,Auto Manufacturers,N/A,EQUITY,0.0207,3.4,1.464,187.32,0.018404907975460124
2022-11-24,2665.0,2680.64990234375,2645.800048828125,2673.10009765625,2562.3447265625,498023,HEROMOTOCO,Consumer Cyclical,Auto Manufacturers,N/A,EQUITY,0.0207,3.4,1.464,187.32,0.013171763879534533
2022-11-25,2673.0,2716.75,2663.5,2708.14990234375,2595.942138671875,423634,HEROMOTOCO,Consumer Cyclical,Auto Manufacturers,N/A,EQUITY,0.0207,3.4,1.464,187.32,0.019992491083161253
2022-11-28,2719.949951171875,2804.0,2712.050048828125,2783.5,2668.17041015625,1223958,HEROMOTOCO,Consumer Cyclical,Auto Manufacturers,N/A,EQUITY,0.0207,3.4,1.464,187.32,0.03390422356387063
2022-11-29,2783.14990234375,2837.949951171875,2773.10009765625,2828.25,2711.066162109375,731879,HEROMOTOCO,Consumer Cyclical,Auto Manufacturers,N/A,EQUITY,0.0207,3.4,1.464,187.32,0.02338532733471625
2022-11-30,2831.949951171875,2861.0,2820.10009765625,2851.89990234375,2733.736328125,1379225,HEROMOTOCO,Consumer Cyclical,Auto Manufacturers,N/A,EQUITY,0.0207,3.4,1.464,187.32,0.01450299667651563
2022-12-01,2855.0,2884.0,2826.60009765625,2871.800048828125,2752.811767578125,782249,HEROMOTOCO,Consumer Cyclical,Auto Manufacturers,N/A,EQUITY,0.0207,3.4,1.464,187.32,0.020307047463609954
2022-12-02,2865.0,2865.0,2813.0,2820.449951171875,2703.589111328125,526214,HEROMOTOCO,Consumer Cyclical,Auto Manufacturers,N/A,EQUITY,0.0207,3.4,1.464,187.32,0.01848560255954497
2022-12-05,2810.0,2832.89990234375,2785.64990234375,2827.64990234375,2710.49072265625,397713,HEROMOTOCO,Consumer Cyclical,Auto Manufacturers,N/A,EQUITY,0.0207,3.4,1.464,187.32,0.016961930485322466
2022-12-06,2822.0,2825.0,2778.050048828125,2798.800048828125,2682.83642578125,339117,HEROMOTOCO,Consumer Cyclical,Auto Manufacturers,N/A,EQUITY,0.0207,3.4,1.464,187.32,0.01690032589286146
2022-12-07,2793.050048828125,2802.0,2751.0,2759.550048828125,2645.212646484375,340800,HEROMOTOCO,Consumer Cyclical,Auto Manufacturers,N/A,EQUITY,0.0207,3.4,1.464,187.32,0.018538713195201745
2022-12-08,2750.0,2778.800048828125,2745.25,2758.199951171875,2643.91845703125,190468,HEROMOTOCO,Consumer Cyclical,Auto Manufacturers,N/A,EQUITY,0.0207,3.4,1.464,187.32,0.012221126975002277
2022-12-09,2762.0,2782.25,2731.14990234375,2751.5,2637.49609375,254995,HEROMOTOCO,Consumer Cyclical,Auto Manufacturers,N/A,EQUITY,0.0207,3.4,1.464,187.32,0.018710103613279593
2022-12-12,2751.0,2774.89990234375,2736.050048828125,2771.449951171875,2656.619384765625,166357,HEROMOTOCO,Consumer Cyclical,Auto Manufacturers,N/A,EQUITY,0.0207,3.4,1.464,187.32,0.014199248121307117
2022-12-13,2783.89990234375,2815.050048828125,2747.89990234375,2759.449951171875,2645.11669921875,440848,HEROMOTOCO,Consumer Cyclical,Auto Manufacturers,N/A,EQUITY,0.0207,3.4,1.464,187.32,0.024436896856068528
2022-12-14,2762.449951171875,2782.89990234375,2727.60009765625,2747.35009765625,2633.51806640625,438317,HEROMOTOCO,Consumer Cyclical,Auto Manufacturers,N/A,EQUITY,0.0207,3.4,1.464,187.32,0.020274161426749312
2022-12-15,2738.5,2783.800048828125,2734.60009765625,2770.85009765625,2656.04443359375,299314,HEROMOTOCO,Consumer Cyclical,Auto Manufacturers,N/A,EQUITY,0.0207,3.4,1.464,187.32,0.017991643902171624
2022-12-16,2745.10009765625,2767.64990234375,2717.14990234375,2724.85009765625,2611.950439453125,271086,HEROMOTOCO,Consumer Cyclical,Auto Manufacturers,N/A,EQUITY,0.0207,3.4,1.464,187.32,0.018585651073737185
2022-12-19,2724.85009765625,2785.0,2709.050048828125,2780.60009765625,2665.390625,276490,HEROMOTOCO,Consumer Cyclical,Auto Manufacturers,N/A,EQUITY,0.0207,3.4,1.464,187.32,0.028035639727191183
2022-12-20,2770.0,2790.60009765625,2743.39990234375,2772.550048828125,2657.673828125,234062,HEROMOTOCO,Consumer Cyclical,Auto Manufacturers,N/A,EQUITY,0.0207,3.4,1.464,187.32,0.01720499999733024
2022-12-21,2772.550048828125,2798.050048828125,2737.0,2757.449951171875,2643.199462890625,328455,HEROMOTOCO,Consumer Cyclical,Auto Manufacturers,N/A,EQUITY,0.0207,3.4,1.464,187.32,0.022305461756713555
2022-12-22,2757.199951171875,2796.550048828125,2717.300048828125,2727.699951171875,2614.682373046875,483991,HEROMOTOCO,Consumer Cyclical,Auto Manufacturers,N/A,EQUITY,0.0207,3.4,1.464,187.32,0.029164979419250264
2022-12-23,2715.0,2720.0,2628.64990234375,2636.85009765625,2527.5966796875,328855,HEROMOTOCO,Consumer Cyclical,Auto Manufacturers,N/A,EQUITY,0.0207,3.4,1.464,187.32,0.03475171706007737
2022-12-26,2645.0,2698.0,2611.60009765625,2686.300048828125,2574.997802734375,175951,HEROMOTOCO,Consumer Cyclical,Auto Manufacturers,N/A,EQUITY,0.0207,3.4,1.464,187.32,0.03308312877660274
2022-12-27,2694.949951171875,2718.25,2685.5,2702.35009765625,2590.382568359375,181947,HEROMOTOCO,Consumer Cyclical,Auto Manufacturers,N/A,EQUITY,0.0207,3.4,1.464,187.32,0.012195121951219513
2022-12-28,2687.60009765625,2726.75,2685.0,2696.60009765625,2584.87109375,225857,HEROMOTOCO,Consumer Cyclical,Auto Manufacturers,N/A,EQUITY,0.0207,3.4,1.464,187.32,0.015549348230912476
2022-12-29,2691.60009765625,2745.0,2671.449951171875,2722.199951171875,2609.41015625,243791,HEROMOTOCO,Consumer Cyclical,Auto Manufacturers,N/A,EQUITY,0.0207,3.4,1.464,187.32,0.027531883498645025
2022-12-30,2735.85009765625,2764.85009765625,2722.89990234375,2738.85009765625,2625.370361328125,211762,HEROMOTOCO,Consumer Cyclical,Auto Manufacturers,N/A,EQUITY,0.0207,3.4,1.464,187.32,0.015406440492502555
2023-01-02,2738.85009765625,2749.60009765625,2710.0,2715.89990234375,2603.37109375,131296,HEROMOTOCO,Consumer Cyclical,Auto Manufacturers,N/A,EQUITY,0.0207,3.4,1.464,187.32,0.01461258216097786
2023-01-03,2702.199951171875,2739.89990234375,2702.0,2720.39990234375,2607.6845703125,136701,HEROMOTOCO,Consumer Cyclical,Auto Manufacturers,N/A,EQUITY,0.0207,3.4,1.464,187.32,0.014026610785991859
2023-01-04,2707.0,2728.0,2697.75,2709.300048828125,2597.044677734375,178937,HEROMOTOCO,Consumer Cyclical,Auto Manufacturers,N/A,EQUITY,0.0207,3.4,1.464,187.32,0.011213047910295617
2023-01-05,2707.89990234375,2771.10009765625,2702.0,2767.14990234375,2652.497802734375,258988,HEROMOTOCO,Consumer Cyclical,Auto Manufacturers,N/A,EQUITY,0.0207,3.4,1.464,187.32,0.025573685290988156
2023-01-06,2767.0,2775.35009765625,2733.75,2742.550048828125,2628.917236328125,162618,HEROMOTOCO,Consumer Cyclical,Auto Manufacturers,N/A,EQUITY,0.0207,3.4,1.464,187.32,0.015217228223593964
2023-01-09,2757.0,2772.39990234375,2740.25,2752.35009765625,2638.311279296875,110658,HEROMOTOCO,Consumer Cyclical,Auto Manufacturers,N/A,EQUITY,0.0207,3.4,1.464,187.32,0.011732470520481708
2023-01-10,2750.0,2758.050048828125,2687.699951171875,2712.050048828125,2599.6806640625,206381,HEROMOTOCO,Consumer Cyclical,Auto Manufacturers,N/A,EQUITY,0.0207,3.4,1.464,187.32,0.02617483310425941
2023-01-11,2712.10009765625,2720.0,2684.050048828125,2693.75,2582.138916015625,150551,HEROMOTOCO,Consumer Cyclical,Auto Manufacturers,N/A,EQUITY,0.0207,3.4,1.464,187.32,0.013393919829315776
2023-01-12,2690.0,2700.300048828125,2663.0,2694.25,2582.617919921875,163626,HEROMOTOCO,Consumer Cyclical,Auto Manufacturers,N/A,EQUITY,0.0207,3.4,1.464,187.32,0.014006777629787833
2023-01-13,2683.300048828125,2744.89990234375,2683.300048828125,2728.449951171875,2615.401123046875,196440,HEROMOTOCO,Consumer Cyclical,Auto Manufacturers,N/A,EQUITY,0.0207,3.4,1.464,187.32,0.022956751907982652
2023-01-16,2732.0,2765.0,2710.0,2758.60009765625,2644.302001953125,362194,HEROMOTOCO,Consumer Cyclical,Auto Manufacturers,N/A,EQUITY,0.0207,3.4,1.464,187.32,0.02029520295202952
2023-01-17,2765.0,2769.0,2729.699951171875,2766.85009765625,2652.210205078125,254062,HEROMOTOCO,Consumer Cyclical,Auto Manufacturers,N/A,EQUITY,0.0207,3.4,1.464,187.32,0.014397204649270436
2023-01-18,2766.89990234375,2786.35009765625,2747.449951171875,2769.949951171875,2655.181640625,159791,HEROMOTOCO,Consumer Cyclical,Auto Manufacturers,N/A,EQUITY,0.0207,3.4,1.464,187.32,0.014158636981824855
2023-01-19,2762.0,2779.75,2751.60009765625,2769.550048828125,2654.79833984375,140565,HEROMOTOCO,Consumer Cyclical,Auto Manufacturers,N/A,EQUITY,0.0207,3.4,1.464,187.32,0.010230375543207548
2023-01-20,2767.5,2767.5,2729.35009765625,2746.449951171875,2632.6552734375,300399,HEROMOTOCO,Consumer Cyclical,Auto Manufacturers,N/A,EQUITY,0.0207,3.4,1.464,187.32,0.013977650714911992
2023-01-23,2751.449951171875,2812.0,2750.050048828125,2774.60009765625,2659.63916015625,434312,HEROMOTOCO,Consumer Cyclical,Auto Manufacturers,N/A,EQUITY,0.0207,3.4,1.464,187.32,0.022526844992611553
2023-01-24,2777.0,2787.0,2762.25,2771.89990234375,2657.05078125,129633,HEROMOTOCO,Consumer Cyclical,Auto Manufacturers,N/A,EQUITY,0.0207,3.4,1.464,187.32,0.008960086885691013
2023-01-25,2779.0,2793.0,2766.0,2785.0,2669.608154296875,356744,HEROMOTOCO,Consumer Cyclical,Auto Manufacturers,N/A,EQUITY,0.0207,3.4,1.464,187.32,0.009761388286334056
2023-01-27,2788.0,2810.10009765625,2714.60009765625,2736.14990234375,2622.78173828125,464092,HEROMOTOCO,Consumer Cyclical,Auto Manufacturers,N/A,EQUITY,0.0207,3.4,1.464,187.32,0.035180135771178025
2023-01-30,2723.050048828125,2764.949951171875,2681.10009765625,2702.300048828125,2590.3349609375,459196,HEROMOTOCO,Consumer Cyclical,Auto Manufacturers,N/A,EQUITY,0.0207,3.4,1.464,187.32,0.03127442111875063
2023-01-31,2724.449951171875,2772.0,2684.60009765625,2763.25,2648.75927734375,579601,HEROMOTOCO,Consumer Cyclical,Auto Manufacturers,N/A,EQUITY,0.0207,3.4,1.464,187.32,0.032556022932448365
2023-02-01,2775.550048828125,2822.85009765625,2675.050048828125,2727.25,2614.2509765625,408279,HEROMOTOCO,Consumer Cyclical,Auto Manufacturers,N/A,EQUITY,0.0207,3.4,1.464,187.32,0.05525132095860137
2023-02-02,2689.0,2713.199951171875,2634.60009765625,2660.949951171875,2550.697998046875,453723,HEROMOTOCO,Consumer Cyclical,Auto Manufacturers,N/A,EQUITY,0.0207,3.4,1.464,187.32,0.029833694147945913
2023-02-03,2674.300048828125,2684.14990234375,2621.050048828125,2654.25,2544.275390625,328028,HEROMOTOCO,Consumer Cyclical,Auto Manufacturers,N/A,EQUITY,0.0207,3.4,1.464,187.32,0.024074265023606486
2023-02-06,2652.050048828125,2704.800048828125,2645.10009765625,2695.0,2583.337158203125,252416,HEROMOTOCO,Consumer Cyclical,Auto Manufacturers,N/A,EQUITY,0.0207,3.4,1.464,187.32,0.022570015866232616
2023-02-07,2686.0,2694.800048828125,2615.050048828125,2652.60009765625,2542.69384765625,421543,HEROMOTOCO,Consumer Cyclical,Auto Manufacturers,N/A,EQUITY,0.0207,3.4,1.464,187.32,0.030496548253727742
2023-02-08,2659.050048828125,2686.949951171875,2592.050048828125,2614.64990234375,2506.316162109375,793670,HEROMOTOCO,Consumer Cyclical,Auto Manufacturers,N/A,EQUITY,0.0207,3.4,1.464,187.32,0.036611909707011475
2023-02-09,2614.0,2614.0,2549.10009765625,2559.199951171875,2453.16357421875,1266011,HEROMOTOCO,Consumer Cyclical,Auto Manufacturers,N/A,EQUITY,0.0207,3.4,1.464,187.32,0.02545992697714056
2023-02-10,2559.199951171875,2589.64990234375,2550.300048828125,2583.300048828125,2476.265380859375,283858,HEROMOTOCO,Consumer Cyclical,Auto Manufacturers,N/A,EQUITY,0.0207,3.4,1.464,187.32,0.015429499573474285
2023-02-13,2593.949951171875,2602.0,2555.050048828125,2561.550048828125,2455.41650390625,327921,HEROMOTOCO,Consumer Cyclical,Auto Manufacturers,N/A,EQUITY,0.0207,3.4,1.464,187.32,0.018375354797221532
2023-02-14,2574.39990234375,2577.10009765625,2536.050048828125,2542.5,2437.15576171875,409279,HEROMOTOCO,Consumer Cyclical,Auto Manufacturers,N/A,EQUITY,0.0207,3.4,1.464,187.32,0.0161866083230864
2023-02-15,2545.0,2575.0,2537.0,2572.0,2465.433349609375,643367,HEROMOTOCO,Consumer Cyclical,Auto Manufacturers,N/A,EQUITY,0.0207,3.4,1.464,187.32,0.014978320851399291
2023-02-16,2590.0,2590.0,2546.5,2556.699951171875,2450.767333984375,433077,HEROMOTOCO,Consumer Cyclical,Auto Manufacturers,N/A,EQUITY,0.0207,3.4,1.464,187.32,0.0170822697820538
2023-02-17,2492.949951171875,2539.10009765625,2492.949951171875,2535.550048828125,2493.89697265625,705628,HEROMOTOCO,Consumer Cyclical,Auto Manufacturers,N/A,EQUITY,0.0207,3.4,1.464,187.32,0.018512263538496207
2023-02-20,2540.0,2544.5,2513.75,2527.449951171875,2485.929931640625,182493,HEROMOTOCO,Consumer Cyclical,Auto Manufacturers,N/A,EQUITY,0.0207,3.4,1.464,187.32,0.012232720039781203
2023-02-21,2540.0,2545.0,2516.5,2520.550048828125,2479.1435546875,203273,HEROMOTOCO,Consumer Cyclical,Auto Manufacturers,N/A,EQUITY,0.0207,3.4,1.464,187.32,0.01132525332803497
2023-02-22,2507.0,2534.64990234375,2495.0,2499.449951171875,2458.39013671875,310260,HEROMOTOCO,Consumer Cyclical,Auto Manufacturers,N/A,EQUITY,0.0207,3.4,1.464,187.32,0.015891744426352706
2023-02-23,2500.550048828125,2512.60009765625,2482.800048828125,2495.5,2454.505126953125,294710,HEROMOTOCO,Consumer Cyclical,Auto Manufacturers,N/A,EQUITY,0.0207,3.4,1.464,187.32,0.012002597165321687
2023-02-24,2496.0,2508.550048828125,2481.39990234375,2485.64990234375,2444.816650390625,255112,HEROMOTOCO,Consumer Cyclical,Auto Manufacturers,N/A,EQUITY,0.0207,3.4,1.464,187.32,0.01094146350966281
2023-02-27,2485.64990234375,2488.0,2430.0,2437.550048828125,2397.5068359375,293892,HEROMOTOCO,Consumer Cyclical,Auto Manufacturers,N/A,EQUITY,0.0207,3.4,1.464,187.32,0.023868312757201648
2023-02-28,2447.949951171875,2472.0,2410.35009765625,2419.10009765625,2379.360107421875,542868,HEROMOTOCO,Consumer Cyclical,Auto Manufacturers,N/A,EQUITY,0.0207,3.4,1.464,187.32,0.02557715678054257
2023-03-01,2415.0,2443.949951171875,2414.300048828125,2431.10009765625,2391.1630859375,293122,HEROMOTOCO,Consumer Cyclical,Auto Manufacturers,N/A,EQUITY,0.0207,3.4,1.464,187.32,0.012280951722691526
2023-03-02,2443.5,2483.300048828125,2440.89990234375,2463.35009765625,2422.88330078125,525446,HEROMOTOCO,Consumer Cyclical,Auto Manufacturers,N/A,EQUITY,0.0207,3.4,1.464,187.32,0.017370702683736607
2023-03-03,2475.699951171875,2478.800048828125,2457.0,2461.550048828125,2421.11279296875,197868,HEROMOTOCO,Consumer Cyclical,Auto Manufacturers,N/A,EQUITY,0.0207,3.4,1.464,187.32,0.00887262874567562
2023-03-06,2472.0,2491.75,2461.199951171875,2479.699951171875,2438.964599609375,203422,HEROMOTOCO,Consumer Cyclical,Auto Manufacturers,N/A,EQUITY,0.0207,3.4,1.464,187.32,0.012412664323993225
2023-03-08,2457.0,2481.0,2440.60009765625,2478.050048828125,2437.341796875,286894,HEROMOTOCO,Consumer Cyclical,Auto Manufacturers,N/A,EQUITY,0.0207,3.4,1.464,187.32,0.016553265888396347
2023-03-09,2486.0,2491.050048828125,2440.0,2443.800048828125,2403.654296875,244591,HEROMOTOCO,Consumer Cyclical,Auto Manufacturers,N/A,EQUITY,0.0207,3.4,1.464,187.32,0.020922151159067624
2023-03-10,2417.0,2443.800048828125,2405.300048828125,2440.300048828125,2400.2119140625,224485,HEROMOTOCO,Consumer Cyclical,Auto Manufacturers,N/A,EQUITY,0.0207,3.4,1.464,187.32,0.016006319053108325
2023-03-13,2441.89990234375,2441.89990234375,2380.0,2387.050048828125,2347.836669921875,249618,HEROMOTOCO,Consumer Cyclical,Auto Manufacturers,N/A,EQUITY,0.0207,3.4,1.464,187.32,0.026008362329306724
2023-03-14,2394.949951171875,2411.5,2368.39990234375,2373.449951171875,2334.4599609375,302570,HEROMOTOCO,Consumer Cyclical,Auto Manufacturers,N/A,EQUITY,0.0207,3.4,1.464,187.32,0.018197981520603205
2023-03-15,2400.0,2407.85009765625,2370.050048828125,2379.449951171875,2340.361328125,217071,HEROMOTOCO,Consumer Cyclical,Auto Manufacturers,N/A,EQUITY,0.0207,3.4,1.464,187.32,0.01594905088473355
2023-03-16,2369.39990234375,2394.0,2365.0,2370.949951171875,2332.0009765625,577586,HEROMOTOCO,Consumer Cyclical,Auto Manufacturers,N/A,EQUITY,0.0207,3.4,1.464,187.32,0.01226215644820296
2023-03-17,2375.0,2375.550048828125,2328.800048828125,2355.14990234375,2316.46044921875,628419,HEROMOTOCO,Consumer Cyclical,Auto Manufacturers,N/A,EQUITY,0.0207,3.4,1.464,187.32,0.02007471617132826
2023-03-20,2355.14990234375,2356.449951171875,2304.0,2339.35009765625,2300.920166015625,352432,HEROMOTOCO,Consumer Cyclical,Auto Manufacturers,N/A,EQUITY,0.0207,3.4,1.464,187.32,0.022764735751681857
2023-03-21,2344.949951171875,2356.35009765625,2331.0,2349.050048828125,2310.460693359375,291142,HEROMOTOCO,Consumer Cyclical,Auto Manufacturers,N/A,EQUITY,0.0207,3.4,1.464,187.32,0.01087520276973402
2023-03-22,2349.050048828125,2369.25,2346.0,2353.199951171875,2314.54248046875,166790,HEROMOTOCO,Consumer Cyclical,Auto Manufacturers,N/A,EQUITY,0.0207,3.4,1.464,187.32,0.009910485933503837
2023-03-23,2365.0,2383.85009765625,2357.0,2362.5,2323.689697265625,371585,HEROMOTOCO,Consumer Cyclical,Auto Manufacturers,N/A,EQUITY,0.0207,3.4,1.464,187.32,0.011391640923313535
2023-03-24,2363.0,2378.699951171875,2304.10009765625,2313.35009765625,2275.34716796875,272040,HEROMOTOCO,Consumer Cyclical,Auto Manufacturers,N/A,EQUITY,0.0207,3.4,1.464,187.32,0.03237700201979445
2023-03-27,2319.949951171875,2330.89990234375,2296.550048828125,2308.60009765625,2270.675537109375,238881,HEROMOTOCO,Consumer Cyclical,Auto Manufacturers,N/A,EQUITY,0.0207,3.4,1.464,187.32,0.014957154333802965
2023-03-28,2301.0,2308.60009765625,2246.0,2249.5,2212.546142578125,456838,HEROMOTOCO,Consumer Cyclical,Auto Manufacturers,N/A,EQUITY,0.0207,3.4,1.464,187.32,0.027871815519256455
2023-03-29,2250.0,2315.5,2250.0,2304.14990234375,2266.298095703125,712847,HEROMOTOCO,Consumer Cyclical,Auto Manufacturers,N/A,EQUITY,0.0207,3.4,1.464,187.32,0.029111111111111112
2023-03-31,2314.75,2356.89990234375,2314.75,2347.35009765625,2308.788818359375,302919,HEROMOTOCO,Consumer Cyclical,Auto Manufacturers,N/A,EQUITY,0.0207,3.4,1.464,187.32,0.018209267671994815
2023-04-03,2385.0,2434.5,2372.050048828125,2431.10009765625,2391.1630859375,787785,HEROMOTOCO,Consumer Cyclical,Auto Manufacturers,N/A,EQUITY,0.0207,3.4,1.464,187.32,0.026327417165049886
2023-04-05,2440.800048828125,2441.550048828125,2419.10009765625,2432.199951171875,2392.244873046875,289012,HEROMOTOCO,Consumer Cyclical,Auto Manufacturers,N/A,EQUITY,0.0207,3.4,1.464,187.32,0.009280290300358254
2023-04-06,2432.199951171875,2438.199951171875,2410.300048828125,2426.449951171875,2386.58935546875,211340,HEROMOTOCO,Consumer Cyclical,Auto Manufacturers,N/A,EQUITY,0.0207,3.4,1.464,187.32,0.011575281823238059
2023-04-10,2430.0,2467.85009765625,2417.14990234375,2460.64990234375,2420.227294921875,261131,HEROMOTOCO,Consumer Cyclical,Auto Manufacturers,N/A,EQUITY,0.0207,3.4,1.464,187.32,0.020975196971995565
2023-04-11,2474.0,2478.85009765625,2448.050048828125,2469.85009765625,2429.2763671875,575155,HEROMOTOCO,Consumer Cyclical,Auto Manufacturers,N/A,EQUITY,0.0207,3.4,1.464,187.32,0.012581462067276322
2023-04-12,2475.0,2485.0,2449.199951171875,2477.300048828125,2436.60400390625,464883,HEROMOTOCO,Consumer Cyclical,Auto Manufacturers,N/A,EQUITY,0.0207,3.4,1.464,187.32,0.014617038029498432
2023-04-13,2477.300048828125,2477.300048828125,2438.0,2447.050048828125,2406.850830078125,458472,HEROMOTOCO,Consumer Cyclical,Auto Manufacturers,N/A,EQUITY,0.0207,3.4,1.464,187.32,0.016119790331470468
2023-04-17,2430.0,2469.0,2419.5,2465.949951171875,2425.440185546875,656224,HEROMOTOCO,Consumer Cyclical,Auto Manufacturers,N/A,EQUITY,0.0207,3.4,1.464,187.32,0.02045877247365158
2023-04-18,2470.949951171875,2474.949951171875,2425.0,2439.699951171875,2399.62158203125,397381,HEROMOTOCO,Consumer Cyclical,Auto Manufacturers,N/A,EQUITY,0.0207,3.4,1.464,187.32,0.020597918009020617
2023-04-19,2435.0,2452.10009765625,2421.10009765625,2445.949951171875,2405.76904296875,247426,HEROMOTOCO,Consumer Cyclical,Auto Manufacturers,N/A,EQUITY,0.0207,3.4,1.464,187.32,0.012804096794680073
2023-04-20,2450.0,2462.25,2431.85009765625,2448.550048828125,2408.326416015625,315314,HEROMOTOCO,Consumer Cyclical,Auto Manufacturers,N/A,EQUITY,0.0207,3.4,1.464,187.32,0.012500730358770298
2023-04-21,2450.949951171875,2476.39990234375,2448.550048828125,2459.35009765625,2418.94873046875,699932,HEROMOTOCO,Consumer Cyclical,Auto Manufacturers,N/A,EQUITY,0.0207,3.4,1.464,187.32,0.011374018484512468
2023-04-24,2459.949951171875,2524.0,2443.39990234375,2501.050048828125,2459.9638671875,686216,HEROMOTOCO,Consumer Cyclical,Auto Manufacturers,N/A,EQUITY,0.0207,3.4,1.464,187.32,0.032986862927733215
2023-04-25,2504.89990234375,2534.0,2493.85009765625,2497.75,2456.718017578125,538138,HEROMOTOCO,Consumer Cyclical,Auto Manufacturers,N/A,EQUITY,0.0207,3.4,1.464,187.32,0.016099565239098917
2023-04-26,2510.0,2524.0,2492.050048828125,2505.14990234375,2463.996337890625,560280,HEROMOTOCO,Consumer Cyclical,Auto Manufacturers,N/A,EQUITY,0.0207,3.4,1.464,187.32,0.012820750203993422
2023-04-27,2500.0,2526.85009765625,2497.050048828125,2508.64990234375,2467.43896484375,685268,HEROMOTOCO,Consumer Cyclical,Auto Manufacturers,N/A,EQUITY,0.0207,3.4,1.464,187.32,0.011934101537976891
2023-04-28,2520.0,2567.0,2515.14990234375,2558.60009765625,2516.568359375,721370,HEROMOTOCO,Consumer Cyclical,Auto Manufacturers,N/A,EQUITY,0.0207,3.4,1.464,187.32,0.020615112287316686
2023-05-02,2539.949951171875,2539.949951171875,2466.0,2495.89990234375,2454.8984375,997629,HEROMOTOCO,Consumer Cyclical,Auto Manufacturers,N/A,EQUITY,0.0207,3.4,1.464,187.32,0.02998781474934104
2023-05-03,2490.0,2518.0,2478.89990234375,2502.64990234375,2461.53759765625,863935,HEROMOTOCO,Consumer Cyclical,Auto Manufacturers,N/A,EQUITY,0.0207,3.4,1.464,187.32,0.015773165192867065
2023-05-04,2507.949951171875,2532.75,2504.300048828125,2514.5,2473.192626953125,684323,HEROMOTOCO,Consumer Cyclical,Auto Manufacturers,N/A,EQUITY,0.0207,3.4,1.464,187.32,0.011360440289568343
2023-05-05,2537.0,2562.0,2512.550048828125,2547.25,2505.40478515625,1527593,HEROMOTOCO,Consumer Cyclical,Auto Manufacturers,N/A,EQUITY,0.0207,3.4,1.464,187.32,0.01968118055795103
2023-05-08,2566.0,2592.0,2566.0,2576.35009765625,2534.02685546875,855245,HEROMOTOCO,Consumer Cyclical,Auto Manufacturers,N/A,EQUITY,0.0207,3.4,1.464,187.32,0.010132501948558068
2023-05-09,2587.449951171875,2604.0,2575.25,2591.550048828125,2548.97705078125,556418,HEROMOTOCO,Consumer Cyclical,Auto Manufacturers,N/A,EQUITY,0.0207,3.4,1.464,187.32,0.011163964663624891
2023-05-10,2600.0,2604.14990234375,2572.10009765625,2586.050048828125,2543.5673828125,549062,HEROMOTOCO,Consumer Cyclical,Auto Manufacturers,N/A,EQUITY,0.0207,3.4,1.464,187.32,0.012460558870436044
2023-05-11,2600.0,2604.0,2575.050048828125,2585.449951171875,2542.97705078125,506829,HEROMOTOCO,Consumer Cyclical,Auto Manufacturers,N/A,EQUITY,0.0207,3.4,1.464,187.32,0.011242480970437752
2023-05-12,2595.0,2614.0,2586.199951171875,2605.89990234375,2563.091064453125,718178,HEROMOTOCO,Consumer Cyclical,Auto Manufacturers,N/A,EQUITY,0.0207,3.4,1.464,187.32,0.010749381081508438
2023-05-15,2627.0,2720.0,2606.0,2691.89990234375,2647.678466796875,1383562,HEROMOTOCO,Consumer Cyclical,Auto Manufacturers,N/A,EQUITY,0.0207,3.4,1.464,187.32,0.043745203376822715
2023-05-16,2699.949951171875,2717.550048828125,2680.550048828125,2686.0,2641.87548828125,602177,HEROMOTOCO,Consumer Cyclical,Auto Manufacturers,N/A,EQUITY,0.0207,3.4,1.464,187.32,0.01380313716439488
2023-05-17,2688.949951171875,2766.39990234375,2682.39990234375,2722.949951171875,2678.218505859375,1169727,HEROMOTOCO,Consumer Cyclical,Auto Manufacturers,N/A,EQUITY,0.0207,3.4,1.464,187.32,0.03131524122357927
2023-05-18,2745.050048828125,2759.14990234375,2724.25,2735.14990234375,2690.218017578125,610410,HEROMOTOCO,Consumer Cyclical,Auto Manufacturers,N/A,EQUITY,0.0207,3.4,1.464,187.32,0.012810829528769387
2023-05-19,2740.64990234375,2744.050048828125,2667.199951171875,2713.0,2668.43212890625,458137,HEROMOTOCO,Consumer Cyclical,Auto Manufacturers,N/A,EQUITY,0.0207,3.4,1.464,187.32,0.028813024543767232
2023-05-22,2710.550048828125,2722.0,2681.10009765625,2692.14990234375,2647.92431640625,241924,HEROMOTOCO,Consumer Cyclical,Auto Manufacturers,N/A,EQUITY,0.0207,3.4,1.464,187.32,0.015254895697293682
2023-05-23,2692.14990234375,2718.14990234375,2674.050048828125,2710.449951171875,2665.923828125,224454,HEROMOTOCO,Consumer Cyclical,Auto Manufacturers,N/A,EQUITY,0.0207,3.4,1.464,187.32,0.016491783141811916
2023-05-24,2711.0,2744.75,2706.0,2738.699951171875,2693.709716796875,402069,HEROMOTOCO,Consumer Cyclical,Auto Manufacturers,N/A,EQUITY,0.0207,3.4,1.464,187.32,0.014320029563932003
2023-05-25,2738.949951171875,2759.0,2709.050048828125,2732.800048828125,2687.90673828125,208718,HEROMOTOCO,Consumer Cyclical,Auto Manufacturers,N/A,EQUITY,0.0207,3.4,1.464,187.32,0.018438179535842182
2023-05-26,2734.449951171875,2749.89990234375,2713.60009765625,2745.14990234375,2700.0537109375,167210,HEROMOTOCO,Consumer Cyclical,Auto Manufacturers,N/A,EQUITY,0.0207,3.4,1.464,187.32,0.013376991222417896
2023-05-29,2760.0,2794.800048828125,2736.050048828125,2776.89990234375,2731.281982421875,462628,HEROMOTOCO,Consumer Cyclical,Auto Manufacturers,N/A,EQUITY,0.0207,3.4,1.464,187.32,0.02147256042526092
2023-05-30,2776.85009765625,2795.0,2760.199951171875,2779.14990234375,2733.4951171875,399817,HEROMOTOCO,Consumer Cyclical,Auto Manufacturers,N/A,EQUITY,0.0207,3.4,1.464,187.32,0.012607799957879948
2023-05-31,2779.050048828125,2787.0,2739.050048828125,2759.89990234375,2714.5615234375,773286,HEROMOTOCO,Consumer Cyclical,Auto Manufacturers,N/A,EQUITY,0.0207,3.4,1.464,187.32,0.01750605148394054
2023-06-01,2758.85009765625,2812.64990234375,2746.85009765625,2800.39990234375,2754.39599609375,552629,HEROMOTOCO,Consumer Cyclical,Auto Manufacturers,N/A,EQUITY,0.0207,3.4,1.464,187.32,0.023954639804932815
2023-06-02,2836.0,2912.64990234375,2836.0,2892.64990234375,2845.130615234375,2090599,HEROMOTOCO,Consumer Cyclical,Auto Manufacturers,N/A,EQUITY,0.0207,3.4,1.464,187.32,0.02702746909159027
2023-06-05,2910.050048828125,2919.800048828125,2865.0,2870.60009765625,2823.443115234375,620625,HEROMOTOCO,Consumer Cyclical,Auto Manufacturers,N/A,EQUITY,0.0207,3.4,1.464,187.32,0.019127416693935428
2023-06-06,2870.0,2912.0,2860.949951171875,2904.800048828125,2857.081298828125,729992,HEROMOTOCO,Consumer Cyclical,Auto Manufacturers,N/A,EQUITY,0.0207,3.4,1.464,187.32,0.017843740610427095
2023-06-07,2917.949951171875,2979.0,2907.10009765625,2958.0,2909.4072265625,996180,HEROMOTOCO,Consumer Cyclical,Auto Manufacturers,N/A,EQUITY,0.0207,3.4,1.464,187.32,0.024732516916674743
2023-06-08,2977.550048828125,3026.0,2948.199951171875,2964.800048828125,2916.095458984375,1150017,HEROMOTOCO,Consumer Cyclical,Auto Manufacturers,N/A,EQUITY,0.0207,3.4,1.464,187.32,0.026389000107404654
2023-06-09,2987.89990234375,3025.0,2887.300048828125,2899.300048828125,2851.671630859375,826404,HEROMOTOCO,Consumer Cyclical,Auto Manufacturers,N/A,EQUITY,0.0207,3.4,1.464,187.32,0.047691597285763075
2023-06-12,2906.300048828125,2938.25,2878.10009765625,2930.39990234375,2882.260498046875,617327,HEROMOTOCO,Consumer Cyclical,Auto Manufacturers,N/A,EQUITY,0.0207,3.4,1.464,187.32,0.02089916969626332
2023-06-13,2917.0,2955.89990234375,2904.050048828125,2952.449951171875,2903.948486328125,973087,HEROMOTOCO,Consumer Cyclical,Auto Manufacturers,N/A,EQUITY,0.0207,3.4,1.464,187.32,0.017854325043932365
2023-06-14,2952.449951171875,2967.550048828125,2923.64990234375,2931.60009765625,2883.44091796875,304861,HEROMOTOCO,Consumer Cyclical,Auto Manufacturers,N/A,EQUITY,0.0207,3.4,1.464,187.32,0.015015527833610431
2023-06-15,2939.89990234375,2961.39990234375,2810.0,2843.050048828125,2796.345703125,951322,HEROMOTOCO,Consumer Cyclical,Auto Manufacturers,N/A,EQUITY,0.0207,3.4,1.464,187.32,0.053878968805604985
2023-06-16,2843.0,2844.89990234375,2805.0,2832.050048828125,2785.526123046875,1029235,HEROMOTOCO,Consumer Cyclical,Auto Manufacturers,N/A,EQUITY,0.0207,3.4,1.464,187.32,0.014224564115418895
2023-06-19,2820.0,2827.699951171875,2777.050048828125,2782.60009765625,2736.888671875,671364,HEROMOTOCO,Consumer Cyclical,Auto Manufacturers,N/A,EQUITY,0.0207,3.4,1.464,187.32,0.01823874307383244
2023-06-20,2775.0,2809.60009765625,2745.050048828125,2800.699951171875,2754.691162109375,872568,HEROMOTOCO,Consumer Cyclical,Auto Manufacturers,N/A,EQUITY,0.0207,3.4,1.464,187.32,0.023515071740014985
2023-06-21,2801.0,2830.0,2800.0,2823.550048828125,2777.166015625,407191,HEROMOTOCO,Consumer Cyclical,Auto Manufacturers,N/A,EQUITY,0.0207,3.4,1.464,187.32,0.010714285714285714
2023-06-22,2830.0,2862.0,2816.800048828125,2825.050048828125,2778.641357421875,578572,HEROMOTOCO,Consumer Cyclical,Auto Manufacturers,N/A,EQUITY,0.0207,3.4,1.464,187.32,0.016046560064027108
2023-06-23,2825.25,2839.75,2765.0,2776.39990234375,2730.790283203125,381689,HEROMOTOCO,Consumer Cyclical,Auto Manufacturers,N/A,EQUITY,0.0207,3.4,1.464,187.32,0.027034358047016274
2023-06-26,2776.39990234375,2859.0,2775.0,2851.25,2804.410888671875,583691,HEROMOTOCO,Consumer Cyclical,Auto Manufacturers,N/A,EQUITY,0.0207,3.4,1.464,187.32,0.03027027027027027
2023-06-27,2858.0,2866.89990234375,2827.449951171875,2844.10009765625,2797.37841796875,415101,HEROMOTOCO,Consumer Cyclical,Auto Manufacturers,N/A,EQUITY,0.0207,3.4,1.464,187.32,0.013952484342127588
2023-06-28,2850.0,2861.35009765625,2795.0,2828.75,2782.280517578125,781032,HEROMOTOCO,Consumer Cyclical,Auto Manufacturers,N/A,EQUITY,0.0207,3.4,1.464,187.32,0.023738854259838998
2023-06-30,2839.949951171875,2920.0,2835.0,2910.10009765625,2862.294189453125,962194,HEROMOTOCO,Consumer Cyclical,Auto Manufacturers,N/A,EQUITY,0.0207,3.4,1.464,187.32,0.029982363315696647
2023-07-03,2875.0,2911.85009765625,2862.39990234375,2898.75,2851.130615234375,818522,HEROMOTOCO,Consumer Cyclical,Auto Manufacturers,N/A,EQUITY,0.0207,3.4,1.464,187.32,0.017275781511873964
2023-07-04,2951.10009765625,3039.89990234375,2915.699951171875,3029.800048828125,2980.027587890625,2177103,HEROMOTOCO,Consumer Cyclical,Auto Manufacturers,N/A,EQUITY,0.0207,3.4,1.464,187.32,0.04259695896416114
2023-07-05,3050.0,3172.0,3030.199951171875,3158.199951171875,3106.318359375,3069147,HEROMOTOCO,Consumer Cyclical,Auto Manufacturers,N/A,EQUITY,0.0207,3.4,1.464,187.32,0.046795607917981256
2023-07-06,3139.0,3206.85009765625,3118.699951171875,3172.10009765625,3119.989990234375,1676341,HEROMOTOCO,Consumer Cyclical,Auto Manufacturers,N/A,EQUITY,0.0207,3.4,1.464,187.32,0.028265029616347644
2023-07-07,3150.0,3172.0,3126.0,3148.199951171875,3096.482421875,931135,HEROMOTOCO,Consumer Cyclical,Auto Manufacturers,N/A,EQUITY,0.0207,3.4,1.464,187.32,0.01471529110684581
2023-07-10,3156.449951171875,3186.35009765625,3085.89990234375,3123.699951171875,3072.385009765625,570281,HEROMOTOCO,Consumer Cyclical,Auto Manufacturers,N/A,EQUITY,0.0207,3.4,1.464,187.32,0.032551345957854236
2023-07-11,3099.0,3128.0,3084.199951171875,3102.60009765625,3051.6318359375,663715,HEROMOTOCO,Consumer Cyclical,Auto Manufacturers,N/A,EQUITY,0.0207,3.4,1.464,187.32,0.014201429713233314
2023-07-12,3099.89990234375,3113.300048828125,3057.449951171875,3078.85009765625,3028.27197265625,739038,HEROMOTOCO,Consumer Cyclical,Auto Manufacturers,N/A,EQUITY,0.0207,3.4,1.464,187.32,0.01826688859938443
2023-07-13,3078.85009765625,3130.949951171875,3055.5,3073.10009765625,3022.616455078125,665215,HEROMOTOCO,Consumer Cyclical,Auto Manufacturers,N/A,EQUITY,0.0207,3.4,1.464,187.32,0.024693160259163804
2023-07-14,3078.89990234375,3142.5,3073.10009765625,3136.300048828125,3084.7783203125,811153,HEROMOTOCO,Consumer Cyclical,Auto Manufacturers,N/A,EQUITY,0.0207,3.4,1.464,187.32,0.022583026955965077
2023-07-17,3144.64990234375,3157.39990234375,3067.0,3091.60009765625,3040.8125,909246,HEROMOTOCO,Consumer Cyclical,Auto Manufacturers,N/A,EQUITY,0.0207,3.4,1.464,187.32,0.02947502521804695
2023-07-18,3099.0,3120.0,3085.89990234375,3116.39990234375,3065.205078125,578275,HEROMOTOCO,Consumer Cyclical,Auto Manufacturers,N/A,EQUITY,0.0207,3.4,1.464,187.32,0.011050292859580726
2023-07-19,3125.0,3143.64990234375,3082.5,3096.64990234375,3045.779296875,486164,HEROMOTOCO,Consumer Cyclical,Auto Manufacturers,N/A,EQUITY,0.0207,3.4,1.464,187.32,0.01983776231751825
2023-07-20,3095.949951171875,3100.199951171875,3051.0,3087.14990234375,3036.435546875,735511,HEROMOTOCO,Consumer Cyclical,Auto Manufacturers,N/A,EQUITY,0.0207,3.4,1.464,187.32,0.01612584436967388
2023-07-21,3079.050048828125,3124.60009765625,3049.5,3102.050048828125,3051.0908203125,749722,HEROMOTOCO,Consumer Cyclical,Auto Manufacturers,N/A,EQUITY,0.0207,3.4,1.464,187.32,0.024627020054517133
2023-07-24,3129.89990234375,3155.0,3090.050048828125,3134.050048828125,3082.565185546875,784541,HEROMOTOCO,Consumer Cyclical,Auto Manufacturers,N/A,EQUITY,0.0207,3.4,1.464,187.32,0.02101906122734378
2023-07-25,3179.0,3179.0,3128.14990234375,3140.300048828125,3088.712646484375,748386,HEROMOTOCO,Consumer Cyclical,Auto Manufacturers,N/A,EQUITY,0.0207,3.4,1.464,187.32,0.016255646066753653
2023-07-26,3164.949951171875,3189.89990234375,3126.10009765625,3145.699951171875,3094.023681640625,509747,HEROMOTOCO,Consumer Cyclical,Auto Manufacturers,N/A,EQUITY,0.0207,3.4,1.464,187.32,0.020408752981177097
2023-07-27,3107.550048828125,3158.949951171875,3097.800048828125,3136.949951171875,3120.1328125,524436,HEROMOTOCO,Consumer Cyclical,Auto Manufacturers,N/A,EQUITY,0.0207,3.4,1.464,187.32,0.019739783517300467
2023-07-28,3146.949951171875,3175.0,3131.449951171875,3172.5,3155.492431640625,445865,HEROMOTOCO,Consumer Cyclical,Auto Manufacturers,N/A,EQUITY,0.0207,3.4,1.464,187.32,0.013907311152083835
2023-07-31,3189.75,3230.0,3173.0,3203.699951171875,3186.525146484375,933273,HEROMOTOCO,Consumer Cyclical,Auto Manufacturers,N/A,EQUITY,0.0207,3.4,1.464,187.32,0.017964071856287425
2023-08-01,3224.949951171875,3244.0,3032.25,3102.10009765625,3085.469970703125,3043469,HEROMOTOCO,Consumer Cyclical,Auto Manufacturers,N/A,EQUITY,0.0207,3.4,1.464,187.32,0.06983263253359716
2023-08-02,3061.0,3073.0,2971.85009765625,2993.449951171875,2977.402099609375,2692656,HEROMOTOCO,Consumer Cyclical,Auto Manufacturers,N/A,EQUITY,0.0207,3.4,1.464,187.32,0.03403600417918854
2023-08-03,2972.0,3021.550048828125,2933.050048828125,2952.39990234375,2936.572265625,1250490,HEROMOTOCO,Consumer Cyclical,Auto Manufacturers,N/A,EQUITY,0.0207,3.4,1.464,187.32,0.030173368516285434
2023-08-04,2977.0,2985.0,2921.449951171875,2944.699951171875,2928.91357421875,642027,HEROMOTOCO,Consumer Cyclical,Auto Manufacturers,N/A,EQUITY,0.0207,3.4,1.464,187.32,0.02175291375525133
2023-08-07,2950.0,2964.949951171875,2929.64990234375,2954.050048828125,2938.213623046875,444210,HEROMOTOCO,Consumer Cyclical,Auto Manufacturers,N/A,EQUITY,0.0207,3.4,1.464,187.32,0.012049237965220554
2023-08-08,3005.0,3088.75,2980.0,3066.89990234375,3050.458251953125,2020469,HEROMOTOCO,Consumer Cyclical,Auto Manufacturers,N/A,EQUITY,0.0207,3.4,1.464,187.32,0.03649328859060403
2023-08-09,3079.85009765625,3081.35009765625,3004.10009765625,3059.699951171875,3043.297119140625,548711,HEROMOTOCO,Consumer Cyclical,Auto Manufacturers,N/A,EQUITY,0.0207,3.4,1.464,187.32,0.025714855527040923
2023-08-10,3051.39990234375,3062.89990234375,3013.0,3035.89990234375,3019.62451171875,476401,HEROMOTOCO,Consumer Cyclical,Auto Manufacturers,N/A,EQUITY,0.0207,3.4,1.464,187.32,0.016561534133338864
2023-08-11,3044.89990234375,3073.35009765625,2980.0,2998.199951171875,2982.126708984375,816082,HEROMOTOCO,Consumer Cyclical,Auto Manufacturers,N/A,EQUITY,0.0207,3.4,1.464,187.32,0.03132553612625839
2023-08-14,3009.89990234375,3025.0,2952.199951171875,3010.64990234375,2994.510009765625,526850,HEROMOTOCO,Consumer Cyclical,Auto Manufacturers,N/A,EQUITY,0.0207,3.4,1.464,187.32,0.024659592856922527
2023-08-16,3005.0,3016.85009765625,2956.0,2981.75,2965.764892578125,753515,HEROMOTOCO,Consumer Cyclical,Auto Manufacturers,N/A,EQUITY,0.0207,3.4,1.464,187.32,0.020585283374915428
2023-08-17,2997.39990234375,2997.39990234375,2960.75,2991.050048828125,2975.01513671875,565973,HEROMOTOCO,Consumer Cyclical,Auto Manufacturers,N/A,EQUITY,0.0207,3.4,1.464,187.32,0.01237858729840412
2023-08-18,2989.699951171875,2989.699951171875,2920.0,2927.050048828125,2911.358154296875,560922,HEROMOTOCO,Consumer Cyclical,Auto Manufacturers,N/A,EQUITY,0.0207,3.4,1.464,187.32,0.023869846291738012
2023-08-21,2929.0,2944.35009765625,2912.39990234375,2931.5,2915.784423828125,328451,HEROMOTOCO,Consumer Cyclical,Auto Manufacturers,N/A,EQUITY,0.0207,3.4,1.464,187.32,0.010970401175603708
2023-08-22,2940.0,2965.60009765625,2920.0,2956.75,2940.89892578125,255764,HEROMOTOCO,Consumer Cyclical,Auto Manufacturers,N/A,EQUITY,0.0207,3.4,1.464,187.32,0.015616471800085616
2023-08-23,2969.0,2975.0,2934.800048828125,2951.75,2935.92578125,325912,HEROMOTOCO,Consumer Cyclical,Auto Manufacturers,N/A,EQUITY,0.0207,3.4,1.464,187.32,0.013697679740712478
2023-08-24,2955.0,2971.449951171875,2920.0,2927.75,2912.054443359375,273751,HEROMOTOCO,Consumer Cyclical,Auto Manufacturers,N/A,EQUITY,0.0207,3.4,1.464,187.32,0.017619846291738014
2023-08-25,2931.800048828125,2945.0,2890.0,2910.89990234375,2895.294677734375,429528,HEROMOTOCO,Consumer Cyclical,Auto Manufacturers,N/A,EQUITY,0.0207,3.4,1.464,187.32,0.01903114186851211
2023-08-28,2925.0,2951.199951171875,2911.85009765625,2931.75,2916.032958984375,303029,HEROMOTOCO,Consumer Cyclical,Auto Manufacturers,N/A,EQUITY,0.0207,3.4,1.464,187.32,0.013513694797440886
2023-08-29,2948.0,2993.0,2938.050048828125,2988.14990234375,2972.130615234375,590653,HEROMOTOCO,Consumer Cyclical,Auto Manufacturers,N/A,EQUITY,0.0207,3.4,1.464,187.32,0.018702864232620006
2023-08-30,3008.0,3008.0,2942.14990234375,2951.85009765625,2936.025390625,415898,HEROMOTOCO,Consumer Cyclical,Auto Manufacturers,N/A,EQUITY,0.0207,3.4,1.464,187.32,0.022381625628181984
2023-08-31,2965.0,2965.0,2890.050048828125,2915.949951171875,2900.317626953125,920121,HEROMOTOCO,Consumer Cyclical,Auto Manufacturers,N/A,EQUITY,0.0207,3.4,1.464,187.32,0.025933790040164238
2023-09-01,2932.949951171875,2947.14990234375,2908.0,2927.39990234375,2911.706298828125,331811,HEROMOTOCO,Consumer Cyclical,Auto Manufacturers,N/A,EQUITY,0.0207,3.4,1.464,187.32,0.013462827490973177
2023-09-04,2950.0,2964.949951171875,2922.75,2942.85009765625,2927.073486328125,643279,HEROMOTOCO,Consumer Cyclical,Auto Manufacturers,N/A,EQUITY,0.0207,3.4,1.464,187.32,0.014438440226456248
2023-09-05,2965.0,2973.89990234375,2928.199951171875,2935.35009765625,2919.61376953125,306742,HEROMOTOCO,Consumer Cyclical,Auto Manufacturers,N/A,EQUITY,0.0207,3.4,1.464,187.32,0.01560684104020483
2023-09-06,2955.0,2955.0,2916.85009765625,2938.0,2922.24951171875,275916,HEROMOTOCO,Consumer Cyclical,Auto Manufacturers,N/A,EQUITY,0.0207,3.4,1.464,187.32,0.013079143962318887
2023-09-07,2940.0,2968.449951171875,2930.60009765625,2960.89990234375,2945.026611328125,242002,HEROMOTOCO,Consumer Cyclical,Auto Manufacturers,N/A,EQUITY,0.0207,3.4,1.464,187.32,0.012915393521584693
2023-09-08,2969.800048828125,3027.0,2960.14990234375,3008.75,2992.6201171875,569352,HEROMOTOCO,Consumer Cyclical,Auto Manufacturers,N/A,EQUITY,0.0207,3.4,1.464,187.32,0.02258334877004718
2023-09-11,3028.89990234375,3059.0,3019.050048828125,3054.35009765625,3037.975830078125,486566,HEROMOTOCO,Consumer Cyclical,Auto Manufacturers,N/A,EQUITY,0.0207,3.4,1.464,187.32,0.013232623019079124
2023-09-12,3069.300048828125,3069.300048828125,3010.0,3020.050048828125,3003.859619140625,429664,HEROMOTOCO,Consumer Cyclical,Auto Manufacturers,N/A,EQUITY,0.0207,3.4,1.464,187.32,0.019701012899709304
2023-09-13,3020.050048828125,3034.89990234375,2985.10009765625,2994.39990234375,2978.346923828125,290774,HEROMOTOCO,Consumer Cyclical,Auto Manufacturers,N/A,EQUITY,0.0207,3.4,1.464,187.32,0.016682792220803683
2023-09-14,3006.800048828125,3028.949951171875,2976.0,2998.39990234375,2982.32568359375,311245,HEROMOTOCO,Consumer Cyclical,Auto Manufacturers,N/A,EQUITY,0.0207,3.4,1.464,187.32,0.01779232230237735
2023-09-15,3014.60009765625,3103.0,3004.949951171875,3064.85009765625,3048.419677734375,949607,HEROMOTOCO,Consumer Cyclical,Auto Manufacturers,N/A,EQUITY,0.0207,3.4,1.464,187.32,0.03262951144656745
2023-09-18,3066.75,3128.0,3038.0,3114.64990234375,3097.952392578125,897322,HEROMOTOCO,Consumer Cyclical,Auto Manufacturers,N/A,EQUITY,0.0207,3.4,1.464,187.32,0.029624753127057275
2023-09-20,3114.60009765625,3132.85009765625,3048.25,3061.85009765625,3045.435546875,575906,HEROMOTOCO,Consumer Cyclical,Auto Manufacturers,N/A,EQUITY,0.0207,3.4,1.464,187.32,0.027753661168293284
2023-09-21,3057.0,3062.949951171875,2990.0,3000.949951171875,2984.862060546875,585566,HEROMOTOCO,Consumer Cyclical,Auto Manufacturers,N/A,EQUITY,0.0207,3.4,1.464,187.32,0.0243979769805602
2023-09-22,3010.0,3040.0,2990.14990234375,3022.699951171875,3006.495361328125,323540,HEROMOTOCO,Consumer Cyclical,Auto Manufacturers,N/A,EQUITY,0.0207,3.4,1.464,187.32,0.01667143764838556
2023-09-25,3015.199951171875,3022.699951171875,2968.39990234375,2974.699951171875,2958.752685546875,408884,HEROMOTOCO,Consumer Cyclical,Auto Manufacturers,N/A,EQUITY,0.0207,3.4,1.464,187.32,0.018292699977941477
2023-09-26,2975.0,3039.0,2970.050048828125,3034.35009765625,3018.0830078125,372568,HEROMOTOCO,Consumer Cyclical,Auto Manufacturers,N/A,EQUITY,0.0207,3.4,1.464,187.32,0.023215080567103634
2023-09-27,3034.0,3034.0,3000.0,3006.35009765625,2990.233154296875,222370,HEROMOTOCO,Consumer Cyclical,Auto Manufacturers,N/A,EQUITY,0.0207,3.4,1.464,187.32,0.011333333333333334
2023-09-28,3006.5,3018.199951171875,2960.050048828125,2970.0,2954.077880859375,331995,HEROMOTOCO,Consumer Cyclical,Auto Manufacturers,N/A,EQUITY,0.0207,3.4,1.464,187.32,0.019644905114618375
2023-09-29,2985.050048828125,3070.0,2972.14990234375,3057.25,3040.860107421875,375842,HEROMOTOCO,Consumer Cyclical,Auto Manufacturers,N/A,EQUITY,0.0207,3.4,1.464,187.32,0.032922329246949586
2023-10-03,3058.0,3064.89990234375,2991.5,3015.60009765625,2999.43359375,387906,HEROMOTOCO,Consumer Cyclical,Auto Manufacturers,N/A,EQUITY,0.0207,3.4,1.464,187.32,0.024536153215360186
2023-10-04,3015.949951171875,3020.0,2976.050048828125,2989.050048828125,2973.02587890625,307263,HEROMOTOCO,Consumer Cyclical,Auto Manufacturers,N/A,EQUITY,0.0207,3.4,1.464,187.32,0.014767880395419127
2023-10-05,3020.0,3048.85009765625,2993.39990234375,3016.64990234375,3000.477783203125,537209,HEROMOTOCO,Consumer Cyclical,Auto Manufacturers,N/A,EQUITY,0.0207,3.4,1.464,187.32,0.01852415217528537
2023-10-06,3040.0,3045.0,3022.5,3038.0,3021.71337890625,180660,HEROMOTOCO,Consumer Cyclical,Auto Manufacturers,N/A,EQUITY,0.0207,3.4,1.464,187.32,0.007444168734491315
2023-10-09,3021.10009765625,3049.949951171875,2923.949951171875,2955.10009765625,2939.2578125,976306,HEROMOTOCO,Consumer Cyclical,Auto Manufacturers,N/A,EQUITY,0.0207,3.4,1.464,187.32,0.043092392860384326
2023-10-10,2975.0,3003.10009765625,2966.0,2976.800048828125,2960.841552734375,467743,HEROMOTOCO,Consumer Cyclical,Auto Manufacturers,N/A,EQUITY,0.0207,3.4,1.464,187.32,0.01250846178565408
2023-10-11,3000.0,3111.0,2987.550048828125,3100.85009765625,3084.2265625,1048795,HEROMOTOCO,Consumer Cyclical,Auto Manufacturers,N/A,EQUITY,0.0207,3.4,1.464,187.32,0.04132146714003958
2023-10-12,3116.949951171875,3132.10009765625,3064.949951171875,3088.25,3071.694091796875,927642,HEROMOTOCO,Consumer Cyclical,Auto Manufacturers,N/A,EQUITY,0.0207,3.4,1.464,187.32,0.021909051551951227
2023-10-13,3084.0,3119.0,3080.050048828125,3098.449951171875,3081.83935546875,374642,HEROMOTOCO,Consumer Cyclical,Auto Manufacturers,N/A,EQUITY,0.0207,3.4,1.464,187.32,0.012645882552036579
2023-10-16,3104.0,3174.300048828125,3099.85009765625,3161.0,3144.053955078125,966651,HEROMOTOCO,Consumer Cyclical,Auto Manufacturers,N/A,EQUITY,0.0207,3.4,1.464,187.32,0.02401727465085021
2023-10-17,3182.10009765625,3187.550048828125,3166.5,3172.949951171875,3155.93994140625,416816,HEROMOTOCO,Consumer Cyclical,Auto Manufacturers,N/A,EQUITY,0.0207,3.4,1.464,187.32,0.006647733721182694
2023-10-18,3170.0,3184.0,3149.0,3153.14990234375,3136.24609375,344063,HEROMOTOCO,Consumer Cyclical,Auto Manufacturers,N/A,EQUITY,0.0207,3.4,1.464,187.32,0.011114639568116862
2023-10-19,3149.5,3275.0,3138.050048828125,3265.85009765625,3248.342041015625,1129769,HEROMOTOCO,Consumer Cyclical,Auto Manufacturers,N/A,EQUITY,0.0207,3.4,1.464,187.32,0.043641735804378794
2023-10-20,3260.0,3265.0,3203.550048828125,3211.25,3194.03466796875,458086,HEROMOTOCO,Consumer Cyclical,Auto Manufacturers,N/A,EQUITY,0.0207,3.4,1.464,187.32,0.019181829606299956
2023-10-23,3205.550048828125,3232.75,3139.449951171875,3149.85009765625,3132.9638671875,313646,HEROMOTOCO,Consumer Cyclical,Auto Manufacturers,N/A,EQUITY,0.0207,3.4,1.464,187.32,0.029718597295458882
2023-10-25,3150.0,3171.0,3090.0,3140.85009765625,3124.01220703125,391029,HEROMOTOCO,Consumer Cyclical,Auto Manufacturers,N/A,EQUITY,0.0207,3.4,1.464,187.32,0.02621359223300971
2023-10-26,3129.0,3130.050048828125,3085.0,3111.949951171875,3095.266845703125,461475,HEROMOTOCO,Consumer Cyclical,Auto Manufacturers,N/A,EQUITY,0.0207,3.4,1.464,187.32,0.014602933169570502
2023-10-27,3125.199951171875,3152.89990234375,3104.050048828125,3112.199951171875,3095.515625,314423,HEROMOTOCO,Consumer Cyclical,Auto Manufacturers,N/A,EQUITY,0.0207,3.4,1.464,187.32,0.0157374567894185
2023-10-30,3112.25,3128.550048828125,3055.0,3110.35009765625,3093.675537109375,265215,HEROMOTOCO,Consumer Cyclical,Auto Manufacturers,N/A,EQUITY,0.0207,3.4,1.464,187.32,0.02407530239873159
2023-10-31,3115.050048828125,3139.60009765625,3080.14990234375,3088.35009765625,3071.79345703125,207132,HEROMOTOCO,Consumer Cyclical,Auto Manufacturers,N/A,EQUITY,0.0207,3.4,1.464,187.32,0.019301072089791187
2023-11-01,3095.949951171875,3144.64990234375,3075.550048828125,3092.449951171875,3075.871337890625,473455,HEROMOTOCO,Consumer Cyclical,Auto Manufacturers,N/A,EQUITY,0.0207,3.4,1.464,187.32,0.022467478148162173
2023-11-02,3139.0,3149.949951171875,3041.5,3052.10009765625,3035.73779296875,1268028,HEROMOTOCO,Consumer Cyclical,Auto Manufacturers,N/A,EQUITY,0.0207,3.4,1.464,187.32,0.035656732261014304
2023-11-03,3085.0,3110.199951171875,3072.050048828125,3089.39990234375,3072.837646484375,411691,HEROMOTOCO,Consumer Cyclical,Auto Manufacturers,N/A,EQUITY,0.0207,3.4,1.464,187.32,0.012418385682975054
2023-11-06,3110.0,3175.25,3095.699951171875,3166.89990234375,3149.92236328125,850503,HEROMOTOCO,Consumer Cyclical,Auto Manufacturers,N/A,EQUITY,0.0207,3.4,1.464,187.32,0.025696950635674943
2023-11-07,3174.949951171875,3181.199951171875,3121.300048828125,3130.25,3113.46875,355269,HEROMOTOCO,Consumer Cyclical,Auto Manufacturers,N/A,EQUITY,0.0207,3.4,1.464,187.32,0.019190690227374678
2023-11-08,3160.300048828125,3166.39990234375,3126.85009765625,3132.10009765625,3115.30908203125,459324,HEROMOTOCO,Consumer Cyclical,Auto Manufacturers,N/A,EQUITY,0.0207,3.4,1.464,187.32,0.012648449222796067
2023-11-09,3145.0,3196.0,3135.0,3173.89990234375,3156.884765625,604807,HEROMOTOCO,Consumer Cyclical,Auto Manufacturers,N/A,EQUITY,0.0207,3.4,1.464,187.32,0.01945773524720893
2023-11-10,3173.85009765625,3179.050048828125,3095.14990234375,3105.199951171875,3088.552978515625,820659,HEROMOTOCO,Consumer Cyclical,Auto Manufacturers,N/A,EQUITY,0.0207,3.4,1.464,187.32,0.02710697353328284
2023-11-13,3102.10009765625,3136.949951171875,3102.10009765625,3118.800048828125,3102.080322265625,386501,HEROMOTOCO,Consumer Cyclical,Auto Manufacturers,N/A,EQUITY,0.0207,3.4,1.464,187.32,0.011234277559887684
2023-11-15,3144.949951171875,3181.60009765625,3130.10009765625,3177.85009765625,3160.813720703125,570652,HEROMOTOCO,Consumer Cyclical,Auto Manufacturers,N/A,EQUITY,0.0207,3.4,1.464,187.32,0.01645314794838736
2023-11-16,3186.0,3299.0,3178.10009765625,3280.050048828125,3262.4658203125,963718,HEROMOTOCO,Consumer Cyclical,Auto Manufacturers,N/A,EQUITY,0.0207,3.4,1.464,187.32,0.03804156528389711
2023-11-17,3289.699951171875,3368.800048828125,3280.050048828125,3334.75,3316.87255859375,947293,HEROMOTOCO,Consumer Cyclical,Auto Manufacturers,N/A,EQUITY,0.0207,3.4,1.464,187.32,0.027057513964370155
2023-11-20,3357.0,3368.0,3315.60009765625,3346.35009765625,3328.410400390625,677714,HEROMOTOCO,Consumer Cyclical,Auto Manufacturers,N/A,EQUITY,0.0207,3.4,1.464,187.32,0.01580404777427493
2023-11-21,3354.949951171875,3395.0,3330.050048828125,3376.5,3358.398681640625,742294,HEROMOTOCO,Consumer Cyclical,Auto Manufacturers,N/A,EQUITY,0.0207,3.4,1.464,187.32,0.019504196699605604
2023-11-22,3387.0,3427.699951171875,3368.800048828125,3413.60009765625,3395.2998046875,775145,HEROMOTOCO,Consumer Cyclical,Auto Manufacturers,N/A,EQUITY,0.0207,3.4,1.464,187.32,0.017483941311458657
2023-11-23,3419.949951171875,3576.0,3419.949951171875,3568.0,3548.8720703125,1726414,HEROMOTOCO,Consumer Cyclical,Auto Manufacturers,N/A,EQUITY,0.0207,3.4,1.464,187.32,0.045629336995020385
2023-11-24,3568.0,3579.800048828125,3532.75,3548.60009765625,3529.576171875,514405,HEROMOTOCO,Consumer Cyclical,Auto Manufacturers,N/A,EQUITY,0.0207,3.4,1.464,187.32,0.0133182503228717
2023-11-28,3560.0,3628.0,3555.050048828125,3622.0,3602.58251953125,659645,HEROMOTOCO,Consumer Cyclical,Auto Manufacturers,N/A,EQUITY,0.0207,3.4,1.464,187.32,0.02052009118575475
2023-11-29,3635.0,3788.14990234375,3625.699951171875,3746.89990234375,3726.81298828125,1561256,HEROMOTOCO,Consumer Cyclical,Auto Manufacturers,N/A,EQUITY,0.0207,3.4,1.464,187.32,0.04480512821237979
2023-11-30,3800.0,3884.5,3782.199951171875,3819.050048828125,3798.576171875,2909100,HEROMOTOCO,Consumer Cyclical,Auto Manufacturers,N/A,EQUITY,0.0207,3.4,1.464,187.32,0.027047763245945895
2023-12-01,3860.0,3865.0,3740.35009765625,3760.0,3739.8427734375,1060628,HEROMOTOCO,Consumer Cyclical,Auto Manufacturers,N/A,EQUITY,0.0207,3.4,1.464,187.32,0.03332573130570242
2023-12-04,3880.0,3880.0,3784.0,3797.10009765625,3776.743896484375,1018705,HEROMOTOCO,Consumer Cyclical,Auto Manufacturers,N/A,EQUITY,0.0207,3.4,1.464,187.32,0.02536997885835095
2023-12-05,3798.0,3825.0,3779.10009765625,3806.75,3786.342041015625,713163,HEROMOTOCO,Consumer Cyclical,Auto Manufacturers,N/A,EQUITY,0.0207,3.4,1.464,187.32,0.01214572283285551
2023-12-06,3785.199951171875,3825.0,3729.550048828125,3761.050048828125,3740.88720703125,672675,HEROMOTOCO,Consumer Cyclical,Auto Manufacturers,N/A,EQUITY,0.0207,3.4,1.464,187.32,0.025592886520417298
2023-12-07,3780.0,3811.949951171875,3761.300048828125,3772.64990234375,3752.4248046875,500651,HEROMOTOCO,Consumer Cyclical,Auto Manufacturers,N/A,EQUITY,0.0207,3.4,1.464,187.32,0.013466062714015741
2023-12-08,3788.0,3802.10009765625,3692.39990234375,3715.75,3695.830078125,779332,HEROMOTOCO,Consumer Cyclical,Auto Manufacturers,N/A,EQUITY,0.0207,3.4,1.464,187.32,0.029709727606391664
2023-12-11,3715.75,3728.64990234375,3683.0,3704.64990234375,3684.789306640625,451738,HEROMOTOCO,Consumer Cyclical,Auto Manufacturers,N/A,EQUITY,0.0207,3.4,1.464,187.32,0.0123947603431306
2023-12-12,3728.0,3793.949951171875,3715.25,3747.14990234375,3727.0615234375,598126,HEROMOTOCO,Consumer Cyclical,Auto Manufacturers,N/A,EQUITY,0.0207,3.4,1.464,187.32,0.021182948972982975
2023-12-13,3740.0,3870.0,3734.800048828125,3863.300048828125,3842.589111328125,1355603,HEROMOTOCO,Consumer Cyclical,Auto Manufacturers,N/A,EQUITY,0.0207,3.4,1.464,187.32,0.036200050713370034
2023-12-14,3878.0,3905.89990234375,3838.5,3883.64990234375,3862.829833984375,1067427,HEROMOTOCO,Consumer Cyclical,Auto Manufacturers,N/A,EQUITY,0.0207,3.4,1.464,187.32,0.01755891685391429
2023-12-15,3939.0,3940.0,3886.14990234375,3896.550048828125,3875.660888671875,924599,HEROMOTOCO,Consumer Cyclical,Auto Manufacturers,N/A,EQUITY,0.0207,3.4,1.464,187.32,0.013856927552839078
2023-12-18,3900.0,3948.60009765625,3884.35009765625,3889.75,3868.897216796875,725829,HEROMOTOCO,Consumer Cyclical,Auto Manufacturers,N/A,EQUITY,0.0207,3.4,1.464,187.32,0.01654073355508489
2023-12-19,3912.800048828125,3914.800048828125,3799.949951171875,3821.85009765625,3801.361328125,560186,HEROMOTOCO,Consumer Cyclical,Auto Manufacturers,N/A,EQUITY,0.0207,3.4,1.464,187.32,0.03022410798353571
2023-12-20,3854.449951171875,3905.89990234375,3788.75,3815.5,3795.045166015625,595832,HEROMOTOCO,Consumer Cyclical,Auto Manufacturers,N/A,EQUITY,0.0207,3.4,1.464,187.32,0.030920462512372154
2023-12-21,3775.050048828125,3867.89990234375,3752.050048828125,3850.14990234375,3829.50927734375,410786,HEROMOTOCO,Consumer Cyclical,Auto Manufacturers,N/A,EQUITY,0.0207,3.4,1.464,187.32,0.03087641476206009
2023-12-22,3870.0,3944.0,3850.14990234375,3935.699951171875,3914.600830078125,573168,HEROMOTOCO,Consumer Cyclical,Auto Manufacturers,N/A,EQUITY,0.0207,3.4,1.464,187.32,0.024375699657595007
2023-12-26,3949.949951171875,4079.0,3935.10009765625,4067.449951171875,4045.64453125,1149831,HEROMOTOCO,Consumer Cyclical,Auto Manufacturers,N/A,EQUITY,0.0207,3.4,1.464,187.32,0.03656829528414206
2023-12-27,4064.0,4096.9501953125,4022.0,4064.300048828125,4042.511474609375,683058,HEROMOTOCO,Consumer Cyclical,Auto Manufacturers,N/A,EQUITY,0.0207,3.4,1.464,187.32,0.018635056020014917
2023-12-28,4064.300048828125,4189.0,4054.14990234375,4173.25,4150.87744140625,1714818,HEROMOTOCO,Consumer Cyclical,Auto Manufacturers,N/A,EQUITY,0.0207,3.4,1.464,187.32,0.03326223768348862
2023-12-29,4176.0,4193.39990234375,4111.5498046875,4139.5498046875,4117.35791015625,383687,HEROMOTOCO,Consumer Cyclical,Auto Manufacturers,N/A,EQUITY,0.0207,3.4,1.464,187.32,0.019907358914376824
2024-01-01,4139.5498046875,4181.39990234375,4085.0,4118.5498046875,4096.47021484375,392408,HEROMOTOCO,Consumer Cyclical,Auto Manufacturers,N/A,EQUITY,0.0207,3.4,1.464,187.32,0.023598507305691553
2024-01-02,4114.0498046875,4118.9501953125,4025.199951171875,4088.199951171875,4066.283203125,507848,HEROMOTOCO,Consumer Cyclical,Auto Manufacturers,N/A,EQUITY,0.0207,3.4,1.464,187.32,0.023290829096162306
2024-01-03,4000.0,4061.949951171875,3971.699951171875,3989.85009765625,3968.460693359375,896596,HEROMOTOCO,Consumer Cyclical,Auto Manufacturers,N/A,EQUITY,0.0207,3.4,1.464,187.32,0.022723267394197583
2024-01-04,3997.5,4006.14990234375,3929.85009765625,3946.949951171875,3925.79052734375,630734,HEROMOTOCO,Consumer Cyclical,Auto Manufacturers,N/A,EQUITY,0.0207,3.4,1.464,187.32,0.019415449137107025
2024-01-05,3960.0,4037.0,3953.75,3990.300048828125,3968.908203125,593042,HEROMOTOCO,Consumer Cyclical,Auto Manufacturers,N/A,EQUITY,0.0207,3.4,1.464,187.32,0.021055959532089788
2024-01-08,4014.89990234375,4050.0,3993.550048828125,4009.5,3988.005126953125,508360,HEROMOTOCO,Consumer Cyclical,Auto Manufacturers,N/A,EQUITY,0.0207,3.4,1.464,187.32,0.014135280760645477
2024-01-09,4047.949951171875,4148.75,4031.10009765625,4112.5,4090.453125,1043602,HEROMOTOCO,Consumer Cyclical,Auto Manufacturers,N/A,EQUITY,0.0207,3.4,1.464,187.32,0.029185557166430485
2024-01-10,4094.199951171875,4177.0,4086.10009765625,4138.0498046875,4115.86572265625,511944,HEROMOTOCO,Consumer Cyclical,Auto Manufacturers,N/A,EQUITY,0.0207,3.4,1.464,187.32,0.022246127155790767
2024-01-11,4175.0,4395.0,4162.0,4342.2001953125,4318.921875,2133475,HEROMOTOCO,Consumer Cyclical,Auto Manufacturers,N/A,EQUITY,0.0207,3.4,1.464,187.32,0.05598270062469966
2024-01-12,4242.64990234375,4395.0,4242.64990234375,4383.14990234375,4359.65185546875,905401,HEROMOTOCO,Consumer Cyclical,Auto Manufacturers,N/A,EQUITY,0.0207,3.4,1.464,187.32,0.035909184392539165
2024-01-15,4383.14990234375,4413.5498046875,4337.14990234375,4372.39990234375,4348.95947265625,490217,HEROMOTOCO,Consumer Cyclical,Auto Manufacturers,N/A,EQUITY,0.0207,3.4,1.464,187.32,0.017615232137230097
2024-01-16,4340.10009765625,4450.0,4340.10009765625,4384.64990234375,4361.14404296875,972808,HEROMOTOCO,Consumer Cyclical,Auto Manufacturers,N/A,EQUITY,0.0207,3.4,1.464,187.32,0.02532197411831547
2024-01-17,4346.0,4430.0,4341.0,4370.85009765625,4347.41796875,443836,HEROMOTOCO,Consumer Cyclical,Auto Manufacturers,N/A,EQUITY,0.0207,3.4,1.464,187.32,0.020502188435844275
2024-01-18,4334.0,4411.64990234375,4296.89990234375,4394.0,4370.44384765625,570816,HEROMOTOCO,Consumer Cyclical,Auto Manufacturers,N/A,EQUITY,0.0207,3.4,1.464,187.32,0.02670529977610357
2024-01-19,4395.0,4440.85009765625,4374.0,4399.75,4376.1630859375,383901,HEROMOTOCO,Consumer Cyclical,Auto Manufacturers,N/A,EQUITY,0.0207,3.4,1.464,187.32,0.015283515696444901
2024-01-23,4401.64990234375,4560.0,4401.64990234375,4444.2001953125,4420.375,1399043,HEROMOTOCO,Consumer Cyclical,Auto Manufacturers,N/A,EQUITY,0.0207,3.4,1.464,187.32,0.03597516866844253
2024-01-24,4429.0,4453.60009765625,4310.89990234375,4433.64990234375,4409.88134765625,596736,HEROMOTOCO,Consumer Cyclical,Auto Manufacturers,N/A,EQUITY,0.0207,3.4,1.464,187.32,0.033102182501365145
2024-01-25,4448.85009765625,4480.0498046875,4378.5,4442.14990234375,4418.3359375,664356,HEROMOTOCO,Consumer Cyclical,Auto Manufacturers,N/A,EQUITY,0.0207,3.4,1.464,187.32,0.023192829664839557
2024-01-29,4448.0,4625.0,4426.35009765625,4593.5,4568.87451171875,418127,HEROMOTOCO,Consumer Cyclical,Auto Manufacturers,N/A,EQUITY,0.0207,3.4,1.464,187.32,0.04487894042744947
2024-01-30,4627.0,4662.0,4580.0498046875,4588.35009765625,4563.751953125,709726,HEROMOTOCO,Consumer Cyclical,Auto Manufacturers,N/A,EQUITY,0.0207,3.4,1.464,187.32,0.0178928611712098
2024-01-31,4567.5,4636.89990234375,4518.14990234375,4621.5498046875,4596.77392578125,645505,HEROMOTOCO,Consumer Cyclical,Auto Manufacturers,N/A,EQUITY,0.0207,3.4,1.464,187.32,0.026282881835859296
2024-02-01,4621.7001953125,4717.85009765625,4575.0,4586.7001953125,4562.11083984375,660378,HEROMOTOCO,Consumer Cyclical,Auto Manufacturers,N/A,EQUITY,0.0207,3.4,1.464,187.32,0.03122406506147541
2024-02-02,4598.0,4769.2998046875,4590.0498046875,4717.2998046875,4692.0107421875,994506,HEROMOTOCO,Consumer Cyclical,Auto Manufacturers,N/A,EQUITY,0.0207,3.4,1.464,187.32,0.03905186384185731
2024-02-05,4720.0,4774.35009765625,4700.0,4746.64990234375,4721.203125,425966,HEROMOTOCO,Consumer Cyclical,Auto Manufacturers,N/A,EQUITY,0.0207,3.4,1.464,187.32,0.015819169714095745
2024-02-06,4746.5498046875,4792.0,4733.0,4783.4501953125,4757.80615234375,261001,HEROMOTOCO,Consumer Cyclical,Auto Manufacturers,N/A,EQUITY,0.0207,3.4,1.464,187.32,0.012465666596239171
2024-02-07,4790.0,4817.25,4730.14990234375,4793.35009765625,4767.6533203125,265821,HEROMOTOCO,Consumer Cyclical,Auto Manufacturers,N/A,EQUITY,0.0207,3.4,1.464,187.32,0.018413813400098088
2024-02-08,4795.9501953125,4824.7001953125,4764.39990234375,4807.89990234375,4782.125,444060,HEROMOTOCO,Consumer Cyclical,Auto Manufacturers,N/A,EQUITY,0.0207,3.4,1.464,187.32,0.012656429813770773
2024-02-09,4840.0,4924.0,4792.10009765625,4908.85009765625,4882.5341796875,718094,HEROMOTOCO,Consumer Cyclical,Auto Manufacturers,N/A,EQUITY,0.0207,3.4,1.464,187.32,0.027524446413016376
2024-02-12,4949.0498046875,4949.0498046875,4627.5498046875,4687.5,4662.37060546875,1321957,HEROMOTOCO,Consumer Cyclical,Auto Manufacturers,N/A,EQUITY,0.0207,3.4,1.464,187.32,0.06947521119585465
2024-02-13,4728.0,4829.85009765625,4706.2998046875,4744.7998046875,4719.36328125,938269,HEROMOTOCO,Consumer Cyclical,Auto Manufacturers,N/A,EQUITY,0.0207,3.4,1.464,187.32,0.02625210847079764
2024-02-14,4707.0,4825.0,4661.10009765625,4814.0498046875,4788.24169921875,735284,HEROMOTOCO,Consumer Cyclical,Auto Manufacturers,N/A,EQUITY,0.0207,3.4,1.464,187.32,0.03516335176456822
2024-02-15,4830.2001953125,4854.7998046875,4787.0498046875,4816.9501953125,4791.126953125,530347,HEROMOTOCO,Consumer Cyclical,Auto Manufacturers,N/A,EQUITY,0.0207,3.4,1.464,187.32,0.014152766894896082
2024-02-16,4830.0,4920.0,4830.0,4894.2998046875,4868.0615234375,848705,HEROMOTOCO,Consumer Cyclical,Auto Manufacturers,N/A,EQUITY,0.0207,3.4,1.464,187.32,0.018633540372670808
2024-02-19,4928.9501953125,4944.0,4843.85009765625,4852.60009765625,4826.58544921875,524294,HEROMOTOCO,Consumer Cyclical,Auto Manufacturers,N/A,EQUITY,0.0207,3.4,1.464,187.32,0.020675681601337877
2024-02-20,4852.60009765625,4882.0,4653.0,4663.35009765625,4638.35009765625,1153742,HEROMOTOCO,Consumer Cyclical,Auto Manufacturers,N/A,EQUITY,0.0207,3.4,1.464,187.32,0.04921555985385773
2024-02-21,4594.64990234375,4619.9501953125,4508.0,4534.85009765625,4534.85009765625,1112050,HEROMOTOCO,Consumer Cyclical,Auto Manufacturers,N/A,EQUITY,0.0207,3.4,1.464,187.32,0.024833672429569655
2024-02-22,4559.9501953125,4578.7998046875,4440.64990234375,4495.14990234375,4495.14990234375,1441798,HEROMOTOCO,Consumer Cyclical,Auto Manufacturers,N/A,EQUITY,0.0207,3.4,1.464,187.32,0.031110289120255857
2024-02-23,4535.0,4604.9501953125,4485.10009765625,4519.25,4519.25,819122,HEROMOTOCO,Consumer Cyclical,Auto Manufacturers,N/A,EQUITY,0.0207,3.4,1.464,187.32,0.026721833414348833
2024-02-26,4523.9501953125,4530.0,4470.14990234375,4496.10009765625,4496.10009765625,605090,HEROMOTOCO,Consumer Cyclical,Auto Manufacturers,N/A,EQUITY,0.0207,3.4,1.464,187.32,0.013388834594757084
2024-02-27,4501.7998046875,4519.0,4408.0,4430.0498046875,4430.0498046875,830187,HEROMOTOCO,Consumer Cyclical,Auto Manufacturers,N/A,EQUITY,0.0207,3.4,1.464,187.32,0.025181488203266787
2024-02-28,4440.0,4459.2001953125,4349.0498046875,4375.0498046875,4375.0498046875,569688,HEROMOTOCO,Consumer Cyclical,Auto Manufacturers,N/A,EQUITY,0.0207,3.4,1.464,187.32,0.025327461301150777
2024-02-29,4379.0,4454.0,4350.0,4426.5,4426.5,1548190,HEROMOTOCO,Consumer Cyclical,Auto Manufacturers,N/A,EQUITY,0.0207,3.4,1.464,187.32,0.023908045977011495
2024-03-01,4459.89990234375,4525.0,4450.0,4507.10009765625,4507.10009765625,510674,HEROMOTOCO,Consumer Cyclical,Auto Manufacturers,N/A,EQUITY,0.0207,3.4,1.464,187.32,0.016853932584269662
2024-03-04,4589.9501953125,4630.0,4563.0,4611.7001953125,4611.7001953125,570306,HEROMOTOCO,Consumer Cyclical,Auto Manufacturers,N/A,EQUITY,0.0207,3.4,1.464,187.32,0.014683322375630067
2024-03-05,4611.64990234375,4644.75,4571.85009765625,4590.0,4590.0,442519,HEROMOTOCO,Consumer Cyclical,Auto Manufacturers,N/A,EQUITY,0.0207,3.4,1.464,187.32,0.015945383332039254
2024-03-06,4580.0,4649.0,4536.10009765625,4635.2998046875,4635.2998046875,353334,HEROMOTOCO,Consumer Cyclical,Auto Manufacturers,N/A,EQUITY,0.0207,3.4,1.464,187.32,0.024889199954402256
2024-03-07,4650.0,4704.0,4620.7998046875,4652.89990234375,4652.89990234375,684934,HEROMOTOCO,Consumer Cyclical,Auto Manufacturers,N/A,EQUITY,0.0207,3.4,1.464,187.32,0.018005583195380773
2024-03-11,4700.0,4725.0,4600.5498046875,4671.7001953125,4671.7001953125,644170,HEROMOTOCO,Consumer Cyclical,Auto Manufacturers,N/A,EQUITY,0.0207,3.4,1.464,187.32,0.027051157056423497
2024-03-12,4666.2998046875,4697.0,4633.0,4658.89990234375,4658.89990234375,312738,HEROMOTOCO,Consumer Cyclical,Auto Manufacturers,N/A,EQUITY,0.0207,3.4,1.464,187.32,0.013813943449169004
2024-03-13,4646.0,4686.75,4476.5498046875,4512.10009765625,4512.10009765625,700123,HEROMOTOCO,Consumer Cyclical,Auto Manufacturers,N/A,EQUITY,0.0207,3.4,1.464,187.32,0.04695584869677859
2024-03-14,4455.0,4682.14990234375,4455.0,4675.2998046875,4675.2998046875,708629,HEROMOTOCO,Consumer Cyclical,Auto Manufacturers,N/A,EQUITY,0.0207,3.4,1.464,187.32,0.050987632400392814
2024-03-15,4655.0,4680.85009765625,4500.64990234375,4585.2998046875,4585.2998046875,1278695,HEROMOTOCO,Consumer Cyclical,Auto Manufacturers,N/A,EQUITY,0.0207,3.4,1.464,187.32,0.04003870534756753
2024-03-18,4560.5,4582.5,4527.5498046875,4554.2001953125,4554.2001953125,232124,HEROMOTOCO,Consumer Cyclical,Auto Manufacturers,N/A,EQUITY,0.0207,3.4,1.464,187.32,0.012136850544550281
2024-03-19,4554.0,4597.60009765625,4509.60009765625,4541.75,4541.75,388757,HEROMOTOCO,Consumer Cyclical,Auto Manufacturers,N/A,EQUITY,0.0207,3.4,1.464,187.32,0.019513925424503996
2024-03-20,4542.0,4588.9501953125,4480.0,4510.4501953125,4510.4501953125,418716,HEROMOTOCO,Consumer Cyclical,Auto Manufacturers,N/A,EQUITY,0.0207,3.4,1.464,187.32,0.024319240025111606
2024-03-21,4527.7998046875,4545.0,4445.2001953125,4519.89990234375,4519.89990234375,633619,HEROMOTOCO,Consumer Cyclical,Auto Manufacturers,N/A,EQUITY,0.0207,3.4,1.464,187.32,0.022451138374541536
2024-03-22,4538.7998046875,4736.35009765625,4517.60009765625,4684.0,4684.0,902115,HEROMOTOCO,Consumer Cyclical,Auto Manufacturers,N/A,EQUITY,0.0207,3.4,1.464,187.32,0.04842172730461212
2024-03-26,4684.0,4724.5498046875,4633.5498046875,4671.14990234375,4671.14990234375,551123,HEROMOTOCO,Consumer Cyclical,Auto Manufacturers,N/A,EQUITY,0.0207,3.4,1.464,187.32,0.019639370209842237
2024-03-27,4692.0,4698.0,4560.0,4572.5498046875,4572.5498046875,693528,HEROMOTOCO,Consumer Cyclical,Auto Manufacturers,N/A,EQUITY,0.0207,3.4,1.464,187.32,0.030263157894736843
2024-03-28,4604.0,4750.0,4583.2001953125,4722.2998046875,4722.2998046875,1086607,HEROMOTOCO,Consumer Cyclical,Auto Manufacturers,N/A,EQUITY,0.0207,3.4,1.464,187.32,0.036393741835256434
2024-04-01,4740.0,4779.75,4662.10009765625,4680.75,4680.75,664163,HEROMOTOCO,Consumer Cyclical,Auto Manufacturers,N/A,EQUITY,0.0207,3.4,1.464,187.32,0.025235387460448445
2024-04-02,4650.0,4685.4501953125,4522.0,4560.7998046875,4560.7998046875,1342779,HEROMOTOCO,Consumer Cyclical,Auto Manufacturers,N/A,EQUITY,0.0207,3.4,1.464,187.32,0.03614555402753206
2024-04-03,4584.89990234375,4603.25,4526.5,4557.2001953125,4557.2001953125,681469,HEROMOTOCO,Consumer Cyclical,Auto Manufacturers,N/A,EQUITY,0.0207,3.4,1.464,187.32,0.016955705291063737
2024-04-04,4585.0,4590.0,4462.75,4522.9501953125,4522.9501953125,1378250,HEROMOTOCO,Consumer Cyclical,Auto Manufacturers,N/A,EQUITY,0.0207,3.4,1.464,187.32,0.028513808750210073
2024-04-05,4480.5,4565.60009765625,4468.35009765625,4524.89990234375,4524.89990234375,605460,HEROMOTOCO,Consumer Cyclical,Auto Manufacturers,N/A,EQUITY,0.0207,3.4,1.464,187.32,0.021764185409511624
2024-04-08,4540.0,4608.85009765625,4525.10009765625,4595.10009765625,4595.10009765625,711580,HEROMOTOCO,Consumer Cyclical,Auto Manufacturers,N/A,EQUITY,0.0207,3.4,1.464,187.32,0.018507877879514276
2024-04-09,4615.0,4673.25,4505.0,4521.7001953125,4521.7001953125,945922,HEROMOTOCO,Consumer Cyclical,Auto Manufacturers,N/A,EQUITY,0.0207,3.4,1.464,187.32,0.03734739178690344
2024-04-10,4551.7001953125,4551.7001953125,4475.89990234375,4494.89990234375,4494.89990234375,515061,HEROMOTOCO,Consumer Cyclical,Auto Manufacturers,N/A,EQUITY,0.0207,3.4,1.464,187.32,0.01693520735998991
2024-04-12,4509.0,4522.7998046875,4431.0,4440.7998046875,4440.7998046875,438331,HEROMOTOCO,Consumer Cyclical,Auto Manufacturers,N/A,EQUITY,0.0207,3.4,1.464,187.32,0.020717626875987362
2024-04-15,4430.0,4440.5498046875,4368.9501953125,4381.2001953125,4381.2001953125,645166,HEROMOTOCO,Consumer Cyclical,Auto Manufacturers,N/A,EQUITY,0.0207,3.4,1.464,187.32,0.01638828692801765
2024-04-16,4344.0,4446.4501953125,4288.0498046875,4322.89990234375,4322.89990234375,719918,HEROMOTOCO,Consumer Cyclical,Auto Manufacturers,N/A,EQUITY,0.0207,3.4,1.464,187.32,0.0369399605507949
2024-04-18,4358.0,4398.64990234375,4231.60009765625,4251.2998046875,4251.2998046875,1103254,HEROMOTOCO,Consumer Cyclical,Auto Manufacturers,N/A,EQUITY,0.0207,3.4,1.464,187.32,0.039476746581044754
2024-04-19,4251.25,4251.25,4168.14990234375,4213.7001953125,4213.7001953125,674079,HEROMOTOCO,Consumer Cyclical,Auto Manufacturers,N/A,EQUITY,0.0207,3.4,1.464,187.32,0.019936926358987913
2024-04-22,4239.85009765625,4335.0,4206.89990234375,4311.89990234375,4311.89990234375,619635,HEROMOTOCO,Consumer Cyclical,Auto Manufacturers,N/A,EQUITY,0.0207,3.4,1.464,187.32,0.03044999896120248
2024-04-23,4338.0,4368.89990234375,4286.89990234375,4345.0498046875,4345.0498046875,547228,HEROMOTOCO,Consumer Cyclical,Auto Manufacturers,N/A,EQUITY,0.0207,3.4,1.464,187.32,0.019128041677662837
2024-04-24,4360.0,4405.35009765625,4335.10009765625,4393.35009765625,4393.35009765625,658601,HEROMOTOCO,Consumer Cyclical,Auto Manufacturers,N/A,EQUITY,0.0207,3.4,1.464,187.32,0.016204931470436012
2024-04-25,4401.0,4515.0,4366.89990234375,4498.2998046875,4498.2998046875,1103462,HEROMOTOCO,Consumer Cyclical,Auto Manufacturers,N/A,EQUITY,0.0207,3.4,1.464,187.32,0.033914241445461915
2024-04-26,4510.25,4540.7998046875,4466.4501953125,4491.60009765625,4491.60009765625,497777,HEROMOTOCO,Consumer Cyclical,Auto Manufacturers,N/A,EQUITY,0.0207,3.4,1.464,187.32,0.016646241673763485
2024-04-29,4530.0,4530.0,4445.60009765625,4457.7001953125,4457.7001953125,590104,HEROMOTOCO,Consumer Cyclical,Auto Manufacturers,N/A,EQUITY,0.0207,3.4,1.464,187.32,0.018985041499402115
2024-04-30,4465.0,4588.2001953125,4465.0,4543.0498046875,4543.0498046875,828084,HEROMOTOCO,Consumer Cyclical,Auto Manufacturers,N/A,EQUITY,0.0207,3.4,1.464,187.32,0.02759242896136618
2024-05-02,4625.0,4625.0,4551.2998046875,4561.5,4561.5,808478,HEROMOTOCO,Consumer Cyclical,Auto Manufacturers,N/A,EQUITY,0.0207,3.4,1.464,187.32,0.016193219184680887
2024-05-03,4577.5,4579.9501953125,4516.85009765625,4552.75,4552.75,347594,HEROMOTOCO,Consumer Cyclical,Auto Manufacturers,N/A,EQUITY,0.0207,3.4,1.464,187.32,0.013969933978768088
2024-05-06,4571.9501953125,4582.7001953125,4465.5,4509.75,4509.75,241049,HEROMOTOCO,Consumer Cyclical,Auto Manufacturers,N/A,EQUITY,0.0207,3.4,1.464,187.32,0.026245704918262232
2024-05-07,4528.9501953125,4534.4501953125,4432.2001953125,4476.75,4476.75,456294,HEROMOTOCO,Consumer Cyclical,Auto Manufacturers,N/A,EQUITY,0.0207,3.4,1.464,187.32,0.02306980630255369
2024-05-08,4492.64990234375,4662.0,4414.64990234375,4613.89990234375,4613.89990234375,1313834,HEROMOTOCO,Consumer Cyclical,Auto Manufacturers,N/A,EQUITY,0.0207,3.4,1.464,187.32,0.05602938016102503
2024-05-09,4655.0,4922.0,4633.85009765625,4764.89990234375,4764.89990234375,3589872,HEROMOTOCO,Consumer Cyclical,Auto Manufacturers,N/A,EQUITY,0.0207,3.4,1.464,187.32,0.062183690941900134
2024-05-10,4788.60009765625,4954.35009765625,4774.7998046875,4877.39990234375,4877.39990234375,1520297,HEROMOTOCO,Consumer Cyclical,Auto Manufacturers,N/A,EQUITY,0.0207,3.4,1.464,187.32,0.037603732159091255
2024-05-13,4908.0,4909.9501953125,4730.60009765625,4885.5498046875,4885.5498046875,624906,HEROMOTOCO,Consumer Cyclical,Auto Manufacturers,N/A,EQUITY,0.0207,3.4,1.464,187.32,0.037912758202729505
2024-05-14,4914.89990234375,5051.0,4905.0498046875,5043.4501953125,5043.4501953125,1335266,HEROMOTOCO,Consumer Cyclical,Auto Manufacturers,N/A,EQUITY,0.0207,3.4,1.464,187.32,0.02975508937198212
2024-05-15,5058.0,5103.0,5020.75,5057.2998046875,5057.2998046875,882851,HEROMOTOCO,Consumer Cyclical,Auto Manufacturers,N/A,EQUITY,0.0207,3.4,1.464,187.32,0.016382014639247124
2024-05-16,5064.9501953125,5154.9501953125,5041.7001953125,5141.35009765625,5141.35009765625,1296732,HEROMOTOCO,Consumer Cyclical,Auto Manufacturers,N/A,EQUITY,0.0207,3.4,1.464,187.32,0.022462660533701256
2024-05-17,5135.0,5168.60009765625,5072.85009765625,5089.2001953125,5089.2001953125,609690,HEROMOTOCO,Consumer Cyclical,Auto Manufacturers,N/A,EQUITY,0.0207,3.4,1.464,187.32,0.018874991012298642
2024-05-21,5075.0,5122.7998046875,5029.25,5053.85009765625,5053.85009765625,480490,HEROMOTOCO,Consumer Cyclical,Auto Manufacturers,N/A,EQUITY,0.0207,3.4,1.464,187.32,0.018601144243674504
2024-05-22,5050.0,5067.9501953125,4965.0,4995.9501953125,4995.9501953125,422368,HEROMOTOCO,Consumer Cyclical,Auto Manufacturers,N/A,EQUITY,0.0207,3.4,1.464,187.32,0.020735185360020142
2024-05-23,5000.0,5155.4501953125,4963.0498046875,5145.2001953125,5145.2001953125,644911,HEROMOTOCO,Consumer Cyclical,Auto Manufacturers,N/A,EQUITY,0.0207,3.4,1.464,187.32,0.03876656455135343
2024-05-24,5105.10009765625,5198.14990234375,5080.0498046875,5118.2998046875,5118.2998046875,458258,HEROMOTOCO,Consumer Cyclical,Auto Manufacturers,N/A,EQUITY,0.0207,3.4,1.464,187.32,0.02324782279639775
2024-05-27,5126.0,5128.7998046875,5050.0,5083.89990234375,5083.89990234375,380940,HEROMOTOCO,Consumer Cyclical,Auto Manufacturers,N/A,EQUITY,0.0207,3.4,1.464,187.32,0.01560392172029703
2024-05-28,5084.9501953125,5225.0,5045.0,5183.9501953125,5183.9501953125,727224,HEROMOTOCO,Consumer Cyclical,Auto Manufacturers,N/A,EQUITY,0.0207,3.4,1.464,187.32,0.035678889990089196
2024-05-29,5171.0498046875,5202.14990234375,5106.0498046875,5143.75,5143.75,409279,HEROMOTOCO,Consumer Cyclical,Auto Manufacturers,N/A,EQUITY,0.0207,3.4,1.464,187.32,0.01882083045254031
2024-05-30,5129.0,5186.9501953125,5094.7001953125,5136.0,5136.0,457454,HEROMOTOCO,Consumer Cyclical,Auto Manufacturers,N/A,EQUITY,0.0207,3.4,1.464,187.32,0.01810705173287268
2024-05-31,5175.0,5189.9501953125,5003.5,5119.60009765625,5119.60009765625,1905070,HEROMOTOCO,Consumer Cyclical,Auto Manufacturers,N/A,EQUITY,0.0207,3.4,1.464,187.32,0.037263954294493855
2024-06-03,5280.0,5314.0,5154.60009765625,5160.60009765625,5160.60009765625,962485,HEROMOTOCO,Consumer Cyclical,Auto Manufacturers,N/A,EQUITY,0.0207,3.4,1.464,187.32,0.030923815489823876
2024-06-04,5165.0,5349.0,4920.25,5310.7001953125,5310.7001953125,1945233,HEROMOTOCO,Consumer Cyclical,Auto Manufacturers,N/A,EQUITY,0.0207,3.4,1.464,187.32,0.08713988110360246
2024-06-05,5315.0,5775.2001953125,5315.0,5658.5,5658.5,2058534,HEROMOTOCO,Consumer Cyclical,Auto Manufacturers,N/A,EQUITY,0.0207,3.4,1.464,187.32,0.08658517315380997
2024-06-06,5655.10009765625,5735.4501953125,5472.35009765625,5534.25,5534.25,1498100,HEROMOTOCO,Consumer Cyclical,Auto Manufacturers,N/A,EQUITY,0.0207,3.4,1.464,187.32,0.04807808216965742
2024-06-07,5583.89990234375,5637.39990234375,5538.0,5581.85009765625,5581.85009765625,637134,HEROMOTOCO,Consumer Cyclical,Auto Manufacturers,N/A,EQUITY,0.0207,3.4,1.464,187.32,0.01794870031486999
2024-06-10,5585.0,5785.0,5581.0498046875,5722.2001953125,5722.2001953125,1018162,HEROMOTOCO,Consumer Cyclical,Auto Manufacturers,N/A,EQUITY,0.0207,3.4,1.464,187.32,0.03654333905803942
2024-06-11,5730.0,5846.39990234375,5705.0,5786.60009765625,5786.60009765625,1015127,HEROMOTOCO,Consumer Cyclical,Auto Manufacturers,N/A,EQUITY,0.0207,3.4,1.464,187.32,0.024785258955959684
2024-06-12,5800.0,5859.0,5776.60009765625,5790.2001953125,5790.2001953125,668529,HEROMOTOCO,Consumer Cyclical,Auto Manufacturers,N/A,EQUITY,0.0207,3.4,1.464,187.32,0.014264429067399395
2024-06-13,5820.2001953125,5840.0,5731.0,5816.0,5816.0,547596,HEROMOTOCO,Consumer Cyclical,Auto Manufacturers,N/A,EQUITY,0.0207,3.4,1.464,187.32,0.019019368347583318
2024-06-14,5823.0,5864.75,5761.60009765625,5804.2001953125,5804.2001953125,573273,HEROMOTOCO,Consumer Cyclical,Auto Manufacturers,N/A,EQUITY,0.0207,3.4,1.464,187.32,0.017902995798981285
2024-06-18,5824.0,5894.5498046875,5736.7001953125,5754.85009765625,5754.85009765625,527069,HEROMOTOCO,Consumer Cyclical,Auto Manufacturers,N/A,EQUITY,0.0207,3.4,1.464,187.32,0.027515750170103027
2024-06-19,5774.7998046875,5779.7998046875,5625.0,5647.7001953125,5647.7001953125,447054,HEROMOTOCO,Consumer Cyclical,Auto Manufacturers,N/A,EQUITY,0.0207,3.4,1.464,187.32,0.027519965277777777
2024-06-20,5669.0,5669.0,5496.0,5504.60009765625,5504.60009765625,840321,HEROMOTOCO,Consumer Cyclical,Auto Manufacturers,N/A,EQUITY,0.0207,3.4,1.464,187.32,0.03147743813682678
2024-06-21,5481.0,5615.0,5432.0,5452.0,5452.0,669719,HEROMOTOCO,Consumer Cyclical,Auto Manufacturers,N/A,EQUITY,0.0207,3.4,1.464,187.32,0.03368924889543446
2024-06-24,5390.0,5534.0,5390.0,5524.4501953125,5524.4501953125,464982,HEROMOTOCO,Consumer Cyclical,Auto Manufacturers,N/A,EQUITY,0.0207,3.4,1.464,187.32,0.02671614100185529
2024-06-25,5565.89990234375,5579.85009765625,5473.4501953125,5510.0,5510.0,1118588,HEROMOTOCO,Consumer Cyclical,Auto Manufacturers,N/A,EQUITY,0.0207,3.4,1.464,187.32,0.019439274780443164
2024-06-26,5529.0,5544.0,5428.0,5453.0,5453.0,384494,HEROMOTOCO,Consumer Cyclical,Auto Manufacturers,N/A,EQUITY,0.0207,3.4,1.464,187.32,0.021370670596904937
2024-06-27,5459.89990234375,5510.0,5421.0,5485.2001953125,5485.2001953125,874237,HEROMOTOCO,Consumer Cyclical,Auto Manufacturers,N/A,EQUITY,0.0207,3.4,1.464,187.32,0.016417635122671095
2024-06-28,5500.0,5605.25,5452.10009765625,5579.60009765625,5579.60009765625,539635,HEROMOTOCO,Consumer Cyclical,Auto Manufacturers,N/A,EQUITY,0.0207,3.4,1.464,187.32,0.028090075310536963
2024-07-01,5595.0,5728.2998046875,5585.0,5603.10009765625,5603.10009765625,1018344,HEROMOTOCO,Consumer Cyclical,Auto Manufacturers,N/A,EQUITY,0.0207,3.4,1.464,187.32,0.02565797756266786
2024-07-02,5670.0,5674.0,5500.0,5567.10009765625,5567.10009765625,689851,HEROMOTOCO,Consumer Cyclical,Auto Manufacturers,N/A,EQUITY,0.0207,3.4,1.464,187.32,0.031636363636363636
2024-07-03,5599.89990234375,5627.9501953125,5553.0498046875,5579.75,5579.75,329072,HEROMOTOCO,Consumer Cyclical,Auto Manufacturers,N/A,EQUITY,0.0207,3.4,1.464,187.32,0.01348815394412171
